0 -0.00743846 -0.0935631 -0.0458849 0.0464839
0.01 -0.0127619 0.0212449 -0.0450583 0.0468307
0.02 -0.00339089 -0.0960674 0.00555385 0.00650718
0.03 0.0103713 0.043249 -0.00709798 0.0125677
0.04 0.00730609 -0.0312272 0.0122526 0.0142655
0.05 -0.00112236 0.089982 -0.0192724 0.019305
0.06 -0.00415015 0.0339819 -0.000213074 0.00415561
0.07 0.0109584 0.0380372 -0.0258012 0.0280319
0.08 -0.00528989 0.079241 -0.0574998 0.0577426
0.09 -0.00876144 0.0548438 -0.0194071 0.0212932
0.1 0.00152318 -0.152606 -0.0070169 0.00718032
0.11 -0.0108469 -0.100014 0.00597055 0.0123816
0.12 -0.00626169 0.0439476 -0.0259787 0.0267227
0.13 -0.00420044 0.0476071 0.0126492 0.0133284
0.14 -0.0004349 -0.017251 -0.0517239 0.0517257
0.15 -0.0123947 -0.00581252 -0.0130205 0.0179767
0.16 -0.00914781 0.0412243 -0.0125678 0.0155445
0.17 -0.011416 -0.0594896 -0.0201478 0.0231572
0.18 -0.00669311 0.00426656 0.0262282 0.0270687
0.19 0.00760567 -0.00908693 -0.0131465 0.015188
0.2 -0.00927815 0.0148003 -0.0326808 0.0339723
0.21 -0.000151617 -0.0400535 -0.0134648 0.0134657
0.22 0.00561098 0.0369259 -0.0261457 0.026741
0.23 -0.00571122 0.0482432 -0.0196431 0.0204565
0.24 -0.00714665 -0.178753 -0.0204138 0.0216286
0.25 0.00762743 0.0403736 -0.00645426 0.00999175
0.26 0.000894253 -0.00934422 0.0127919 0.0128232
0.27 0.00367811 0.0289606 -0.0064913 0.00746093
0.28 -0.00125421 0.0233206 0.031741 0.0317657
0.29 -0.0146936 -0.040311 -0.00627102 0.0159758
0.3 0.00702368 0.0273867 0.0124725 0.0143141
0.31 -0.000839063 0.10303 0.00718469 0.00723352
0.32 0.00318137 0.0559764 -0.0192892 0.0195498
0.33 0.00276768 0.154787 -0.0123858 0.0126913
0.34 -0.000875451 0.0364881 0.0063035 0.00636401
0.35 -0.000486987 0.0139731 -0.0450781 0.0450808
0.36 -0.000687101 0.0404707 0.00676943 0.00680421
0.37 -0.00408336 0.0424788 -0.0190053 0.019439
0.38 0.000358266 0.00896631 -0.0196657 0.019669
0.39 0.0112128 0.0294787 -0.052396 0.0535823
0.4 -0.00396258 -0.0151425 -0.000803226 0.00404317
0.41 -0.0010723 -0.0169686 -0.0457767 0.0457893
0.42 -0.011288 -0.0193903 -0.000551148 0.0113015
0.43 -0.00742687 -0.0310402 -0.0320536 0.0329027
0.44 0.00694588 0.0497112 0.00593361 0.00913526
0.45 -0.0178826 -0.140741 -0.0135732 0.0224504
0.46 0.0107836 0.0297754 0.0121599 0.0162526
0.47 -0.011245 -0.0733821 -0.0133944 0.0174889
0.48 5.80866e-05 0.000198496 -0.0259824 0.0259825
0.49 -0.0147897 -0.0306611 -0.0328943 0.0360662
0.5 0.00265703 0.149982 0.00690198 0.00739575
0.51 -0.00210049 0.0459256 0.000111368 0.00210344
0.52 -0.0108395 -0.153928 -0.039528 0.0409873
0.53 -0.0189888 -0.144601 -0.0460766 0.049836
0.54 0.00286842 0.0247626 -0.02574 0.0258994
0.55 0.000149187 0.00470631 -0.0200639 0.0200644
0.56 0.00696909 0.0138345 -0.0135379 0.0152264
0.57 -0.00454385 -0.0281549 -0.0131469 0.0139099
0.58 -0.00823825 0.0140873 0.0129133 0.0153174
0.59 -0.00890912 0.0410105 -0.0258374 0.0273303
0.6 0.00705465 0.0494755 -0.0132378 0.0150003
0.61 -0.000630639 0.0317044 -0.0133902 0.013405
0.62 -0.00506406 0.0922318 -0.00617407 0.00798523
0.63 -0.00622328 -0.0674792 0.012505 0.0139679
0.64 0.0034183 0.0157059 -0.0128272 0.0132749
0.65 0.0103081 0.141287 -0.0386996 0.0400489
0.66 0.00367215 -0.00620493 -0.0328416 0.0330463
0.67 0.000178177 -0.0225486 -0.0262787 0.0262793
0.68 -0.00441812 0.0163518 -0.0194432 0.0199388
0.69 -0.00363552 -0.0243412 -0.000462623 0.00366484
0.7 -0.00579547 0.17775 -0.00587712 0.00825397
0.71 -0.00940987 0.0191663 -0.0393345 0.0404444
0.72 -0.00379142 0.0825222 0.0391491 0.0393323
0.73 -0.0111775 -0.0598645 -0.00716438 0.0132764
0.74 0.0108535 0.0381105 -0.0389468 0.0404308
0.75 -0.00190776 0.0282243 -0.0198167 0.0199083
0.76 0.00487731 0.104212 -0.0454056 0.0456668
0.77 -0.00239408 -0.136889 -0.0328805 0.0329676
0.78 -0.0123597 -0.00164493 -0.0385726 0.0405044
0.79 -0.000191612 0.0180231 -0.0325786 0.0325791
0.8 -0.00474321 0.105362 -0.0318821 0.032233
0.81 0.00824395 0.0264421 0.0193853 0.0210654
0.82 0.00627139 -0.0389877 -0.0591977 0.0595289
0.83 0.00199371 0.0879748 -0.0577327 0.0577671
0.84 -0.00485655 0.0433854 -0.00683195 0.00838223
0.85 0.000969643 -0.0311654 -0.0259999 0.026018
0.86 0.00747906 0.0450956 0.0127339 0.0147678
0.87 -0.0148027 -0.115965 -0.0392752 0.0419721
0.88 -0.00630324 0.0753005 -0.00679944 0.00927163
0.89 -0.00119259 0.0365482 -0.00688265 0.00698521
0.9 -0.0123467 0.00744833 -0.0318613 0.03417
0.91 0.00799937 -0.0536282 -0.00727449 0.0108124
0.92 -0.00029124 -0.00439307 0.00657747 0.00658391
0.93 -0.00518109 -0.0145009 -0.0389186 0.039262
0.94 0.00065709 0.00438251 -0.00676933 0.00680114
0.95 -0.00446467 -0.0371278 -0.0131853 0.0139206
0.96 -0.00931059 0.113063 -0.00042138 0.00932012
0.97 0.014879 0.018234 -0.0265481 0.0304333
0.98 -0.00547073 0.0210017 -0.0258191 0.0263924
0.99 0.00400301 0.0200846 -8.67168e-05 0.00400395
1 -0.00383332 -0.0111771 -0.0257464 0.0260302
1.01 -0.0178348 0.144912 -0.0256508 0.0312417
1.02 0.00676793 0.0141306 -0.0524341 0.052869
1.03 0.011276 0.00230674 -0.0522078 0.0534116
1.04 -0.013151 0.0307494 -0.0647465 0.0660686
1.05 0.00795201 -0.0136013 -0.0387692 0.0395763
1.06 0.00753471 0.0269009 -0.00654996 0.00998368
1.07 0.00155288 0.0257487 -0.00701129 0.0071812
1.08 0.000156164 0.00910172 -0.0323082 0.0323086
1.09 -0.00132971 -0.0344697 -0.0524727 0.0524895
1.1 -0.00937599 0.0419088 -0.0644067 0.0650856
1.11 0.0155233 0.0532779 -0.0323979 0.0359249
1.12 -0.0173275 0.0462226 -0.0258787 0.031144
1.13 -0.00299457 -0.0207219 -0.0455427 0.045641
1.14 0.0153425 0.0176785 -0.00705646 0.0168874
1.15 -0.00714231 -0.0712817 -0.013831 0.0155663
1.16 -0.00521237 -0.0281178 -0.0459197 0.0462145
1.17 -0.0118532 -0.0190637 -0.0643916 0.0654734
1.18 0.00344959 0.016112 -0.000360832 0.00346841
1.19 0.00609758 0.00601859 -0.0464309 0.0468296
1.2 -0.010038 0.108858 -0.0255345 0.0274367
1.21 -0.00313665 -0.011281 -0.0325374 0.0326883
1.22 0.00807077 -0.0270604 -0.0388267 0.0396567
1.23 -0.000993666 0.0538705 0.000657098 0.00119128
1.24 -0.00369683 -0.0466756 -0.0134742 0.0139721
1.25 0.00267887 0.0476459 -0.00704843 0.00754034
1.26 -0.000687505 0.0272796 -0.0129063 0.0129246
1.27 -0.000322618 0.0271083 0.0131548 0.0131588
1.28 -0.000749827 -0.044238 -0.0326754 0.032684
1.29 -0.0124265 0.0124977 -0.0261196 0.0289249
1.3 -0.000921658 -0.00345854 -0.045408 0.0454173
1.31 -0.00824089 0.00530358 -0.0326579 0.0336816
1.32 -0.0106304 -0.0778658 -0.0135673 0.0172359
1.33 -0.00458855 0.150436 0.00660242 0.00804032
1.34 0.0153892 -0.0316158 -0.000941497 0.015418
1.35 0.000413578 0.0266028 -0.0256123 0.0256156
1.36 -0.0018377 0.0682862 -0.000489949 0.00190189
1.37 -0.0152609 -0.0440697 -0.0381539 0.0410927
1.38 -0.0118928 0.0119456 -0.0261371 0.0287156
1.39 0.010805 0.0114974 -0.0135288 0.017314
1.4 -0.00134455 0.0991074 -0.00646739 0.00660568
1.41 0.00709208 0.0984192 -0.00613693 0.00937867
1.42 -0.0119393 0.0118965 -0.0127566 0.0174722
1.43 0.00265684 0.0566566 -0.00673694 0.0072419
1.44 0.00246603 0.0342806 -0.000509305 0.00251807
1.45 -0.00426513 0.00297582 -0.0130984 0.0137753
1.46 -0.0033023 -0.0154701 -0.0128821 0.0132987
1.47 -0.0162691 0.0275545 8.81166e-05 0.0162694
1.48 -0.00521786 -0.00106968 -0.0195812 0.0202645
1.49 -0.00975295 0.161962 -0.0188083 0.0211866
1.5 -0.00125566 0.0544522 -0.0324474 0.0324717
1.51 -0.00411971 -0.00142322 -0.026225 0.0265466
1.52 0.00671004 -0.0394774 -0.0587103 0.0590925
1.53 -0.00511563 0.0568547 -0.051464 0.0517176
1.54 -0.0112973 -0.0955885 -0.0138693 0.0178882
1.55 0.0103856 0.0471392 -0.0325823 0.0341975
1.56 0.0042962 -0.00238886 -0.0258268 0.0261817
1.57 -0.00457297 0.0246868 -0.0256691 0.0260732
1.58 0.000728112 -0.0625361 -0.0257075 0.0257179
1.59 0.00747757 0.0268629 -0.00682306 0.0101227
1.6 -0.00597541 -0.183511 -0.0206751 0.0215213
1.61 -0.00442627 0.0119766 -0.0323373 0.0326389
1.62 -0.00822619 0.0450247 -0.0448025 0.0455514
1.63 -0.0126344 0.048153 -0.0451375 0.0468723
1.64 -0.00216052 0.175529 0.00662803 0.00697127
1.65 -0.000731649 -0.0304464 -0.00700594 0.00704404
1.66 -0.000273143 -0.0128994 -0.0390615 0.0390625
1.67 0.00392361 0.029238 -0.0514424 0.0515918
1.68 -0.0178269 0.109231 0.00697816 0.019144
1.69 0.00618534 0.134501 -0.0122998 0.0137675
1.7 -0.00553874 0.0660954 -0.026163 0.0267428
1.71 -0.0171446 0.0772533 0.000928788 0.0171697
1.72 -0.0232669 -0.0256472 -0.00695252 0.0242835
1.73 -0.00443645 0.011828 -0.0197354 0.0202279
1.74 -0.0126816 -0.0413185 -0.0259638 0.0288953
1.75 -0.00724265 0.0268561 -0.0446565 0.04524
1.76 0.00730789 0.0446801 -0.0192804 0.0206189
1.77 -0.000300587 0.0448223 -0.0254496 0.0254514
1.78 -0.0198739 0.021075 -0.0515834 0.0552795
1.79 0.00420942 -0.0338035 -0.000628284 0.00425605
1.8 -0.0134975 0.0351026 -0.0128684 0.0186488
1.81 -0.00136565 0.00534372 0.00621693 0.00636515
1.82 0.000949905 -0.00489932 -0.0128336 0.0128687
1.83 -0.000233327 -0.0175665 0.0123134 0.0123156
1.84 0.00329914 0.0159738 -0.0324454 0.0326127
1.85 -0.00501013 0.0434091 -0.00659952 0.00828584
1.86 0.0112864 0.00227456 -0.0134207 0.0175356
1.87 0.0126757 -0.0163257 -0.0203041 0.0239359
1.88 -0.00394874 0.149651 0.045986 0.0461552
1.89 0.018948 0.0200915 -0.00713404 0.0202465
1.9 -0.00413562 -0.00611031 -0.0588324 0.0589776
1.91 -0.00880107 0.0366904 -0.0130519 0.015742
1.92 0.018338 0.0335183 -0.0462129 0.0497183
1.93 -0.0020106 0.0504536 -0.0191093 0.0192148
1.94 -0.0202336 0.141749 -0.0251305 0.0322636
1.95 0.00224837 0.0256649 -0.0389409 0.0390057
1.96 -0.00815211 0.0630804 0.00663617 0.0105117
1.97 -0.0109749 0.00255575 -0.0194776 0.0223568
1.98 -0.000785958 0.0278248 -0.0325929 0.0326024
1.99 -0.00821342 0.040746 -0.00637542 0.0103974
2 0.0200749 -0.00733641 -0.0713874 0.0741563
2.01 0.0100268 0.123671 -0.0130083 0.0164241
2.02 -0.00802958 0.00515613 -0.00636433 0.0102459
2.03 -0.0139844 -0.0407698 0.0196642 0.0241297
2.04 -0.0130669 0.123703 -0.01275 0.0182567
2.05 0.00681851 0.0229642 -0.0202427 0.0213602
2.06 -7.1418e-05 0.000156902 -0.00674318 0.00674356
2.07 -0.0185644 -0.10484 -0.0132254 0.0227936
2.08 -0.0112635 -0.0554273 0.0062328 0.012873
2.09 -0.00207328 0.0683379 -0.019538 0.0196477
2.1 0.00232796 0.0298833 -0.0193029 0.0194427
2.11 -0.014034 0.0532329 0.00606867 0.01529
2.12 -0.00950724 0.162059 -0.0123679 0.0155997
2.13 -0.00851857 0.023356 -0.0259438 0.0273066
2.14 -0.0206077 0.084317 -0.0891667 0.0915171
2.15 -0.0136049 0.155368 0.00678572 0.0152033
2.16 -0.0193787 -0.0150458 -0.0318482 0.0372806
2.17 0.00387719 0.0200613 -0.0645561 0.0646724
2.18 -0.00442053 0.0205981 -0.0190856 0.0195909
2.19 0.0152593 0.0177266 -0.0514723 0.0536866
2.2 -0.00349037 -0.0779238 -0.0203518 0.0206489
2.21 0.00243614 0.00308457 -0.0264324 0.0265444
2.22 0.00182839 0.101525 -0.0454115 0.0454483
2.23 -0.00864549 0.148586 -0.0828722 0.083322
2.24 0.00371829 0.0111019 0.0252052 0.025478
2.25 -0.00455356 0.00752748 0.0127948 0.0135809
2.26 -0.00148742 0.0899921 -0.0190781 0.019136
2.27 0.00703733 0.0141815 -0.0521229 0.0525958
2.28 -0.00846411 0.0587518 -0.0643631 0.0649172
2.29 -0.00186216 0.148325 0.000719382 0.00199629
2.3 0.00407259 -0.0823624 -0.00116214 0.00423516
2.31 0.00313978 0.00737592 -0.0454678 0.0455761
2.32 0.00655576 0.129921 -0.0189157 0.0200195
2.33 -0.00535929 0.0389787 -0.000295104 0.00536741
2.34 0.0148782 0.00880549 -0.0256748 0.0296742
2.35 -0.00474216 0.0610391 0.0126306 0.0134915
2.36 -0.0109848 -0.12689 -0.0327374 0.0345312
2.37 -0.0105097 0.082398 -0.0515842 0.052644
2.38 -0.00837279 0.0095084 -0.0130587 0.0155123
2.39 -0.0160562 0.0099891 -0.0187927 0.0247177
2.4 -0.00748771 -0.0307545 -0.0262601 0.0273068
2.41 -0.000640788 -0.0257578 -0.0524796 0.0524835
2.42 -0.0162151 0.0412664 -0.000154519 0.0162158
2.43 0.00686347 0.0365481 -0.0330201 0.0337259
2.44 -0.00533208 -0.0185624 -0.0652992 0.0655165
2.45 -0.00428043 0.100722 0.0195671 0.0200299
2.46 -0.00832648 -0.052977 -0.0266195 0.0278913
2.47 -0.00430372 0.0340056 1.93575e-05 0.00430376
2.48 -0.00849214 0.00961523 -0.00642387 0.0106481
2.49 -0.0080264 0.0276338 -0.0450173 0.0457273
2.5 -0.000837461 0.142926 0.0137067 0.0137323
2.51 6.2855e-05 -0.0177234 -0.0258268 0.0258268
2.52 -0.0094703 0.045854 -0.0193299 0.0215252
2.53 -0.00948282 0.0725916 -0.012704 0.0158529
2.54 0.00187555 -0.0724695 0.0316765 0.0317319
2.55 -0.00344699 -0.046922 0.0120433 0.0125269
2.56 -0.024769 0.0686254 -0.00589022 0.0254597
2.57 0.00633731 0.0719418 -0.0127151 0.0142068
2.58 -0.00426502 -0.0289318 -0.0321396 0.0324214
2.59 -0.00345012 -0.0200354 0.00606733 0.00697967
2.6 0.00706295 -0.0259416 -0.0719545 0.0723003
2.61 -0.00159807 0.0814438 -0.0454785 0.0455066
2.62 0.0166692 -0.00489163 -0.182629 0.183388
2.63 0.0751955 -0.147191 -1.0512 1.05389
2.64 0.130841 -0.153614 -1.54119 1.54673
2.65 0.179605 -0.202003 -1.45022 1.4613
2.66 0.199775 -0.299422 -1.22816 1.2443
2.67 0.196686 -0.213291 -1.05276 1.07097
2.68 0.160594 -0.31996 -1.12971 1.14107
2.69 0.108615 -0.344474 -1.45668 1.46072
2.7 0.0175669 -0.341737 -1.71147 1.71156
2.71 -0.003821 -0.287032 -2.02609 2.0261
2.72 -0.0346001 -0.325086 -2.23983 2.2401
2.73 0.0135343 -0.12714 -2.40223 2.40227
2.74 0.0827625 -0.361143 -2.69069 2.69196
2.75 0.131182 -0.408623 -2.9129 2.91585
2.76 0.158048 -0.442566 -3.16603 3.16997
2.77 0.186312 -0.437565 -3.32256 3.32778
2.78 0.2105 -0.407211 -3.49841 3.50474
2.79 0.245384 -0.456268 -3.54521 3.55369
2.8 0.303428 -0.487735 -3.64313 3.65574
2.81 0.328385 -0.334332 -3.71923 3.7337
2.82 0.341478 -0.453999 -3.80314 3.81844
2.83 0.336675 -0.459075 -3.91318 3.92764
2.84 0.286721 -0.521929 -3.96307 3.97343
2.85 0.270455 -0.391089 -3.97361 3.9828
2.86 0.240864 -0.484888 -4.04249 4.04966
2.87 0.232118 -0.292279 -4.00802 4.01474
2.88 0.220726 -0.298364 -4.05232 4.05833
2.89 0.211652 -0.328407 -4.06488 4.07039
2.9 0.217862 -0.327516 -4.0844 4.0902
2.91 0.214749 -0.334919 -4.12877 4.13435
2.92 0.241111 -0.298043 -4.19303 4.19996
2.93 0.278618 -0.33485 -4.20846 4.21767
2.94 0.309495 -0.420923 -4.26196 4.27318
2.95 0.330251 -0.362281 -4.34693 4.35946
2.96 0.352819 -0.331982 -4.36019 4.37445
2.97 0.372408 -0.366721 -4.44455 4.46012
2.98 0.401318 -0.384692 -4.53676 4.55447
2.99 0.422819 -0.402134 -4.69296 4.71197
3 0.46826 -0.439267 -4.88876 4.91113
3.01 0.504356 -0.483771 -5.03937 5.06454
3.02 0.536301 -0.493951 -5.26783 5.29506
3.03 0.557354 -0.520622 -5.4685 5.49683
3.04 0.55652 -0.586465 -5.66334 5.69062
3.05 0.582242 -0.588662 -5.88236 5.9111
3.06 0.575592 -0.530944 -6.01137 6.03887
3.07 0.595284 -0.480791 -6.18633 6.2149
3.08 0.593901 -0.703229 -6.36282 6.39047
3.09 0.613953 -0.590208 -6.49829 6.52723
3.1 0.617438 -0.632586 -6.60698 6.63577
3.11 0.582612 -0.597055 -6.7095 6.73475
3.12 0.540688 -0.594018 -6.83582 6.85717
3.13 0.501942 -0.484932 -6.98298 7.00099
3.14 0.471054 -0.617999 -7.12406 7.13962
3.15 0.451578 -0.490704 -7.20746 7.22159
3.16 0.489353 -0.460316 -7.32482 7.34114
3.17 0.510456 -0.469207 -7.4154 7.43295
3.18 0.513068 -0.458223 -7.37701 7.39483
3.19 0.547531 -0.461696 -7.38342 7.40369
3.2 0.52799 -0.539564 -7.43493 7.45365
3.21 0.536792 -0.424147 -7.68643 7.70515
3.22 0.53444 -0.51633 -8.02897 8.04673
3.23 0.5675 -0.504742 -8.27001 8.28945
3.24 0.648189 -0.562928 -8.34898 8.3741
3.25 0.667338 -0.481392 -8.37512 8.40167
3.26 0.653498 -0.536312 -8.3152 8.34084
3.27 0.624196 -0.519041 -8.32503 8.3484
3.28 0.563845 -0.577242 -8.4581 8.47687
3.29 0.533865 -0.470076 -8.59196 8.60853
3.3 0.530875 -0.312678 -8.62913 8.64545
3.31 0.548048 -0.390822 -8.51321 8.53084
3.32 0.579651 -0.380169 -8.3967 8.41668
3.33 0.592074 -0.28636 -8.43485 8.4556
3.34 0.573256 -0.364378 -8.55785 8.57703
3.35 0.571025 -0.30624 -8.5758 8.59479
3.36 0.548723 -0.208488 -8.43198 8.44982
3.37 0.498937 -0.143087 -8.29336 8.30835
3.38 0.441044 -0.299373 -8.27881 8.29055
3.39 0.401487 -0.163754 -8.35634 8.36598
3.4 0.418 -0.22825 -8.50104 8.51131
3.41 0.492379 -0.341095 -8.71895 8.73284
3.42 0.600849 -0.448294 -8.70583 8.72654
3.43 0.636581 -0.475483 -8.66097 8.68434
3.44 0.617286 -0.321011 -8.55459 8.57683
3.45 0.539361 -0.347697 -8.64204 8.65886
3.46 0.449389 -0.389752 -8.82659 8.83802
3.47 0.474865 -0.382636 -9.02778 9.04026
3.48 0.60759 -0.361865 -9.18774 9.20781
3.49 0.764593 -0.423415 -9.08917 9.12127
3.5 0.845427 -0.43262 -8.86604 8.90626
3.51 0.81997 -0.297253 -8.61715 8.65607
3.52 0.662426 -0.200405 -8.38326 8.40939
3.53 0.478357 -0.152582 -8.326 8.33973
3.54 0.357579 -0.212166 -8.41342 8.42102
3.55 0.331338 -0.507873 -8.54795 8.55437
3.56 0.442833 -0.500489 -8.69698 8.70825
3.57 0.594492 -0.491961 -8.63486 8.6553
3.58 0.686583 -0.638517 -8.60662 8.63396
3.59 0.684571 -0.618974 -8.53617 8.56358
3.6 0.627842 -0.601514 -8.76074 8.78321
3.61 0.55504 -0.693257 -9.11608 9.13296
3.62 0.558003 -0.717588 -9.40802 9.42456
3.63 0.656423 -0.781907 -9.48293 9.50562
3.64 0.742377 -0.74489 -9.37512 9.40447
3.65 0.760609 -0.662338 -9.01039 9.04243
3.66 0.538419 -0.398673 -5.98942 6.01357
3.67 0.596143 -0.0984037 -4.70515 4.74276
3.68 0.27561 0.0917597 -5.81664 5.82316
3.69 0.00812161 -0.178988 -12.9682 12.9682
3.7 0.276887 -0.717027 -11.4429 11.4463
3.71 0.880474 -0.747224 -8.50835 8.55378
3.72 1.28811 -0.739208 -6.23655 6.36819
3.73 1.51791 -0.841918 -5.31539 5.52788
3.74 1.43182 -0.901326 -5.11777 5.31429
3.75 0.978412 -0.952758 -5.28195 5.3718
3.76 0.521988 -0.873111 -5.09896 5.12561
3.77 0.281067 -0.655745 -4.42564 4.43455
3.78 0.215038 -0.506315 -3.80159 3.80767
3.79 0.14654 -0.386799 -3.15265 3.15605
3.8 0.132342 -0.61758 -2.93628 2.93926
3.81 0.104079 -0.500477 -2.68328 2.6853
3.82 0.0587686 -0.454693 -2.28346 2.28421
3.83 0.0452379 -0.334832 -1.68289 1.6835
3.84 0.0209297 -0.0248087 -1.14671 1.14691
3.85 -0.0460923 -0.147765 -0.696766 0.698289
3.86 -0.0767077 -0.0477517 -0.370177 0.378041
3.87 -0.0971251 -0.089243 -0.206723 0.228402
3.88 -0.0958961 -0.0276836 -0.102272 0.140198
3.89 0.00699675 -0.0210863 -0.0597394 0.0601478
3.9 -0.000688317 -0.0258274 -0.013963 0.01398
3.91 -0.0133671 -0.0314765 -0.0589034 0.0604011
3.92 -0.0102911 0.0376037 -0.045412 0.0465634
3.93 0.0107465 0.0207475 -0.0135582 0.0173006
3.94 -0.00676319 0.0888851 -0.0389323 0.0395154
3.95 -0.0202933 0.0391198 -0.00584976 0.0211196
3.96 0.00303515 0.00726853 -0.00722119 0.00783312
3.97 -0.0314519 -0.0160794 -0.0138419 0.0343631
3.98 -0.00849254 -0.00357592 -0.0260996 0.0274466
3.99 -0.00779147 -0.00840998 -0.0130567 0.0152048
4 0.00228597 0.0254053 -0.0134608 0.0136535
4.01 0.0144642 0.0225821 -0.0137326 0.0199449
4.02 0.00169894 0.0306171 0.0052418 0.00551025
4.03 -0.0128566 0.0572785 -0.03233 0.0347925
4.04 0.0055129 0.0280227 -0.0198198 0.0205723
4.05 -0.00860473 -0.0256372 -0.0196674 0.0214673
4.06 -0.00803106 -0.079858 -0.0264641 0.0276558
4.07 -0.0216479 -0.0446485 -0.0326977 0.0392144
4.08 -0.00751081 -0.00414572 -0.0321708 0.033036
4.09 -0.00270845 0.0642128 0.0123046 0.0125992
4.1 -0.0139274 0.173209 -0.00543922 0.0149518
4.11 -0.00953948 0.0416034 -0.000177687 0.00954114
4.12 -0.00577546 0.0262319 -0.0265882 0.0272082
4.13 -0.0125472 0.0433945 -0.00602557 0.013919
4.14 -0.0080808 -0.07552 -0.0138405 0.0160268
4.15 -0.0186541 -0.180073 0.0111558 0.0217354
4.16 -0.0139338 0.0580705 -0.0520087 0.0538429
4.17 -0.00562444 0.0302935 -0.000206964 0.00562825
4.18 -0.0166379 0.0865187 -0.0129078 0.0210579
4.19 -0.000649869 0.0496597 0.00623706 0.00627082
4.2 -0.0118487 -0.0637292 -0.000803702 0.011876
4.21 -0.00256919 0.0512116 -0.0392148 0.0392989
4.22 -0.011922 0.230502 -0.0389578 0.0407412
4.23 -0.00777079 -0.0307724 -0.00678845 0.0103183
4.24 -0.0203784 -0.0139595 -0.0261863 0.0331813
4.25 -0.00450366 0.00335068 -0.0260824 0.0264684
4.26 0.006689 0.0229226 -0.00100349 0.00676385
4.27 -0.00451634 0.0167164 0.0122599 0.0130653
4.28 0.00212085 0.0749671 -0.0391946 0.039252
4.29 -0.00701022 0.0713518 -0.00683863 0.00979336
4.3 0.00689614 0.00047854 0.0125516 0.0143213
4.31 -0.0134343 0.0173597 -0.0135566 0.0190856
4.32 -0.00461766 -0.0237517 -0.01953 0.0200685
4.33 -0.0137222 0.0577422 0.0256745 0.0291115
4.34 -0.00507456 0.0212367 0.0127059 0.0136818
4.35 -0.00827789 -0.00406615 0.0192685 0.0209714
4.36 -0.0194398 -0.0375609 0.00653425 0.0205086
4.37 -0.00966079 0.0685767 0.0256172 0.0273783
4.38 -0.00541633 0.0879634 0.0324498 0.0328988
4.39 -0.00576767 0.11058 0.00652278 0.00870705
4.4 0.00103595 0.133598 -0.0190763 0.0191044
4.41 0.0018064 0.0396693 -0.0136884 0.0138071
4.42 0.00417606 -0.0516459 0.025442 0.0257825
4.43 -0.00226613 0.171517 0.0254369 0.0255376
4.44 -0.0202103 0.0350056 -0.0131854 0.0241311
4.45 -0.00146692 -0.00305577 -0.0327879 0.0328207
4.46 -0.00887548 0.0277414 -0.0128578 0.0156236
4.47 -0.0115797 -0.0596143 -0.0073109 0.0136945
4.48 -0.0081887 -0.00362258 0.0320054 0.0330364
4.49 -0.00142174 -0.0122923 0.0121635 0.0122464
4.5 0.0064129 0.0235571 -0.0394644 0.0399821
4.51 -0.017809 0.0779241 -0.00606995 0.018815
4.52 -0.0160104 0.0367445 0.0132424 0.0207773
4.53 -0.00908529 0.112903 -0.0190492 0.0211048
4.54 -0.00707362 -0.116374 -0.0134877 0.0152301
4.55 0.00346031 -0.0865329 0.0245462 0.0247889
4.56 -0.0190281 -0.117656 -0.00100121 0.0190544
4.57 -0.0245499 -0.016247 -0.0134183 0.0279777
4.58 -0.0159659 -0.00814236 -0.00653809 0.0172528
4.59 -0.00881042 -0.00760014 -0.00732698 0.011459
4.6 -0.00872351 -0.0348178 -0.0132731 0.0158832
4.61 -0.00604299 0.0444328 -0.032481 0.0330384
4.62 -0.00324856 -0.0776647 0.0184057 0.0186902
4.63 0.00543157 -0.0294633 -0.0142603 0.0152597
4.64 -0.0176819 0.0690014 -0.0194863 0.0263129
4.65 -0.0095331 0.086217 0.000160793 0.00953446
4.66 0.00664004 0.000414093 -0.0326785 0.0333463
4.67 -0.00190095 0.0860291 0.000198221 0.00191126
4.68 -0.0056533 0.0482805 -0.01937 0.0201782
4.69 -0.0075633 -0.0796188 -0.00744884 0.0106155
4.7 -0.00613771 0.0351868 -0.00707811 0.00936862
4.71 0.00047379 -0.142774 -0.0146262 0.0146338
4.72 -0.00184687 0.0373675 -0.0264833 0.0265477
4.73 -0.0122238 -0.0504957 -0.0197232 0.023204
4.74 -0.00449993 -0.0101837 -0.0266812 0.027058
4.75 0.00581514 0.0457358 0.00581573 0.00822427
4.76 -0.00879006 0.0726502 0.012822 0.0155457
4.77 -0.00094891 -0.0390817 -0.0202989 0.0203211
4.78 -0.00633208 0.0932876 -0.0259619 0.0267229
4.79 -0.00797406 -0.0128986 -0.0267651 0.0279277
4.8 0.00273007 0.038901 0.00622341 0.00679589
4.81 -0.0111988 -0.0998769 -0.0398716 0.0414145
4.82 -0.00947342 0.046016 0.012987 0.0160751
4.83 0.0049813 -0.141568 0.0315289 0.03192
4.84 -0.0045628 -0.0686707 -0.000523377 0.00459272
4.85 -0.00755352 0.000502666 0.000165343 0.00755533
4.86 -0.00935186 0.0415016 0.0322452 0.0335739
4.87 -0.0123733 0.0304569 -0.0260047 0.0287983
4.88 -0.00144241 0.0327098 -0.000443883 0.00150916
4.89 0.0146414 0.0225126 -0.0200969 0.0248648
4.9 0.00610997 0.00550256 0.0125483 0.0139568
4.91 -0.00189516 0.10408 0.0125767 0.0127187
4.92 -0.00801589 0.00512295 -0.0261472 0.0273483
4.93 -0.0106275 0.122401 -0.0384281 0.0398706
4.94 0.00242901 0.0478924 -0.0325666 0.032657
4.95 -0.000738354 -0.120159 -0.046062 0.046068
4.96 -0.00825698 -0.00362762 -0.00705223 0.0108587
4.97 -0.0113046 -0.135955 -0.0138478 0.0178761
4.98 -0.0273489 -0.116893 -0.00079121 0.0273604
4.99 0.00268509 0.0253172 0.0190027 0.0191915
5 0.0177995 0.0381553 -0.0195842 0.0264644
5.01 -0.0188319 -0.171652 -0.0392155 0.0435028
5.02 0.000651927 -0.0444576 -0.0326064 0.0326129
5.03 -0.0111343 -0.0995483 0.00525076 0.0123102
5.04 -0.00856813 -0.0524402 -0.00728651 0.0112475
5.05 -0.0226961 0.0362591 0.0258706 0.0344152
5.06 0.00220134 0.137637 0.0125832 0.0127743
5.07 -0.0122164 0.0924639 0.0192764 0.0228215
5.08 0.00623876 0.22849 0.0388769 0.0393743
5.09 -0.00818596 -0.0169757 -0.0199848 0.0215963
5.1 -0.00183413 0.103955 -0.0194697 0.0195559
5.11 -0.0102039 0.0649138 -0.013515 0.0169344
5.12 -0.00721618 -0.0803905 0.0126186 0.0145362
5.13 -0.0137919 0.111167 -0.0062631 0.0151474
5.14 -0.00473647 -0.0329323 -0.0131364 0.0139642
5.15 -0.00510045 0.0389007 -0.0125181 0.0135173
5.16 -0.00124247 0.0633648 0.0256579 0.025688
5.17 0.018241 0.0161427 -0.00717572 0.0196017
5.18 0.00148628 0.0306236 -0.0199349 0.0199902
5.19 -0.0139497 0.0625112 -0.0581214 0.0597719
5.2 -0.00477026 0.00281543 -0.00620152 0.00782395
5.21 -0.00603582 0.0795782 0.019011 0.0199461
5.22 0.00355779 0.00252409 -0.0129526 0.0134323
5.23 -0.0202954 0.0125559 0.00619026 0.0212185
5.24 -0.0122159 -0.0194167 -0.0199835 0.0234215
5.25 -0.000495069 0.018685 0.018799 0.0188055
5.26 -0.00963775 0.0193282 0.0378639 0.0390713
5.27 0.0061247 0.0546526 -0.000471989 0.00614285
5.28 -0.000708186 0.049642 -0.0191746 0.0191877
5.29 -0.0120943 -0.00129136 -0.00706135 0.0140048
5.3 -0.0113552 -0.0423566 0.0192332 0.0223351
5.31 -0.00468628 -0.0146501 -0.00695747 0.00838854
5.32 -0.00620746 -0.174513 -0.0204042 0.0213276
5.33 0.000947932 0.159859 -0.0449676 0.0449776
5.34 -0.0122183 0.0701678 0.00653785 0.0138575
5.35 -0.0111335 0.127766 -0.051839 0.0530211
5.36 -0.00376752 0.172302 -0.0194573 0.0198187
5.37 -0.000755701 0.0495724 0.0193445 0.0193592
5.38 -0.000686455 -0.0170433 0.0316063 0.0316138
5.39 -0.00798705 -0.0128642 -0.00698472 0.0106103
5.4 -0.00429706 0.101078 0.0454115 0.0456143
5.41 0.00133136 0.0935059 -0.0134581 0.0135238
5.42 -0.0116511 -0.13126 -0.0396173 0.041295
5.43 -0.0138419 0.147251 0.0516522 0.0534748
5.44 0.00712711 0.0317204 -0.000274932 0.00713241
5.45 0.00345095 0.0294639 -0.00693807 0.00774893
