0 -0.0372269 -0.0623783 -0.0253777 0.0450541
0.01 -0.0140037 -0.0944767 0.0126138 0.0188471
0.02 -0.0190884 0.0427573 -0.00616704 0.0200599
0.03 -0.0253094 -0.0383973 0.00685046 0.0262201
0.04 -0.0147648 -0.0267822 -0.0447306 0.0471045
0.05 -0.0179106 -0.042941 0.0137359 0.0225713
0.06 -0.0200223 0.0565879 -0.0189373 0.0275592
0.07 -0.00336208 0.046233 -0.0124935 0.012938
0.08 -0.018399 -0.0113887 -0.0124208 0.0221991
0.09 -0.0179548 -0.0430114 -0.00631496 0.0190329
0.1 -0.0180319 -0.0382655 -0.0317752 0.0365351
0.11 -0.00281063 -0.00288141 -0.038414 0.0385167
0.12 -0.027293 0.091963 -0.0316052 0.0417588
0.13 -0.00886737 0.0057339 -0.0393159 0.0403034
0.14 -0.0305952 -0.0489207 -0.0257785 0.0400074
0.15 -0.0172247 -0.0524607 -0.00582788 0.0181839
0.16 -0.0247808 0.0994475 -0.0312219 0.0398609
0.17 -0.00609307 -0.0501423 -0.0441547 0.0445731
0.18 -0.0044063 -0.136043 0.0130652 0.0137882
0.19 -0.0157533 0.0317867 -0.0251178 0.0296491
0.2 -0.0118219 0.0292272 0.000641898 0.0118393
0.21 -0.0124679 0.0251539 -0.0314443 0.033826
0.22 -0.0253022 -0.0605655 0.00664608 0.0261605
0.23 -0.026713 0.0245393 0.0141426 0.0302258
0.24 -0.0204713 0.0834926 -0.0188602 0.0278349
0.25 -0.0259792 -0.0652258 0.0134881 0.029272
0.26 -0.0182619 -0.0429639 -0.0058501 0.0191761
0.27 -0.00987617 -0.0565899 0.0193827 0.0217538
0.28 -0.0145679 0.0041958 -0.0125673 0.0192396
0.29 -0.0294375 -0.0669967 0.000320254 0.0294392
0.3 -0.00409749 0.00668114 -0.0125622 0.0132136
0.31 -0.0103431 -0.0247608 -0.00684434 0.0124026
0.32 -0.0261881 -0.0466849 -0.0195015 0.0326516
0.33 -0.00344397 0.00177746 0.0389948 0.0391466
0.34 -0.0185927 -0.010802 -0.00646767 0.0196855
0.35 0.00153014 -0.0410699 -0.00724997 0.00740968
0.36 -0.0183752 -0.0565529 -0.032131 0.0370142
0.37 0.00426624 -0.0120829 -0.0385319 0.0387673
0.38 0.000699618 -0.000426953 -0.0128525 0.0128716
0.39 -0.0158054 0.0630107 -0.0184721 0.0243111
0.4 -0.0162132 0.125325 -0.0118953 0.0201089
0.41 -0.00703845 -0.0188813 -0.0254009 0.026358
0.42 -0.0140832 0.0171088 0.0265329 0.0300389
0.43 -0.0180747 -0.0562568 0.00689702 0.0193459
0.44 -0.019995 -0.00129499 -0.00629621 0.0209629
0.45 -0.0145215 -0.0224392 -0.0379295 0.0406143
0.46 -0.0142884 -0.0408842 -0.012186 0.0187792
0.47 -0.00938999 -0.0837345 0.0196465 0.0217751
0.48 -0.0117697 -0.00183568 -0.0322568 0.034337
0.49 -0.0187975 -0.0782435 -0.0191717 0.0268496
0.5 -0.00653831 -0.0809136 -0.0515583 0.0519713
0.51 -0.010577 -0.0383839 -0.0253735 0.0274898
0.52 -0.0165236 0.0323701 -0.0190085 0.0251863
0.53 -0.0185946 -0.025272 -0.0054731 0.0193833
0.54 -0.00644576 -0.0140314 -0.0192034 0.0202563
0.55 -0.0153387 -0.00857302 0.000119186 0.0153392
0.56 -0.0199735 0.10566 0.000698372 0.0199857
0.57 -0.0105525 -0.00261841 0.00697048 0.0126469
0.58 -0.0115631 0.0159386 -0.00612076 0.0130832
0.59 -0.0144213 -0.0405831 -0.0120239 0.0187762
0.6 -0.00635603 -0.0228753 -0.00670763 0.00924075
0.61 -0.00575147 -0.0502875 0.0131744 0.0143751
0.62 -0.000357324 -0.00880568 -0.0065879 0.00659758
0.63 -0.00848044 0.0270198 -0.00616841 0.0104865
0.64 -0.0110452 0.0023912 0.0262827 0.0285092
0.65 -0.0114032 0.0378887 0.000323826 0.0114078
0.66 -0.0150968 0.129495 -0.0182476 0.023683
0.67 -0.0184718 0.0421976 -0.0120439 0.0220513
0.68 -0.0216796 -0.0226778 -0.00593862 0.0224783
0.69 -0.0270564 0.131665 -0.00492458 0.0275009
0.7 0.00483651 0.0149691 -0.0123495 0.0132628
0.71 -0.0185662 -0.0245427 0.0130548 0.0226965
0.72 -0.0109659 -0.0158494 0.000867008 0.0110001
0.73 -0.0143371 -0.013746 -0.0321539 0.0352055
0.74 -0.0127679 -0.170709 0.0319116 0.0343711
0.75 -0.0235943 -0.0524196 -0.0195191 0.0306217
0.76 -0.0124732 0.132316 0.0139965 0.0187479
0.77 -0.00757307 0.0401406 -0.0183841 0.0198828
0.78 -0.0182215 -0.0380218 -0.00674504 0.0194299
0.79 -0.0260152 -0.0955949 -0.0517035 0.0578795
0.8 -0.0184103 -0.0382418 0.013338 0.0227342
0.81 -0.0141706 -0.0808868 -0.0253422 0.029035
0.82 -0.0190344 -0.0153333 -0.0319729 0.0372099
0.83 -0.0193466 0.092038 -0.0123201 0.0229364
0.84 -0.0157917 -0.0173177 -0.00596573 0.016881
0.85 -0.0149886 -0.000238865 0.0132494 0.0200051
0.86 -0.0180399 -0.0201818 0.000383639 0.0180439
0.87 -0.0213367 -0.0494891 -0.0442998 0.0491704
0.88 -0.00356388 0.091467 0.0135809 0.0140408
0.89 -0.0251052 -0.141448 -0.0255897 0.0358483
0.9 -0.0138871 0.0122756 0.0202198 0.0245294
0.91 -0.0154583 -0.0309252 -0.0382997 0.0413016
0.92 -0.0150632 0.093586 0.00107053 0.0151012
0.93 -0.015655 0.0405092 0.0199485 0.0253579
0.94 -0.00480291 0.0426281 -0.00608251 0.00775015
0.95 -0.0156145 0.062908 -0.0446173 0.0472706
0.96 -0.0113021 -0.0243974 0.0193481 0.0224072
0.97 -0.00811298 0.0895446 -0.00617994 0.0101986
0.98 -0.017275 -0.0388354 0.00703441 0.0186523
0.99 -0.0227577 0.0222564 -0.0187385 0.0294795
1 -0.00185437 -0.0793128 -0.00682047 0.00706806
1.01 -0.0180351 0.0154671 0.00654493 0.0191859
1.02 -0.0197818 0.0519863 -0.0314525 0.0371561
1.03 -0.0224952 -0.0356587 -0.0121886 0.0255851
1.04 -0.00629458 -0.00980879 -0.0190758 0.0200875
1.05 -0.0149383 -0.000653489 -0.00507826 0.0157779
1.06 -0.0334911 -0.0693918 0.0064559 0.0341077
1.07 -0.00631703 -0.040714 -0.000149629 0.00631881
1.08 -0.0213186 -0.103617 0.000382793 0.021322
1.09 -0.0111926 -0.0205487 -0.0317778 0.0336913
1.1 -0.00317262 -0.0382489 0.0256062 0.025802
1.11 -0.00759216 0.00889272 0.0196191 0.0210369
1.12 -0.00434238 0.0386526 -0.0262176 0.0265748
1.13 -0.00347959 -0.0380403 -0.00018188 0.00348434
1.14 -0.00293832 -0.0205218 -0.0129576 0.0132866
1.15 -0.00224686 -0.0883623 0.00644292 0.00682346
1.16 -0.00931525 -0.110617 0.00611515 0.0111431
1.17 -0.00248198 0.00109094 0.00674088 0.00718329
1.18 -0.0231485 -0.0309357 -0.0123541 0.0262389
1.19 -0.0157492 -0.0353379 -0.00658362 0.0170699
1.2 -0.00904837 0.170157 -0.0184091 0.0205127
1.21 0.0100843 -0.207155 -0.0265028 0.0283565
1.22 -0.0198882 0.0159068 -0.00542872 0.0206158
1.23 -0.0130343 0.0120881 -0.0384298 0.04058
1.24 -0.00352378 -0.00226023 -0.0320348 0.032228
1.25 -0.0186813 -0.0781884 0.006508 0.0197824
1.26 -0.0105696 -0.0380931 0.0194751 0.0221584
1.27 -0.0111503 0.0158172 0.00655992 0.0129368
1.28 -0.00990502 -0.0386027 0.00022025 0.00990746
1.29 -0.00959951 -0.110615 0.000448259 0.00960997
1.3 -0.0199095 0.00227725 0.00121625 0.0199466
1.31 -0.0140287 -0.00515084 0.0140643 0.0198648
1.32 -0.00510724 0.154555 -0.0249277 0.0254456
1.33 -0.0140306 -0.0807163 -0.0320472 0.034984
1.34 -0.0269605 0.0741099 -0.00572926 0.0275625
1.35 -0.00821923 0.0226955 -0.0187546 0.0204766
1.36 -0.00343705 -0.0428497 -0.0062626 0.00714377
1.37 -0.0137055 -0.138796 -0.00726664 0.0155128
1.38 -0.0211845 -0.112229 0.00667647 0.0222116
1.39 -0.0201352 0.0786686 -0.00562485 0.0209061
1.4 -0.0182371 -0.0966003 0.007151 0.019589
1.41 -0.0257541 -0.0520344 -0.0117194 0.0282951
1.42 0.000638939 0.0169738 0.00691274 0.0069422
1.43 -0.0111439 0.060431 0.0068984 0.0131063
1.44 -0.000152672 -0.0224552 -0.0196827 0.0196833
1.45 0.00325018 0.1402 -0.0182229 0.0185104
1.46 -0.0167051 -0.128886 0.0454704 0.0484419
1.47 -0.0144911 -0.000530523 -0.0122457 0.0189723
1.48 -0.0192197 0.0829541 0.000516479 0.0192267
1.49 -0.00753013 0.0353116 0.000673771 0.00756021
1.5 -0.0182983 -0.0163416 0.0331612 0.0378747
1.51 -0.0139071 -0.0811664 -0.0196075 0.0240387
1.52 -0.0109601 0.00220126 0.0132455 0.0171921
1.53 -0.0240091 0.148028 -0.00543193 0.0246159
1.54 -0.0188269 -0.0868194 -0.0262947 0.0323399
1.55 -0.0111382 -0.0335405 -0.0188661 0.0219086
1.56 -0.0182708 -0.0514237 0.0132102 0.0225462
1.57 0.00189676 -0.067927 -0.051743 0.0517777
1.58 -0.00273257 -0.00274702 0.0131778 0.0134582
1.59 -0.00312946 -0.0070663 0.00660976 0.00731317
1.6 -0.00353514 0.00181765 0.00606889 0.00702343
1.61 -0.00635507 -0.0725422 0.00672382 0.00925184
1.62 0.00449684 0.00562589 0.00661037 0.00799491
1.63 -0.00708751 -0.0362068 0.000258237 0.00709222
1.64 -0.00813379 -0.0801073 -0.0456743 0.0463929
1.65 -0.00415943 0.00192527 -0.0066524 0.00784572
1.66 -0.00292862 -0.0562042 -0.0388999 0.03901
1.67 -0.0102874 -0.0165728 0.0132234 0.0167538
1.68 -0.0132921 -0.233683 -0.0198715 0.0239072
1.69 -0.0196395 0.0251094 -0.00592548 0.0205139
1.7 -0.0252396 -0.10109 0.0134108 0.0285812
1.71 -0.0125709 0.0434402 0.0001031 0.0125713
1.72 -0.0149832 0.0178313 0.000489281 0.0149912
1.73 -0.00420372 0.0160423 -0.0254697 0.0258143
1.74 -0.0353326 0.103507 -0.254214 0.256658
1.75 0.0019207 -0.000286065 -1.31673 1.31673
1.76 0.085757 -0.0775789 -1.47196 1.47446
1.77 0.16574 -0.0486886 -1.10886 1.12118
1.78 0.187313 -0.0461178 -0.620585 0.648237
1.79 0.126502 -0.0500522 -0.404776 0.424083
1.8 0.0323707 -0.0349986 -0.498934 0.499983
1.81 -0.10881 -0.119075 -0.849237 0.85618
1.82 -0.261551 0.0223403 -1.28885 1.31512
1.83 -0.355823 -0.078121 -1.56986 1.60968
1.84 -0.32322 -0.146708 -1.65407 1.68536
1.85 -0.233091 0.0731281 -1.59824 1.61515
1.86 -0.113525 0.039012 -1.57755 1.58163
1.87 -0.0435619 0.00404734 -1.6655 1.66607
1.88 0.015327 -0.112219 -1.80962 1.80968
1.89 0.0364235 -0.0852475 -1.98422 1.98456
1.9 0.043359 -0.134012 -2.08806 2.08851
1.91 0.0436961 -0.227936 -2.12153 2.12198
1.92 0.0626017 -0.177467 -2.11618 2.11711
1.93 0.0592413 -0.236263 -2.57559 2.57627
1.94 0.0624909 -0.246039 -2.7893 2.79
1.95 0.096794 -0.205314 -2.88595 2.88758
1.96 0.148891 -0.205782 -2.98514 2.98885
1.97 0.189984 -0.244498 -3.07747 3.08333
1.98 0.18949 -0.222725 -3.07218 3.07802
1.99 0.234236 -0.236841 -3.0804 3.0893
2 0.236213 -0.353276 -3.30006 3.3085
2.01 0.224756 -0.305275 -3.69206 3.6989
2.02 0.225978 -0.37268 -3.7382 3.74502
2.03 0.237788 -0.298951 -4.04894 4.05592
2.04 0.306592 -0.313806 -4.12311 4.13449
2.05 0.344449 -0.31978 -4.13063 4.14496
2.06 0.350216 -0.216077 -4.24017 4.25461
2.07 0.346125 -0.324347 -4.42076 4.43428
2.08 0.330608 -0.367002 -4.60135 4.61321
2.09 0.32256 -0.40016 -4.89786 4.90847
2.1 0.268342 -0.522234 -5.09724 5.1043
2.11 0.259305 -0.46231 -5.28986 5.29621
2.12 0.255547 -0.57492 -5.4774 5.48336
2.13 0.267213 -0.38964 -5.65736 5.66367
2.14 0.291837 -0.404874 -5.81288 5.8202
2.15 0.344495 -0.410185 -5.91857 5.92859
2.16 0.379319 -0.453694 -6.06136 6.07322
2.17 0.410391 -0.458499 -6.24448 6.25795
2.18 0.41544 -0.541883 -6.32888 6.34251
2.19 0.423974 -0.453725 -6.52221 6.53598
2.2 0.449962 -0.531333 -6.6793 6.69444
2.21 0.469879 -0.472254 -6.79611 6.81233
2.22 0.509117 -0.626275 -6.88234 6.90114
2.23 0.536715 -0.514066 -7.03768 7.05812
2.24 0.551546 -0.656443 -7.20077 7.22186
2.25 0.532361 -0.519513 -7.3674 7.38661
2.26 0.524467 -0.562364 -7.53646 7.55469
2.27 0.520133 -0.613438 -7.70522 7.72275
2.28 0.553238 -0.611911 -7.7449 7.76463
2.29 0.596126 -0.740667 -7.81861 7.8413
2.3 0.640405 -0.620956 -7.94866 7.97442
2.31 0.695745 -0.596684 -8.06013 8.09011
2.32 0.714708 -0.679995 -8.26787 8.2987
2.33 0.733312 -0.793453 -8.46309 8.4948
2.34 0.750313 -0.723013 -8.60509 8.63774
2.35 0.763328 -0.694375 -8.78717 8.82027
2.36 0.7736 -0.704766 -8.92945 8.9629
2.37 0.775434 -0.946462 -9.11763 9.15054
2.38 0.774774 -0.71358 -9.23929 9.27172
2.39 0.782078 -0.758252 -9.45898 9.49126
2.4 0.787481 -0.832197 -9.81593 9.84746
2.41 0.795305 -0.872272 -10.1158 10.147
2.42 0.803367 -0.809153 -10.2984 10.3297
2.43 0.760704 -0.954126 -10.1802 10.2086
2.44 0.743001 -0.796747 -10.183 10.2101
2.45 0.736173 -0.761761 -10.2731 10.2994
2.46 0.737602 -0.78701 -10.0275 10.0546
2.47 0.605255 -0.32941 -6.27488 6.30401
2.48 0.632464 -0.198531 -4.66252 4.70522
2.49 0.425914 -0.34118 -9.04018 9.0502
2.5 -0.0385716 -0.854528 -15.1831 15.1832
2.51 0.671473 -0.748133 -13.1174 13.1346
2.52 1.18565 -0.359953 -8.61995 8.70111
2.53 1.325 -0.434857 -7.06952 7.19262
2.54 1.3311 -0.647483 -6.19709 6.33843
2.55 1.16321 -0.843522 -6.1309 6.24027
2.56 0.748459 -0.878837 -6.43248 6.47588
2.57 0.434399 -0.577928 -6.07095 6.08648
2.58 0.319865 -0.371937 -5.13491 5.14486
2.59 0.283271 -0.414306 -4.07168 4.08152
2.6 0.340736 -0.338257 -3.31349 3.33096
2.61 0.361767 -0.338484 -2.58051 2.60574
2.62 0.402705 -0.387878 -1.86854 1.91144
2.63 0.345661 -0.214848 -1.33495 1.37898
2.64 0.244514 -0.0638696 -0.923358 0.955184
2.65 0.0866533 0.0901497 -0.258769 0.272892
2.66 -0.0420172 0.0962711 0.0197209 0.046415
2.67 -0.0234329 0.0179667 -0.0090322 0.0251134
2.68 -0.0221943 -0.106883 -0.000952616 0.0222147
2.69 -0.0353303 0.0256397 0.00109932 0.0353474
2.7 -0.00981195 -0.0609614 -0.0130213 0.0163043
2.71 -0.0241925 0.0459891 0.000288989 0.0241942
2.72 -0.0272959 0.0119909 0.00674609 0.0281172
2.73 -0.0188621 -0.100235 -0.0512585 0.0546188
2.74 -0.000309544 0.0137229 -5.14472e-05 0.00031379
2.75 -0.0155564 -0.0171887 -0.0383124 0.0413502
2.76 -0.0312679 0.112522 -0.0316053 0.0444588
2.77 -0.018918 -0.024546 -0.0316698 0.0368899
2.78 -0.0153093 2.90992e-06 0.0072416 0.0169356
2.79 -0.0273037 0.0208067 0.0135277 0.0304711
2.8 -0.00716071 0.00418843 -0.0190406 0.0203426
2.81 -0.0232229 -0.0398847 -0.01216 0.026214
2.82 -0.015106 -0.0175696 -0.000151638 0.0151067
2.83 -0.0105168 -0.0652327 -0.0191245 0.0218254
2.84 -0.0178632 -0.0562432 0.00693514 0.0191622
2.85 -0.0237883 0.0188725 -0.0187246 0.0302736
2.86 -0.00707437 -0.0269525 -0.0192834 0.0205401
2.87 -0.0160674 0.0632506 0.0260679 0.0306218
2.88 -0.0420164 -0.0371995 -0.0378481 0.0565496
2.89 -0.0272343 -0.0550767 0.00041163 0.0272374
2.9 -0.0326862 -0.00693105 -0.00631771 0.0332912
2.91 -0.0127122 0.0968605 -0.0123247 0.0177059
2.92 -0.0137725 0.110326 -0.0119191 0.018214
2.93 -0.0298469 -0.0219386 -0.00596042 0.0304362
2.94 -0.00914926 -0.02115 -0.0390042 0.040063
2.95 -0.0277038 0.00756226 -0.0374954 0.0466197
2.96 -0.016227 0.0321936 -0.0320075 0.0358859
2.97 -0.0143544 -0.116163 0.00606083 0.0155815
2.98 -0.0192721 -0.0112158 0.000734421 0.0192861
2.99 -0.0279085 -0.0413632 0.0256937 0.0379348
3 -0.0222678 -0.0400857 -0.0060379 0.0230719
3.01 -0.0143017 -0.111395 -0.0135007 0.0196674
3.02 -0.0223707 -0.0310672 0.000132298 0.0223711
3.03 -0.0152743 0.0135993 -0.0191862 0.0245237
3.04 -0.0215143 -0.0629527 0.0200332 0.0293971
3.05 -0.0232876 0.018077 0.00111103 0.0233141
3.06 -0.0272023 -0.00235957 -0.0441539 0.0518607
3.07 -0.0103149 -0.0388045 -0.0185219 0.0212004
3.08 -0.0206208 0.0615101 0.0134823 0.0246372
3.09 -0.00850961 0.0541136 0.0262994 0.0276418
3.1 -0.0177335 -0.0563823 0.0390875 0.0429221
3.11 -0.0282112 0.12367 0.00790766 0.0292985
3.12 -0.0123479 -0.032467 -0.0132447 0.0181079
3.13 -0.0268859 0.00292481 0.000111036 0.0268861
3.14 -0.0152591 -0.00435461 0.0197566 0.0249632
3.15 -0.0191243 -0.042501 -0.00641619 0.0201719
3.16 -0.0295177 -0.107207 -0.00640138 0.0302038
3.17 -0.00494432 0.105316 0.00686691 0.00846172
3.18 -0.011887 -0.0195082 0.0319873 0.0341246
3.19 -0.0109466 0.0246467 0.0133796 0.017287
3.2 -0.0188874 -0.0601318 -0.0062902 0.0199073
3.21 -0.0145943 -0.0849985 0.00653604 0.0159911
3.22 -0.0147035 -0.0979539 0.00602858 0.0158914
3.23 -0.0105313 -0.114222 -0.0323578 0.0340284
3.24 -0.0346659 0.0117583 0.0135603 0.0372237
3.25 -0.012661 0.132257 0.00782659 0.0148848
3.26 -0.0198525 0.0877933 0.0265337 0.0331385
3.27 -0.0303933 0.00941508 -0.00613472 0.0310063
3.28 -0.0356228 0.0308358 -0.0194525 0.040588
3.29 -0.0204907 0.074904 -0.0123341 0.0239165
3.3 -0.0126831 -0.00126073 0.012872 0.0180707
3.31 -0.0309171 -0.191187 -0.0521858 0.0606566
3.32 -0.0196111 -0.00606887 -0.00643944 0.0206412
3.33 -0.0198317 0.0429523 0.0128875 0.0236513
3.34 -0.0124017 0.141589 0.019864 0.0234175
3.35 -0.00417092 -0.0462489 -0.0455031 0.0456939
3.36 -0.0165438 0.0679236 -0.00560101 0.0174663
3.37 -0.0219435 -0.0755249 0.0124042 0.0252068
3.38 -0.0169144 0.139427 0.000443986 0.0169203
3.39 -0.0201187 0.0299248 0.0198593 0.0282693
3.4 -0.0115779 0.024444 -0.0190517 0.0222938
3.41 -0.0228801 0.0225252 0.0202133 0.0305299
3.42 -0.0207931 0.043819 -0.00625077 0.0217123
3.43 -0.0220933 -0.0173731 0.0387124 0.0445731
3.44 -0.0155812 0.0134662 0.0326702 0.0361955
3.45 -0.0115718 0.0781644 0.0329195 0.0348941
3.46 -0.0305069 0.0181436 0.0137543 0.0334642
3.47 -0.0215319 -0.143345 -0.0575689 0.0614638
3.48 -0.00824366 -0.00398294 0.0256709 0.026962
3.49 -0.0118093 0.105083 0.0330346 0.035082
3.5 -0.00873638 0.0945327 0.00723291 0.0113419
3.51 -0.0209433 0.0887795 0.000381664 0.0209467
3.52 -0.0152834 -0.0176612 0.0324656 0.0358831
3.53 -0.0121185 0.0294036 0.0136409 0.0182465
3.54 -0.0202082 0.141523 0.0201293 0.0285229
3.55 -0.0263685 -0.0690931 0.0255158 0.0366927
3.56 -0.022747 -0.0352703 0.0197469 0.0301226
3.57 -0.010442 -0.0430925 0.000357248 0.0104481
3.58 -0.0356074 0.0438337 0.00669588 0.0362315
3.59 -0.0355819 -0.19704 0.0319166 0.047799
3.6 -0.0175107 0.0375093 -0.00651577 0.0186836
3.61 -0.0145233 -0.0447758 -0.00039089 0.0145286
3.62 -0.0257857 -0.127069 -0.0133213 0.0290234
3.63 -0.0198488 0.0206884 0.0199293 0.0281274
3.64 -0.0151746 -0.0178969 0.0132966 0.0201759
3.65 -0.0192143 -0.00191057 0.0263822 0.0326376
3.66 -0.00514003 0.123341 0.0328558 0.0332554
3.67 -0.0123614 -0.0322728 -0.0197174 0.0232719
3.68 0.00506646 -0.0296969 0.00635685 0.00812887
3.69 -0.0302816 -0.0620099 4.64123e-05 0.0302816
3.7 -0.00659905 -0.0356903 0.0192007 0.0203031
3.71 -0.0150083 -0.0312864 -0.0252775 0.0293973
3.72 -0.012232 0.0156535 0.0136155 0.0183031
3.73 -0.0101126 -0.132285 0.00561773 0.0115682
3.74 -0.0266532 -0.0287115 0.00617875 0.02736
3.75 -0.0147332 -0.0358246 -0.00625182 0.0160047
3.76 -0.00684756 -0.0447317 -0.0065555 0.00947965
3.77 -0.0140373 -0.045357 -0.0121671 0.0185765
3.78 -0.0187517 -0.0382774 0.00740055 0.0201592
3.79 -0.0206452 -0.144054 0.0133937 0.0246092
3.8 -0.00631659 -0.0716645 0.0126448 0.0141347
3.81 -0.0301115 -0.0399113 -0.00611344 0.0307258
3.82 -0.00417922 0.0291681 0.0132135 0.0138586
3.83 -0.0120368 0.0163455 -0.0130111 0.0177249
3.84 -0.0131936 -0.0770874 0.051539 0.0532009
3.85 -0.0194264 -0.00584757 0.0320456 0.0374741
3.86 -0.018017 -0.0695914 0.0388834 0.0428547
3.87 9.40883e-05 0.0268246 -0.00648153 0.00648222
3.88 -0.017953 -0.0606102 -9.77954e-05 0.0179532
3.89 -0.00406925 0.0289123 0.0191831 0.0196099
3.9 -0.0298848 -0.035212 0.0265289 0.039961
3.91 -0.016614 0.117083 0.045808 0.0487278
3.92 -0.00213642 -0.0301475 0.0194112 0.0195284
3.93 -0.026118 -0.0869182 0.0321119 0.0413923
3.94 -0.0200211 0.00299722 0.000195622 0.020022
3.95 -0.0126803 0.007684 0.0321878 0.0345954
3.96 -0.0119992 -0.0638674 -0.0328889 0.0350094
3.97 -0.0248381 -0.128064 0.051851 0.0574931
3.98 -0.0166206 0.0500102 0.000415893 0.0166259
3.99 -0.0423672 -0.032363 -0.00616392 0.0428132
4 -0.00725121 -0.0136918 0.00675657 0.00991117
4.01 -0.00764822 0.0138965 0.0192272 0.0206925
4.02 -0.0357751 0.0306994 0.00703288 0.0364598
4.03 -0.0202772 0.150644 0.00756324 0.0216418
4.04 -0.0238265 -0.0300708 -0.0258254 0.0351377
4.05 -0.0111623 -0.0466859 -0.0324107 0.034279
4.06 -0.0165932 0.0149282 -0.0195345 0.0256307
4.07 -0.033161 -0.122732 -8.49288e-05 0.0331611
4.08 -0.0117169 0.00259044 0.0258275 0.0283609
4.09 -0.0166584 0.0368979 0.00665226 0.0179375
4.1 -0.0189478 -0.0240152 0.012838 0.0228874
4.11 -0.0204917 0.0389316 -0.024557 0.0319837
4.12 -0.0144577 -0.0309146 -0.0132411 0.0196048
4.13 -0.00391922 0.0557948 -0.0121664 0.0127821
4.14 -0.0192511 0.0115205 0.0457171 0.0496051
4.15 -0.0193383 -0.00636062 0.0129469 0.0232722
4.16 -0.0256637 -0.0248863 -0.0121369 0.0283889
4.17 -0.00709003 -5.28388e-05 0.019657 0.0208965
4.18 -0.0197547 -0.0192685 0.0129043 0.023596
4.19 -0.00360134 -0.0336869 0.00681293 0.00770621
4.2 -0.0242486 0.0189241 0.00711131 0.0252699
4.21 -0.0112223 -0.0200179 0.0127325 0.0169722
4.22 -0.0193225 0.0116774 0.038974 0.0435009
4.23 -0.0264357 -0.0643598 0.013704 0.0297766
4.24 -0.0138966 0.0578305 -0.0516711 0.0535071
4.25 -0.0166085 0.112675 0.0131335 0.0211738
4.26 -0.0111173 -0.0334439 0.0324552 0.0343065
4.27 -0.0227734 -0.0534371 -0.0188143 0.0295399
4.28 -0.00470081 0.0295251 0.0197017 0.0202548
4.29 -0.0268618 0.0160703 0.013655 0.0301333
4.3 -0.0176934 -0.12747 -0.0128661 0.0218767
4.31 -0.0166409 0.108204 0.0074855 0.018247
4.32 -0.0132836 0.101394 0.0330408 0.035611
4.33 -0.0115951 0.0114479 0.0133698 0.0176974
4.34 -0.0177679 0.0236687 0.0266514 0.0320312
4.35 -0.0132358 0.0214909 -0.0256951 0.0289037
4.36 -0.000298407 0.0177751 0.00678185 0.00678841
4.37 -0.0216195 0.0976327 -0.0256064 0.0335126
4.38 -0.0135337 0.0618861 -0.000113153 0.0135342
4.39 -0.0186193 -0.0198621 0.00660135 0.0197549
4.4 -0.0108478 0.0149947 -0.0185646 0.0215017
4.41 -0.010399 -0.0516647 -0.026275 0.028258
4.42 -0.0230757 0.0407107 0.0199492 0.0305034
4.43 -0.0106236 -0.0156531 -0.0194485 0.0221609
4.44 -0.0122908 0.0117124 -0.00609279 0.0137181
4.45 -0.0228091 0.00917712 0.00728068 0.0239429
4.46 -0.038311 -0.016959 0.000200935 0.0383116
4.47 -0.00352816 0.00621295 -0.00617547 0.00711227
4.48 -0.0216379 -0.156805 -0.012745 0.0251124
4.49 -0.0119528 0.0826152 0.0270012 0.0295285
4.5 -0.0247629 -0.00272586 -0.0128578 0.027902
4.51 -0.0188448 -0.0423016 -0.0187095 0.026555
4.52 -0.0195758 0.0205577 0.0130621 0.0235336
4.53 -0.0151056 -0.00437845 0.0195241 0.0246854
4.54 -0.0231639 -0.0131428 -0.0250439 0.0341139
4.55 -0.00717484 -0.0316093 -0.0125976 0.0144975
4.56 -0.0154147 0.0225356 0.0391491 0.0420745
4.57 -0.0224797 -0.0532904 -0.0257524 0.0341837
4.58 -0.0221549 -0.107446 -0.00667263 0.0231379
4.59 -0.0192012 -0.015296 0.0131791 0.023289
4.6 -0.0244613 0.0725012 -0.0120597 0.0272725
4.61 -0.0275504 -0.00583332 -0.006012 0.0281987
4.62 -0.0191255 -0.0465658 0.000402171 0.0191297
4.63 -0.0185641 -0.05159 0.0452863 0.0489435
4.64 -0.0129282 0.0346345 -0.00648416 0.0144632
4.65 -0.0141378 -0.0405849 -0.00635693 0.0155012
4.66 -0.0196178 0.0519302 0.0071028 0.020864
4.67 -0.0314978 -0.0122052 -0.00616791 0.0320961
4.68 -0.00467993 0.0299636 -0.00662213 0.0081089
4.69 -0.00853835 0.0269824 -0.00644146 0.0106956
4.7 -0.0118697 0.0293383 -0.0122331 0.0170452
4.71 -0.00485754 0.110006 0.0199614 0.0205439
4.72 -0.0102398 -0.0873695 0.00611841 0.0119285
4.73 -0.0223051 -0.0624854 -4.01931e-05 0.0223051
4.74 -0.00478324 -0.00627771 -0.0129135 0.0137709
4.75 -0.0214198 -0.112358 0.0390231 0.0445153
4.76 -0.0114164 -0.0203881 -0.01315 0.0174143
4.77 -0.019034 -0.00214213 -0.0122965 0.0226604
4.78 -0.0127741 -0.0546301 -0.0523125 0.0538495
4.79 -0.00926238 0.183658 0.00729252 0.0117887
4.8 -0.0181015 0.0374569 0.00759317 0.0196296
4.81 -0.0122045 -0.0194285 -0.00633557 0.013751
4.82 -0.0259229 -0.0956551 0.00636163 0.0266921
4.83 -0.0222128 -0.0716328 -0.0187445 0.0290648
4.84 -0.00383552 -0.0108544 -0.0196856 0.0200557
4.85 -0.0243302 0.0415722 0.00663403 0.0252184
4.86 -0.0119707 0.0207582 0.000153638 0.0119717
4.87 -0.0172242 -0.110136 0.0452595 0.0484262
4.88 -0.0045733 0.0337936 0.0259611 0.0263609
