0 0.0158184 -0.0854832 -0.0715005 0.0732294
0.01 0.0123952 -0.0834284 -0.0325753 0.0348539
0.02 0.0178374 0.0115338 -0.0585955 0.0612503
0.03 0.015095 -0.0581239 -0.0584947 0.060411
0.04 0.0103981 -0.118182 -0.0653117 0.0661343
0.05 0.00580264 -0.106413 -0.0320749 0.0325955
0.06 0.00847372 -0.143115 -0.0722367 0.0727321
0.07 0.0198274 -0.0833405 -0.0462955 0.0503627
0.08 0.0188746 0.00612013 -0.0905278 0.0924745
0.09 0.0237711 -0.152532 -0.0336837 0.0412269
0.1 0.0249301 -0.153172 -0.0461191 0.052426
0.11 0.0112889 -0.100661 -0.0333629 0.035221
0.12 0.00902675 -0.148591 -0.0459477 0.0468259
0.13 0.0168682 -0.148442 -0.0398113 0.0432374
0.14 0.019587 -0.078879 -0.0326659 0.0380882
0.15 0.0106486 -0.064205 -0.0331556 0.0348236
0.16 0.00820541 -0.0675999 -0.0264332 0.0276775
0.17 0.012971 -0.16844 -0.0528295 0.0543985
0.18 0.0114653 -0.113902 -0.0845415 0.0853154
0.19 0.00162574 -0.197295 -0.0527779 0.0528029
0.2 0.00873017 -0.125774 -0.0392878 0.0402461
0.21 0.00520327 -0.127873 -0.0390074 0.039353
0.22 0.00583382 -0.177669 -0.0462855 0.0466517
0.23 0.000110913 -0.0269411 -0.0645826 0.0645827
0.24 0.00775777 -0.080914 -0.0389397 0.0397049
0.25 0.00349321 -0.064586 -0.0586178 0.0587217
0.26 0.0157466 -0.125242 -0.0596265 0.0616707
0.27 0.011892 -0.101026 -0.0457124 0.0472339
0.28 0.00943178 -0.143639 -0.0721761 0.0727898
0.29 0.019406 -0.0117045 -0.0196966 0.0276505
0.3 0.00980004 -0.197724 -0.0330454 0.034468
0.31 0.0079252 -0.0851959 -0.0258836 0.0270697
0.32 -0.00765635 -0.0446843 -0.0840123 0.0843604
0.33 0.00544392 -0.154953 -0.0714371 0.0716442
0.34 0.012727 -0.136932 -0.0714313 0.0725562
0.35 0.0158142 -0.0809337 -0.0399404 0.0429573
0.36 0.0158192 -0.152265 -0.0720434 0.0737597
0.37 0.0196467 -0.105568 -0.0526698 0.0562148
0.38 0.0107914 0.0157765 -0.0519565 0.0530653
0.39 0.0145334 -0.0891114 -0.0653244 0.0669216
0.4 0.0187284 -0.0867294 -0.0853417 0.0873726
0.41 0.0116561 -0.0115725 -0.0454144 0.0468864
0.42 0.0123524 -0.150241 -0.103447 0.104182
0.43 0.0167017 -0.134872 -0.0526287 0.0552152
0.44 0.0195911 -0.0873731 -0.033386 0.0387096
0.45 0.0136297 -0.177732 -0.0590856 0.0606372
0.46 0.0122392 -0.172322 -0.0718779 0.0729125
0.47 0.000436985 -0.0894079 -0.0390476 0.0390501
0.48 0.0312796 -0.0947759 -0.0457843 0.0554492
0.49 0.0121045 -0.0744693 -0.0325751 0.0347513
0.5 0.0190666 -0.0291777 -0.0456705 0.0494907
0.51 0.0155145 -0.0538708 -0.0329198 0.0363925
0.52 0.020353 -0.105704 -0.0206737 0.0290111
0.53 0.0311458 -0.0993552 -0.0717538 0.0782219
0.54 0.0133566 -0.186888 -0.0524563 0.0541301
0.55 0.0191916 -0.00731193 -0.0456284 0.0495001
0.56 0.00932685 -0.309197 -0.0791931 0.0797405
0.57 0.0125171 -0.167916 -0.0335365 0.0357963
0.58 0.00793761 -0.165364 -0.0396296 0.0404167
0.59 0.016185 -0.152276 -0.0722377 0.0740287
0.6 0.0153398 -0.0899553 -0.0459544 0.048447
0.61 0.01702 -0.0818448 -0.0132472 0.0215678
0.62 0.0190275 -0.136572 -0.0849087 0.0870145
0.63 -0.00608555 -0.165494 -0.0591155 0.0594279
0.64 0.0205387 -0.101377 -0.0392823 0.0443276
0.65 0.00836795 -0.0941798 -0.0261163 0.0274241
0.66 0.021821 -0.169409 -0.0135647 0.0256935
0.67 0.0319535 -0.170884 -0.0723637 0.0791045
0.68 0.0170704 -0.0728305 -0.032448 0.0366643
0.69 0.0163633 -0.125802 -0.0655034 0.0675163
0.7 0.00971317 -0.0773418 0.0127932 0.0160627
0.71 0.0107131 -0.211831 -0.0202055 0.02287
0.72 0.0029546 -0.269161 -0.0850146 0.0850659
0.73 0.0174405 -0.126594 -0.045824 0.0490307
0.74 0.0237077 -0.121437 -0.0395727 0.0461308
0.75 0.00451572 -0.0696622 -0.0395696 0.0398264
0.76 0.00908127 -0.14821 -0.0647548 0.0653885
0.77 0.0129015 -0.159499 -0.0140033 0.0190405
0.78 0.00843612 -0.139112 -0.0520261 0.0527056
0.79 0.0361236 -0.128377 -0.0725512 0.0810469
0.8 0.0161928 -0.134709 -0.0396677 0.0428455
0.81 0.0177362 -0.197797 -0.0011584 0.017774
0.82 0.0127304 -0.114635 -0.0586928 0.0600575
0.83 0.015641 0.0132753 -0.0455547 0.0481651
0.84 0.0188002 -0.00691195 -0.0583793 0.0613318
0.85 0.0163003 -0.0988106 -0.0142994 0.0216834
0.86 0.0248212 -0.206366 -0.0340703 0.042153
0.87 0.00813935 -0.0588018 -0.0450608 0.04579
0.88 0.00735198 -0.0936931 -0.0264475 0.0274503
0.89 0.0342186 -0.100637 -0.0721789 0.0798794
0.9 0.016273 -0.0944983 -0.0329461 0.0367458
0.91 0.0284722 -0.128791 -0.0785799 0.0835791
0.92 0.0310003 -0.0856884 -0.0332499 0.0454596
0.93 -0.000441283 -0.0618646 -0.0520624 0.0520642
0.94 0.0172986 -0.17969 -0.0915696 0.0931893
0.95 0.0230143 -0.0894279 -0.0723105 0.0758846
0.96 0.0115151 -0.0382864 -0.0518079 0.0530722
0.97 0.0194914 -0.101296 -0.0520773 0.0556054
0.98 0.0194488 -0.083136 -0.0525738 0.0560559
0.99 0.0143989 -0.321005 -0.0342048 0.037112
1 0.0127349 -0.145928 -0.0268213 0.0296911
1.01 0.0176024 -0.278245 -0.10444 0.105913
1.02 0.0238824 -0.107992 -0.0201997 0.0312793
1.03 0.0204099 -0.154849 -0.0271632 0.0339765
1.04 0.00636492 -0.280651 -0.0530059 0.0533867
1.05 0.00559451 -0.164083 -0.0647323 0.0649736
1.06 3.63565e-05 -0.0266223 -0.0390113 0.0390113
1.07 0.0116977 -0.0429254 -0.0645937 0.0656443
1.08 0.00818056 -0.0942587 -0.00714699 0.0108628
1.09 -0.00301358 -0.145274 -0.04632 0.046418
1.1 0.0124492 -0.0879483 -0.0523755 0.0538348
1.11 0.000961126 -0.103279 -0.0712732 0.0712797
1.12 0.0194908 -0.0918688 -0.0529531 0.0564262
1.13 -0.00435161 -0.0108209 -0.0778262 0.0779478
1.14 0.0176018 -0.234284 -0.0461666 0.0494082
1.15 0.00414097 0.0153947 -0.0580651 0.0582126
1.16 0.0158055 -0.0986613 -0.0462574 0.0488831
1.17 0.0226035 0.0264786 -0.0262967 0.0346761
1.18 0.019362 -0.0786983 -0.0391766 0.0437
1.19 0.00583085 -0.230916 -0.0462303 0.0465965
1.2 0.00530346 -0.261821 -0.0466577 0.0469581
1.21 0.00907394 -0.139414 -0.032834 0.0340648
1.22 -0.000309451 -0.111349 -0.0589845 0.0589854
1.23 0.0113573 -0.00698864 -0.0583083 0.0594041
1.24 0.012018 -0.136654 -0.0459744 0.0475192
1.25 0.00943241 -0.161218 -0.0910975 0.0915845
1.26 0.02258 -0.0536099 -0.0141306 0.026637
1.27 0.00819769 -0.0361443 -0.0259901 0.0272523
1.28 0.00427619 -0.172041 -0.0653187 0.0654585
1.29 0.00766668 -0.089165 -0.0905483 0.0908723
1.3 0.0160326 -0.139059 -0.0523295 0.0547304
1.31 0.00990157 -0.224814 -0.0850237 0.0855983
1.32 0.0107033 -0.0555128 -0.0584179 0.0593903
1.33 0.0131879 -0.172995 -0.0592129 0.0606637
1.34 0.00119151 -0.125325 -0.0337667 0.0337878
1.35 0.020875 -0.115308 -0.0776777 0.0804338
1.36 0.0204271 -0.132726 -0.0330905 0.0388876
1.37 -0.000897896 0.00494798 -0.0591125 0.0591193
1.38 -0.0024448 -0.136455 -0.0396947 0.0397699
1.39 0.0236639 -0.0988483 -0.0911007 0.094124
1.4 -0.00236027 -0.136786 -0.0516174 0.0516714
1.41 0.000754597 -0.121053 -0.0974086 0.0974115
1.42 0.0149993 0.0446705 -0.0200875 0.0250696
1.43 0.00688707 -0.0755585 -0.0270202 0.0278841
1.44 -0.00436239 -0.104275 -0.104002 0.104094
1.45 0.00121677 -0.139046 -0.0393828 0.0394016
1.46 0.0089768 -0.148157 -0.0527618 0.05352
1.47 0.0231496 0.0218286 -0.0392768 0.0455914
1.48 0.0266516 0.0508792 -0.0645425 0.0698286
1.49 0.0103972 -0.242722 -0.0205948 0.0230705
1.5 0.000405741 -0.0803851 -0.0523872 0.0523888
1.51 0.00836034 -0.107842 -0.0392491 0.0401297
1.52 0.017049 -0.112843 -0.0651528 0.0673465
1.53 0.0084041 -0.156814 -0.0270727 0.0283471
1.54 0.0245579 -0.197775 -0.0462633 0.0523773
1.55 0.015038 -0.00913924 -0.0257523 0.0298215
1.56 0.00526455 -0.128178 -0.0196592 0.0203519
1.57 0.0178307 -0.153696 -0.0199186 0.0267335
1.58 0.0200859 -0.1326 -0.065281 0.0683012
1.59 0.0239934 -0.139018 -0.0528272 0.0580207
1.6 0.00797755 -0.156317 -0.0976182 0.0979436
1.61 0.00871126 -0.14365 -0.0330004 0.0341308
1.62 0.015611 -0.0312926 -0.0397614 0.0427162
1.63 0.0199868 -0.168047 -0.0720537 0.0747744
1.64 -0.00260022 -0.145215 -0.085031 0.0850707
1.65 0.0080345 -0.10287 -0.0650883 0.0655823
1.66 0.0170755 -0.170725 -0.0525116 0.0552182
1.67 0.015251 -0.071823 -0.0582114 0.0601761
1.68 0.0133594 -0.132664 -0.0458183 0.0477262
1.69 0.0278486 -0.0303347 0.00592804 0.0284725
1.7 0.0150364 -0.124944 -0.0593081 0.0611845
1.71 0.0158447 -0.0899561 -0.0266008 0.0309622
1.72 0.0189544 -0.0603667 -0.0657318 0.0684101
1.73 0.0285683 -0.110618 -0.0009604 0.0285845
1.74 0.00656494 -0.298222 -0.00183109 0.00681552
1.75 0.0316199 -0.0997818 -0.0397249 0.0507729
1.76 0.0163764 -0.130059 -0.0522148 0.0547227
1.77 0.016615 -0.0905395 -0.0327095 0.0366874
1.78 0.02777 -0.141232 -0.0793416 0.0840611
1.79 0.0167732 -0.14838 -0.0393082 0.0427373
1.8 0.00249178 -0.072424 -0.0974126 0.0974445
1.81 0.00365956 0.0246176 -0.0581732 0.0582882
1.82 0.012341 -0.127931 -0.0457894 0.0474234
1.83 0.0100805 -0.233214 -0.0597935 0.0606372
1.84 0.00854949 -0.170642 -0.0393236 0.0402422
1.85 0.0122842 -0.0787852 -0.0393 0.0411751
1.86 0.0188176 0.0510217 -0.0258302 0.0319578
1.87 0.00195007 -0.143313 -0.0401315 0.0401789
1.88 0.0170904 -0.180207 -0.0462771 0.049332
1.89 0.0230216 -0.0808053 -0.0590563 0.0633848
1.9 0.0197481 -0.154321 -0.091615 0.0937192
1.91 0.0165348 -0.10811 -0.0457703 0.0486653
1.92 0.0162756 -0.108013 -0.0586834 0.0608985
1.93 0.0156918 -0.0539403 -0.0392841 0.0423021
1.94 0.0160414 -0.16139 -0.0848483 0.0863514
1.95 -0.00358071 -0.0557076 -0.064564 0.0646632
1.96 0.000593113 -0.102946 -0.0650174 0.0650201
1.97 0.0132613 -0.19059 -0.0725055 0.0737083
1.98 0.0185551 -0.0739516 -0.0391096 0.043288
1.99 0.0237879 -0.103866 -0.0265119 0.0356194
2 0.0159436 -0.125195 -0.039808 0.0428821
2.01 0.0155025 -0.116374 -0.0718898 0.0735423
2.02 0.0228539 0.0127384 -0.051655 0.0564849
2.03 0.0152343 -0.0941065 -0.0260311 0.0301612
2.04 0.0132243 -0.150595 -0.0652106 0.066538
2.05 0.0114383 -0.0561998 -0.045791 0.047198
2.06 0.0127379 -0.123612 -0.0392214 0.041238
2.07 0.00829135 -0.0225109 -0.0521481 0.0528031
2.08 0.0104593 -0.216304 -0.0395402 0.0409002
2.09 0.0207978 -0.110763 -0.0266072 0.0337712
2.1 0.0245828 -0.175201 -0.0335951 0.0416286
2.11 0.0233325 -0.0989353 -0.0331125 0.0405073
2.12 -0.00171049 -0.271319 -0.0790636 0.0790821
2.13 0.0239682 -0.138973 -0.0466954 0.0524875
2.14 0.0115885 -0.149387 -0.0273504 0.0297041
2.15 0.0100762 -0.0151872 -0.0585538 0.0594145
2.16 0.0160425 -0.152283 -0.0332181 0.0368891
2.17 0.00713399 -0.0129068 -0.0455355 0.0460909
2.18 0.0102799 -0.0459513 -0.0856235 0.0862384
2.19 0.0556291 -0.132104 -0.36556 0.369768
2.2 0.0873723 -0.147364 -0.871551 0.87592
2.21 0.120999 -0.0431477 -1.16501 1.17128
2.22 0.154971 -0.0994772 -1.21384 1.22369
2.23 0.179523 -0.297593 -0.996846 1.01288
2.24 0.195394 -0.289751 -0.887021 0.908287
2.25 0.194893 -0.288936 -0.931995 0.952155
2.26 0.150728 -0.194884 -1.03904 1.04992
2.27 0.103207 -0.240577 -1.26894 1.27313
2.28 0.0452332 -0.276102 -1.45361 1.45432
2.29 0.0620885 -0.214313 -1.60328 1.60448
2.3 0.0783726 -0.273145 -1.77234 1.77407
2.31 0.0955982 -0.145572 -1.85613 1.85859
2.32 0.116241 -0.27877 -1.92756 1.93106
2.33 0.124255 -0.230444 -1.91943 1.92345
2.34 0.108002 -0.234137 -2.00781 2.01071
2.35 0.098614 -0.129479 -2.10365 2.10596
2.36 0.109742 -0.114603 -2.14807 2.15087
2.37 0.117112 -0.11421 -2.18114 2.18428
2.38 0.132091 -0.101864 -2.21908 2.22301
2.39 0.186791 -0.198559 -2.31137 2.3189
2.4 0.211824 -0.227124 -2.39017 2.39954
2.41 0.237724 -0.132239 -2.42334 2.43498
2.42 0.255655 -0.0541659 -2.43051 2.44392
2.43 0.270674 -0.143718 -2.50872 2.52328
2.44 0.259409 -0.270426 -2.65709 2.66973
2.45 0.272186 -0.14841 -2.78602 2.79928
2.46 0.240169 -0.186622 -2.90875 2.91865
2.47 0.253311 -0.292887 -3.01261 3.02324
2.48 0.255398 -0.293891 -3.11038 3.12085
2.49 0.269413 -0.167994 -3.25947 3.27059
2.5 0.282627 -0.194178 -3.38194 3.39373
2.51 0.321246 -0.275293 -3.53234 3.54691
2.52 0.318973 -0.19831 -3.70607 3.71977
2.53 0.411128 -0.279849 -4.05915 4.07992
2.54 0.372281 -0.2786 -4.19914 4.21561
2.55 0.421872 -0.394056 -4.26651 4.28731
2.56 0.473421 -0.300653 -4.28198 4.30807
2.57 0.499125 -0.267355 -4.41217 4.44031
2.58 0.517095 -0.367339 -4.64034 4.66906
2.59 0.521668 -0.306861 -4.85351 4.88147
2.6 0.507993 -0.453573 -5.07455 5.09991
2.61 0.499649 -0.493437 -5.21652 5.2404
2.62 0.525811 -0.500286 -5.30254 5.32855
2.63 0.575928 -0.459243 -5.43958 5.46999
2.64 0.581596 -0.542281 -5.68044 5.71013
2.65 0.587688 -0.479362 -5.80262 5.8323
2.66 0.609841 -0.408864 -5.81486 5.84675
2.67 0.610918 -0.628034 -5.8929 5.92448
2.68 0.628096 -0.326397 -5.8965 5.92986
2.69 0.62481 -0.551474 -6.00645 6.03886
2.7 0.611991 -0.458263 -6.10275 6.13336
2.71 0.575318 -0.650213 -6.15408 6.18091
2.72 0.581321 -0.404677 -6.1443 6.17174
2.73 0.569039 -0.343309 -6.15018 6.17644
2.74 0.574366 -0.386618 -6.15664 6.18338
2.75 0.591061 -0.299055 -6.23393 6.26189
2.76 0.588759 -0.623129 -6.34662 6.37387
2.77 0.617279 -0.440026 -6.39681 6.42653
2.78 0.625678 -0.463455 -6.31284 6.34377
2.79 0.612355 -0.388164 -6.36977 6.39913
2.8 0.618983 -0.364755 -6.44151 6.47118
2.81 0.600339 -0.486642 -6.59683 6.6241
2.82 0.60984 -0.452127 -6.77751 6.80489
2.83 0.607143 -0.415125 -6.88243 6.90916
2.84 0.648837 -0.408766 -6.96746 6.99761
2.85 0.646444 -0.608352 -7.03284 7.06249
2.86 0.670286 -0.471033 -7.14294 7.17432
2.87 0.684458 -0.476118 -7.2281 7.26044
2.88 0.720237 -0.494379 -7.276 7.31157
2.89 0.74691 -0.586729 -7.40115 7.43874
2.9 0.768054 -0.599804 -7.51912 7.55825
2.91 0.77748 -0.578503 -7.61625 7.65583
2.92 0.777487 -0.471706 -7.77078 7.80958
2.93 0.78606 -0.575289 -7.8682 7.90737
2.94 0.79674 -0.632076 -7.9081 7.94813
2.95 0.848748 -0.610187 -8.05262 8.09722
2.96 0.902453 -0.603505 -8.13142 8.18135
2.97 0.917445 -0.625906 -8.1969 8.24808
2.98 0.957465 -0.597626 -8.16321 8.21917
2.99 0.920528 -0.490178 -8.19324 8.24479
3 0.882811 -0.551411 -8.32759 8.37425
3.01 0.848753 -0.444952 -8.51407 8.55627
3.02 0.871514 -0.551902 -8.62651 8.67042
3.03 0.886993 -0.610594 -8.69308 8.73821
3.04 0.937676 -0.712567 -8.73529 8.78547
3.05 0.946324 -0.70477 -8.76763 8.81855
3.06 0.955792 -0.617119 -8.74027 8.79238
3.07 0.902374 -0.661539 -8.68573 8.73247
3.08 0.851992 -0.630771 -8.65742 8.69924
3.09 0.802357 -0.51948 -8.81084 8.84729
3.1 0.794368 -0.634806 -9.09064 9.12528
3.11 0.869894 -0.725458 -9.39237 9.43257
3.12 0.974179 -0.8248 -9.50287 9.55267
3.13 1.06026 -0.890595 -9.30137 9.3616
3.14 0.98894 -0.710111 -8.28676 8.34556
3.15 0.793821 -0.34936 -5.14654 5.2074
3.16 0.64967 -0.122838 -4.44503 4.49226
3.17 0.375784 -0.407678 -8.56496 8.5732
3.18 -0.10454 -0.680221 -14.4236 14.424
3.19 0.465479 -0.959303 -13.0792 13.0875
3.2 1.13115 -1.18481 -8.67602 8.74945
3.21 1.56941 -1.35087 -6.58746 6.77183
3.22 1.78044 -1.6502 -5.59982 5.87605
3.23 1.79777 -1.70963 -5.46136 5.74964
3.24 1.45029 -1.68166 -5.30289 5.49764
3.25 0.965293 -1.3808 -4.8704 4.96514
3.26 0.631782 -1.01817 -3.89469 3.9456
3.27 0.375292 -0.968254 -2.8618 2.8863
3.28 0.223867 -0.753429 -2.06811 2.08019
3.29 0.129657 -0.740653 -1.49598 1.50159
3.3 0.064297 -0.651555 -0.836263 0.838731
3.31 0.00941309 -0.472508 -0.439906 0.440007
3.32 0.00489127 -0.0380272 -0.112956 0.113062
3.33 -0.00421521 -0.0241826 0.0320055 0.0322819
3.34 0.00354224 -0.144811 -0.064847 0.0649437
3.35 0.0116 -0.225308 -0.0407369 0.0423563
3.36 0.0266578 -0.0913385 -0.0400953 0.0481484
3.37 0.0157833 -0.161313 -0.0726229 0.0743182
3.38 0.00793029 -0.133928 -0.0140479 0.0161318
3.39 0.022654 -0.0979105 -0.0728369 0.0762785
3.4 0.0209883 -0.217563 -0.0346781 0.0405349
3.41 0.00876119 -0.147827 -0.0718769 0.0724089
3.42 0.00931476 -0.0233993 -0.0843653 0.0848779
3.43 0.0154709 -0.0314631 -0.0330563 0.0364976
3.44 0.0197925 -0.0967758 -0.0461207 0.0501883
3.45 0.0234184 -0.076486 -0.0524882 0.0574755
3.46 0.0189902 -0.104766 0.0114337 0.0221666
3.47 0.0287352 -0.133295 -0.0397732 0.0490675
3.48 0.0157766 -0.103314 -0.0590813 0.0611515
3.49 -0.00285132 -0.163382 -0.0787113 0.078763
3.5 0.0153488 -0.107082 -0.0462801 0.0487589
3.51 0.00699566 -0.14648 -0.0661697 0.0665385
3.52 0.0235668 -0.174714 -0.0339262 0.0413084
3.53 -0.00405795 -0.0909695 -0.0524764 0.0526331
3.54 0.0123888 -0.128042 -0.0329145 0.0351688
3.55 0.0200345 -0.0522139 -0.0267367 0.03341
3.56 0.0145236 -0.0842197 -0.052842 0.0548016
3.57 0.00753358 -0.0713049 -0.0463262 0.0469347
3.58 0.0189125 -0.1225 -0.033941 0.0388545
3.59 0.0157006 -0.14273 -0.066285 0.0681191
3.6 0.0103951 -0.14865 -0.0727095 0.0734488
3.61 0.0154424 -0.138728 -0.0597603 0.0617233
3.62 0.00757909 -0.143219 -0.0590112 0.0594959
3.63 0.00787412 -0.103338 -0.0331744 0.0340961
3.64 -0.00097499 -0.0215788 -0.0192724 0.0192971
3.65 0.0155071 -0.125028 -0.0463569 0.0488818
3.66 0.0217906 -0.0707217 -0.053126 0.0574213
3.67 0.0160363 -0.111722 -0.0397123 0.0428279
3.68 0.0088189 -0.161162 -0.0398906 0.0408538
3.69 0.0146603 -0.0981953 -0.0524879 0.0544968
3.7 0.00243676 0.0390765 -0.0393481 0.0394235
3.71 0.00433409 -0.185215 -0.0595853 0.0597427
3.72 0.0050323 -0.221633 -0.059522 0.0597344
3.73 0.0153793 -0.111697 -0.0588334 0.0608103
3.74 0.0386183 -0.0896054 -0.0339837 0.0514419
3.75 0.00857225 -0.0946377 -0.0195346 0.0213327
3.76 0.0118503 -0.162999 -0.0401745 0.0418858
3.77 0.00310488 -0.121863 -0.0788494 0.0789105
3.78 0.0224979 -0.0843725 -0.0468672 0.0519874
3.79 0.00653662 0.01872 -0.0262703 0.0270713
3.8 0.00367209 -0.0824153 -0.0325119 0.0327186
3.81 0.0141485 -0.00828783 -0.0392611 0.0417327
3.82 0.0120623 -0.0963635 -0.0133406 0.0179853
3.83 0.0122024 -0.158891 -0.052543 0.0539413
3.84 0.00694363 0.000548123 -0.0259681 0.0268804
3.85 0.0118952 -0.172055 -0.0466153 0.048109
3.86 0.0190358 -0.0737469 -0.0398773 0.0441878
3.87 0.00654381 -0.0752506 -0.0520347 0.0524446
3.88 0.00723603 -0.0712892 -0.00707414 0.0101195
3.89 0.0234713 -0.174492 -0.0596762 0.0641261
3.9 0.00358952 -0.10895 -0.0397492 0.0399109
3.91 0.00260644 0.0212593 -0.0268908 0.0270168
3.92 0.0192691 -0.0602635 -0.0202336 0.027941
3.93 0.0156458 -0.0940675 -0.0396034 0.0425819
3.94 0.00805777 -0.156042 -0.0471401 0.0478238
3.95 0.00230419 -0.072664 -0.052191 0.0522418
3.96 0.013841 0.0585219 -0.0131148 0.0190676
3.97 0.0188478 -0.0777086 -0.0654849 0.0681433
3.98 0.00788472 -0.0673581 -0.0324416 0.033386
3.99 0.0118157 -0.060469 -0.0326968 0.0347662
4 0.00801884 -0.0759705 -0.0261479 0.0273499
4.01 0.0140079 -0.0750799 -0.0593525 0.0609831
4.02 0.0195378 -0.118502 -0.0783152 0.0807155
4.03 0.013342 -0.159667 -0.0660225 0.0673571
4.04 0.0203442 -0.146071 -0.0206521 0.0289896
4.05 0.0144929 -0.0712736 -0.0718825 0.0733289
4.06 0.0191888 -0.109763 -0.027194 0.0332824
4.07 0.00241861 -0.0550103 -0.0327278 0.0328171
4.08 0.0191715 -0.0424635 -0.0270622 0.0331649
4.09 0.0271514 -0.100595 -0.0597675 0.0656457
4.1 0.0150469 -0.0715457 -0.0134009 0.0201493
4.11 0.00351076 -0.0867864 -0.020035 0.0203403
4.12 0.00754041 -0.0576418 -0.0331933 0.034039
4.13 0.0204291 -0.239586 -0.0473307 0.0515514
4.14 0.01795 -0.0014403 -0.0202771 0.0270807
4.15 0.0159986 -0.116684 -0.0136788 0.0210491
4.16 0.00267697 -0.10413 -0.0528284 0.0528961
4.17 0.015025 -0.0890987 -0.00105196 0.0150618
4.18 0.0131823 -0.235368 -0.0270812 0.0301192
4.19 0.0040791 -0.113798 -0.0267469 0.0270561
4.2 0.0150204 -0.0804448 -0.0265849 0.0305347
4.21 -0.00399695 -0.113734 -0.0781818 0.0782839
4.22 0.0161896 -0.183569 -0.0403663 0.0434918
4.23 0.0111696 -0.0779142 -0.0330666 0.0349022
4.24 0.0151687 -0.115958 -0.0592316 0.0611431
4.25 0.0219917 -0.0442931 -0.0525228 0.056941
4.26 0.00429392 -0.19408 -0.0529889 0.0531626
4.27 0.00761513 -0.160734 -0.0463917 0.0470125
4.28 0.023521 -0.129667 -0.0404012 0.0467493
4.29 0.0123544 -0.14524 -0.0532911 0.0547044
4.3 0.00903976 -0.134153 -0.0081583 0.0121768
4.31 0.0107268 -0.0689305 -0.0328339 0.0345417
4.32 0.026233 -0.073767 -0.0463887 0.0532924
4.33 0.0163704 -0.14797 -0.0657078 0.0677163
4.34 0.0196145 -0.113961 -0.0526163 0.0561534
4.35 0.0204247 -0.128479 -0.0327299 0.0385799
4.36 0.0176014 -0.25156 -0.0338885 0.038187
4.37 0.0126156 -0.145821 -0.0201865 0.0238044
4.38 0.0224188 -0.044609 -0.0333695 0.0402011
4.39 0.0189027 -0.0159514 -0.0394109 0.0437097
4.4 0.0127735 -0.199598 -0.0336005 0.0359466
4.41 0.00388553 -0.122479 -0.046171 0.0463342
4.42 0.0160679 -0.169787 -0.0342472 0.0378292
4.43 0.0277585 -0.105548 0.00516747 0.0282354
4.44 -0.00274009 -0.221777 -0.0266015 0.0267422
4.45 0.0156966 0.0307311 -0.000109119 0.015697
4.46 0.0191636 -0.126973 -0.0339221 0.0389609
4.47 0.0131849 -0.172672 -0.0531514 0.0547623
4.48 0.0237501 -0.0943386 -0.0266147 0.0356709
4.49 0.0166896 -0.139085 -0.0332083 0.0371663
4.5 -0.00326583 -0.167506 -0.0331846 0.0333449
4.51 0.00480506 -0.162839 -0.00157854 0.00505771
4.52 0.0194742 -0.104864 -0.020534 0.0283
4.53 0.0220349 -0.106617 -0.0337697 0.0403229
4.54 0.0127604 -0.186212 -0.0203974 0.02406
4.55 0.0156835 -0.12085 -0.0523611 0.0546594
4.56 0.0192419 -0.0918036 -0.0270791 0.0332194
4.57 0.0118614 -0.0827361 -0.0336748 0.0357027
4.58 0.0227221 -0.040411 -0.0334744 0.0404577
4.59 0.0104797 0.0562048 -0.00659425 0.0123818
4.6 0.0310436 -0.0763496 0.0121807 0.0333477
4.61 0.0170011 -0.21961 -0.00856183 0.0190353
4.62 0.0077199 -0.133921 -0.0392246 0.0399771
4.63 -0.00437105 -0.0997047 -0.0390128 0.0392569
4.64 0.0200866 -0.222022 -0.0594853 0.0627851
4.65 -0.00322045 -0.153942 -0.0208253 0.0210728
4.66 0.0127516 -0.141242 0.00578355 0.0140019
4.67 0.0226739 -0.0537923 -0.0386577 0.0448166
4.68 0.010493 0.0335516 -0.0451746 0.0463773
4.69 -0.00331276 -0.157966 -0.0469353 0.0470521
4.7 0.00250376 -0.0325605 -0.0521035 0.0521636
4.71 0.0147793 -0.0891954 -0.00749243 0.01657
4.72 0.0167534 -0.130265 -0.0459365 0.0488962
4.73 0.0043661 -0.113943 -0.078533 0.0786543
4.74 0.00434947 -0.0872036 -0.0133396 0.0140308
4.75 0.0152687 -0.0938623 -0.0458817 0.0483556
4.76 0.00530495 -0.0294862 -0.0787302 0.0789088
4.77 0.00892987 -0.188445 -0.0268281 0.0282752
4.78 0.0167354 -0.161492 -0.0330719 0.0370651
4.79 0.0157769 -0.0582152 -0.0203668 0.0257627
4.8 0.0268864 0.046743 -0.0135431 0.0301047
4.81 0.00662489 -0.0619272 -0.0393346 0.0398886
4.82 0.0019945 -0.28705 -0.0532381 0.0532754
4.83 0.0128569 -0.163634 -0.027239 0.0301208
4.84 0.00911388 -0.223874 -0.0530725 0.0538493
4.85 0.0106368 -0.193914 -0.000851429 0.0106708
4.86 0.0102111 -0.309403 -0.0535613 0.0545259
4.87 0.0112953 -0.0334075 -0.0393629 0.0409515
4.88 0.0151311 -0.0756394 -0.0458752 0.0483061
4.89 0.0122016 -0.0921094 -0.0520001 0.0534125
4.9 0.0134807 -0.0525538 -0.0526599 0.054358
4.91 0.0190403 -0.140851 -0.0464816 0.0502302
4.92 0.0191038 -0.100284 -0.0139181 0.0236362
4.93 0.0193113 -0.0782641 -0.0459901 0.04988
4.94 -0.00556269 -0.0592528 -0.0264584 0.0270368
4.95 0.0190809 -0.0961538 -0.0397408 0.0440841
4.96 0.0203183 -0.13249 -0.0139216 0.0246301
4.97 0.0157916 -0.0852754 -0.0330542 0.0366327
4.98 0.0189656 -0.0336748 -0.0652377 0.0679386
4.99 0.0189301 -0.0871852 -0.0201926 0.0276783
5 0.0160797 -0.0807203 -0.00731721 0.0176663
5.01 0.0203066 -0.159022 -0.0406687 0.0454566
5.02 0.0138515 -0.0439423 -0.0395993 0.041952
5.03 0.0102358 0.0121266 -0.0461691 0.0472902
5.04 0.0164308 -0.0458427 0.0189122 0.0250528
5.05 0.011532 -0.136072 -0.0341982 0.0360902
5.06 0.0196921 -0.0828761 -0.0138188 0.024057
5.07 0.00927042 -0.22422 -0.0593664 0.0600859
5.08 0.0225545 -0.089536 -0.0202216 0.0302922
5.09 0.0162507 -0.183694 -0.0724102 0.0742113
5.1 0.0148349 -0.138181 -0.0402349 0.0428826
5.11 0.0258471 0.0287398 -0.058497 0.0639528
5.12 0.0160811 -0.0673686 -0.0138944 0.0212522
5.13 -0.00061912 -0.0751473 -0.0391209 0.0391258
5.14 0.00806836 -0.11632 -0.000717225 0.00810018
5.15 0.00620571 -0.00348454 -0.0909802 0.0911916
5.16 0.0189923 -0.118121 -0.0405566 0.0447833
5.17 0.0241336 -0.148115 -0.0849096 0.0882727
5.18 0.0120927 -0.140896 -0.0658442 0.0669455
5.19 0.011683 -0.0826465 -0.0524491 0.0537345
5.2 0.0130097 -0.150447 -0.0329342 0.0354106
5.21 0.0102588 -0.0906924 -0.0399286 0.0412255
5.22 0.0204002 -0.119167 -0.00122087 0.0204367
5.23 0.0152274 -0.102749 -0.0141467 0.0207847
5.24 0.0204124 -0.145724 -0.059239 0.0626572
5.25 0.00266251 -0.0373149 -0.0325045 0.0326134
5.26 0.0148352 -0.0940184 -0.0584921 0.060344
5.27 0.0147514 -0.0980953 -0.0206764 0.0253991
5.28 0.00536037 -0.234756 -0.05348 0.053748
5.29 0.0148467 -0.0981368 -0.0463179 0.0486392
5.3 0.0194813 -0.0788052 -0.0458114 0.0497816
5.31 0.0226607 -0.10264 -0.0530048 0.0576456
5.32 0.0143428 -0.0263131 -0.06525 0.0668078
5.33 0.0107922 -0.0510053 -0.0524993 0.0535971
5.34 -0.000354576 -0.102454 -0.0262908 0.0262932
5.35 0.0112812 -0.0465655 -0.0392584 0.0408471
5.36 0.0122386 -0.132104 -0.0592951 0.0605449
5.37 0.00735718 -0.0889947 -0.00749175 0.0105002
5.38 0.0109951 0.00196634 -0.0387982 0.0403261
5.39 0.00975136 0.0389684 -0.0776336 0.0782436
5.4 0.0224033 -0.120141 -0.0597014 0.0637665
5.41 0.00367464 -0.10914 -0.0527863 0.0529141
5.42 0.00908146 -0.187985 -0.047252 0.0481168
5.43 0.014557 -0.0399945 -0.0395576 0.0421511
5.44 0.0116615 -0.189601 -0.0594436 0.0605767
5.45 0.0147197 -0.0890529 -0.0591545 0.0609584
5.46 0.0260856 -0.0198617 -0.0204405 0.0331403
5.47 0.0156325 -0.143217 -0.0265831 0.0308389
5.48 0.0100198 -0.0728792 -0.0328756 0.0343686
5.49 -0.000216441 -0.0527774 -0.0201744 0.0201755
5.5 0.0235792 -0.152249 -0.0589307 0.0634728
5.51 0.0122854 -0.132376 -0.0201671 0.0236144
5.52 0.00177833 -0.250587 -0.027816 0.0278728
5.53 0.00368245 -0.00215228 -0.026012 0.0262714
5.54 0.0108897 0.0471388 -0.0132293 0.0171348
5.55 0.020452 -0.17285 -0.0529196 0.0567342
5.56 0.0249669 -0.143963 -0.0717926 0.07601
5.57 0.0197376 -0.158533 -0.0721946 0.0748441
5.58 0.0114675 -0.0647388 -0.0526429 0.0538774
5.59 0.0309287 -0.0989033 -0.00827734 0.0320171
5.6 0.0101937 -0.309046 -0.0277194 0.0295343
5.61 0.0314966 -0.125895 -0.0401278 0.0510125
5.62 0.00751032 -0.111639 -0.0265242 0.027567
5.63 0.00647787 -0.110635 -0.0272671 0.0280261
5.64 0.0126369 -0.132192 -0.026834 0.0296607
5.65 0.0162655 -0.22819 -0.0465659 0.049325
5.66 0.0152838 -0.111474 -0.084584 0.0859538
5.67 0.0172033 -0.2158 -0.0267587 0.0318116
5.68 0.00883715 -0.201917 -0.0269238 0.028337
5.69 0.00773235 -0.0179902 -0.0517021 0.0522771
5.7 0.00796807 -0.120816 -0.0202843 0.0217932
5.71 0.0154632 -0.0894286 -0.0268176 0.0309563
5.72 0.0191375 -0.14532 -0.0210917 0.0284799
5.73 0.01453 -0.0622457 -0.0461644 0.048397
5.74 0.00945614 -0.0142849 -0.0717546 0.072375
5.75 0.00894896 -0.157197 -0.0648313 0.065446
5.76 0.00697349 0.0091044 0.00629353 0.00939351
