0 -0.0129432 -0.210716 0.0245786 0.0277783
0.01 -0.0143289 -0.133808 0.00614557 0.0155912
0.02 -0.00672917 -0.0717239 0.0513557 0.0517946
0.03 0.00202999 -0.224753 0.00585116 0.0061933
0.04 0.00789197 -0.0804392 0.0441235 0.0448237
0.05 0.0118751 -0.0379927 0.0377659 0.0395889
0.06 -0.00556028 -0.201391 0.0244757 0.0250994
0.07 -0.00292376 -0.118609 0.0320195 0.0321527
0.08 -0.00272705 -0.11009 0.0191292 0.0193226
0.09 -0.0105525 -0.0961244 0.0447206 0.0459488
0.1 0.00184905 -0.134939 0.0124837 0.0126199
0.11 -0.010386 -0.109695 0.057538 0.0584679
0.12 -0.000727006 -0.257922 0.0177662 0.0177811
0.13 0.00473101 -0.181237 0.0246273 0.0250776
0.14 -0.0097851 -0.128292 0.0256341 0.0274382
0.15 -0.00205166 -0.167966 0.0121043 0.0122769
0.16 0.00345071 -0.0638614 -0.0205826 0.0208699
0.17 -0.00267746 -0.10516 0.0318828 0.031995
0.18 -0.00630027 -0.0629139 0.0384331 0.0389461
0.19 -0.0098864 -0.159331 -0.00703405 0.0121334
0.2 -0.00297946 -0.042759 0.0253546 0.025529
0.21 0.0048611 -0.167843 -0.00118913 0.00500443
0.22 -0.0209129 -0.152436 0.0446794 0.0493315
0.23 -0.0117685 -0.00185581 -0.00712077 0.0137551
0.24 -0.00638205 -0.14302 0.0251901 0.025986
0.25 -0.00739343 -0.0576813 0.0126411 0.0146445
0.26 -0.015259 -0.107129 0.0321294 0.0355687
0.27 0.00507766 0.0101671 0.051666 0.0519149
0.28 0.00862418 -0.116594 -0.000803138 0.0086615
0.29 -0.00566528 -0.0721607 0.0383088 0.0387255
0.3 -0.00993801 -0.163143 0.0443624 0.0454619
0.31 -0.0152561 0.0273909 0.00648079 0.0165756
0.32 -0.0200183 -0.0680115 -0.0258459 0.0326916
0.33 -0.0132126 -0.174917 0.0124686 0.0181669
0.34 -0.00268368 -0.149613 0.00529071 0.00593243
0.35 -0.0124214 -0.108379 0.0378005 0.039789
0.36 -0.00227086 -0.136523 0.0125092 0.0127136
0.37 0.00111402 -0.107729 0.038094 0.0381103
0.38 -0.00797293 -0.0573616 0.0188588 0.0204749
0.39 -0.000326754 -0.307516 0.0374057 0.0374071
0.4 0.00490721 -0.136984 -0.0262496 0.0267043
0.41 -0.0102575 -0.136197 0.0252002 0.0272079
0.42 0.0013714 -0.116611 0.00543835 0.0056086
0.43 0.000728315 -0.0627168 0.0256815 0.0256918
0.44 0.00115637 -0.183224 0.0120327 0.0120881
0.45 -0.00576325 -0.21022 0.0176554 0.0185722
0.46 -0.0206762 -0.228376 0.0115513 0.0236842
0.47 -0.00634366 -0.187422 0.0437875 0.0442447
0.48 -0.0192611 0.0341728 0.0257301 0.0321407
0.49 -0.00960619 -0.136693 0.0508643 0.0517634
0.5 -0.00960841 -0.119074 0.0195085 0.0217464
0.51 -0.00689335 -0.164993 -0.000841084 0.00694448
0.52 -0.0061883 -0.134178 0.0183613 0.0193761
0.53 0.0012561 -0.0318321 0.0512475 0.0512629
0.54 -0.00747709 0.00488298 0.0521147 0.0526483
0.55 0.00605219 -0.141694 0.0381915 0.038668
0.56 -0.00350309 -0.118129 0.0119836 0.0124851
0.57 -0.0017061 -0.145633 0.0307802 0.0308275
0.58 -0.00156204 -0.0928598 0.0704644 0.0704817
0.59 0.0088934 -0.129915 0.031222 0.0324639
0.6 -0.0117211 0.0338644 0.0190946 0.0224051
0.61 -0.00324445 -0.131578 0.0314739 0.0316407
0.62 -0.0102019 -0.154391 0.00591638 0.0117933
0.63 0.00487509 -0.109567 0.0122822 0.0132143
0.64 0.00527433 -0.154773 0.0311679 0.0316111
0.65 -0.00271725 -0.0205399 0.0258676 0.02601
0.66 -0.00260691 -0.154339 0.00561234 0.00618824
0.67 -0.0130351 -0.268331 0.0176009 0.0219022
0.68 -0.0157242 -0.0436949 -0.00625959 0.0169244
0.69 -0.0150439 -0.142312 0.0446012 0.04707
0.7 0.00368907 -0.015033 -0.0259778 0.0262384
0.71 -0.0030266 -0.109591 0.0381897 0.0383094
0.72 0.0043527 -0.0650676 0.0256525 0.0260192
0.73 -0.00241328 -0.109808 0.0132357 0.013454
0.74 -0.0113659 -0.0105778 0.0257377 0.0281356
0.75 -0.0133754 -0.116591 0.0574427 0.0589794
0.76 0.00100542 -0.0941216 0.0255471 0.0255669
0.77 -0.00626194 -0.209909 0.0180119 0.0190693
0.78 -0.00373416 -0.358924 0.0494298 0.0495706
0.79 0.00225071 -0.148542 0.0192075 0.0193389
0.8 -0.00756329 0.0135454 0.032443 0.033313
0.81 -0.00200052 -0.132569 0.0322549 0.0323169
0.82 0.000902138 -0.107723 0.0129173 0.0129487
0.83 -0.0199429 -0.21569 0.0510305 0.054789
0.84 -0.00773404 -0.13771 0.0116236 0.0139615
0.85 -0.00115482 -0.168526 0.0704617 0.0704712
0.86 -0.0127023 -0.179487 0.0254006 0.0283996
0.87 -0.00719091 -0.0179008 0.00666709 0.00980609
0.88 -0.00853214 -0.0925955 0.0116691 0.0144556
0.89 0.0013955 -0.147607 0.0121003 0.0121805
0.9 -0.0188437 -0.0866244 0.0258007 0.0319494
0.91 -0.00400878 -0.0287063 -0.0131656 0.0137624
0.92 -0.00381651 -0.037462 0.0447908 0.0449531
0.93 -0.00761683 -0.017605 0.0126524 0.0147682
0.94 0.0036389 -0.126821 0.00559594 0.00667504
0.95 -0.0112009 -0.0733116 0.00665586 0.0130292
0.96 -0.0122642 -0.0727334 0.0185883 0.0222696
0.97 0.00892322 -0.125102 0.0177922 0.0199044
0.98 -0.0117408 -0.170643 -0.0270406 0.0294795
0.99 -0.0135271 -0.165731 -0.0327915 0.0354721
1 0.000787996 -0.102918 0.0385078 0.0385158
1.01 -0.0111808 -0.122237 0.0249641 0.0273536
1.02 -0.00385951 -0.0552726 0.0320708 0.0323022
1.03 -0.0029247 -0.0425597 0.0579396 0.0580134
1.04 -0.00767751 -0.0842425 0.0190142 0.0205057
1.05 -0.00715131 -0.115893 0.044398 0.0449703
1.06 0.00469154 -0.0515178 0.0573273 0.0575189
1.07 -0.00639158 -0.107177 0.0248788 0.0256868
1.08 0.000882067 -0.142875 0.0314828 0.0314951
1.09 -0.00317897 -0.0602228 0.0189292 0.0191943
1.1 -0.0060512 -0.0631599 0.0639507 0.0642363
1.11 0.0099069 -0.175178 -0.00109989 0.00996777
1.12 -0.0112701 -0.0199068 -0.000142523 0.011271
1.13 -0.0025611 -0.114373 0.0321852 0.032287
1.14 -0.0027334 -0.132064 0.0124521 0.0127486
1.15 0.00342705 -0.117386 -0.0204565 0.0207416
1.16 -0.00953219 -0.127724 0.0255317 0.027253
1.17 -0.00438911 -0.0817695 0.00575047 0.0072341
1.18 -0.00198378 -0.181152 0.0314862 0.0315486
1.19 -0.00232064 -0.154825 0.0314713 0.0315568
1.2 -0.0208791 -0.165544 0.031406 0.0377131
1.21 0.00362342 -0.0997604 0.0182834 0.018639
1.22 -0.00274552 -0.105346 0.0442167 0.0443018
1.23 0.00602295 -0.136898 -0.000646722 0.00605757
1.24 0.000736657 -0.0581805 0.0123227 0.0123447
1.25 0.00437117 -0.0830225 0.00602782 0.00744592
1.26 -0.00274013 -0.0740652 0.0259937 0.0261378
1.27 -0.000862561 0.0229416 0.0193502 0.0193694
1.28 -0.000587504 -0.00423633 0.0447176 0.0447214
1.29 0.00365017 -0.283139 0.0438083 0.0439601
1.3 -0.0139267 -0.147269 0.0117549 0.0182245
1.31 0.00508475 -0.114594 0.0124423 0.0134412
1.32 -0.00336022 -0.0958026 0.0191315 0.0194243
1.33 -0.00404533 -0.0727695 0.0058651 0.00712489
1.34 -0.010902 0.0114868 0.0640319 0.0649534
1.35 0.00537123 -0.172575 0.0379965 0.0383743
1.36 0.0124197 -0.118529 0.0311796 0.0335622
1.37 -0.00832742 -0.0572226 0.0315873 0.0326666
1.38 0.00599706 -0.119234 -0.0258707 0.0265567
1.39 0.000561625 -0.0625185 0.0445799 0.0445834
1.4 0.00122462 -0.125564 0.0251422 0.025172
1.41 -0.00951092 -0.136734 0.0252227 0.0269563
1.42 -0.0013896 -0.154961 0.0185867 0.0186386
1.43 0.006529 -0.235769 0.0505168 0.050937
1.44 -0.0166541 -0.154746 0.0447648 0.0477624
1.45 -0.00859327 -0.262089 0.0245768 0.0260358
1.46 -0.00151969 -0.168355 0.0444031 0.0444291
1.47 -0.0041999 -0.1125 -0.0015382 0.00447272
1.48 0.000536515 -0.0580657 0.0248187 0.0248245
1.49 0.0157121 -0.0898356 0.0249536 0.0294881
1.5 0.00119236 -0.129874 -0.0067594 0.00686377
1.51 -0.015174 -0.178004 -0.000888304 0.0152
1.52 -0.00791546 -0.0931551 0.00579217 0.00980835
1.53 -0.00768528 -0.168591 -0.0140986 0.0160572
1.54 0.000142798 -0.186984 0.0113415 0.0113424
1.55 -0.00375593 -0.0734174 -0.000591003 0.00380215
1.56 0.00866659 -0.112136 0.018494 0.020424
1.57 -0.0219495 -0.106947 0.0317415 0.0385915
1.58 -0.0133309 -0.125627 0.0258634 0.0290968
1.59 -0.00414146 0.0422804 0.00697461 0.00811153
1.6 -0.0148851 -0.0667715 0.0319136 0.0352142
1.61 -0.0108726 -0.10517 0.0384742 0.039981
1.62 0.00901143 -0.134883 -0.0266862 0.0281666
1.63 0.0400051 -0.105381 -0.0772891 0.0870288
1.64 0.099369 -0.146669 -0.117012 0.153512
1.65 0.161829 -0.069786 -0.207888 0.26345
1.66 0.219994 -0.145883 -0.191397 0.291599
1.67 0.244582 -0.184059 -0.18674 0.307721
1.68 0.264752 -0.236916 -0.194564 0.328555
1.69 0.250371 -0.267785 -0.229775 0.339826
1.7 0.233562 -0.274685 -0.340845 0.413191
1.71 0.21069 -0.295005 -0.490464 0.533802
1.72 0.221298 -0.371135 -0.718003 0.751333
1.73 0.224161 -0.341281 -0.866361 0.894891
1.74 0.230959 -0.497075 -0.977727 1.00464
1.75 0.27236 -0.410787 -0.986443 1.02335
1.76 0.298133 -0.306657 -1.05871 1.09989
1.77 0.319767 -0.471657 -1.13194 1.17624
1.78 0.356297 -0.560752 -1.15361 1.20737
1.79 0.366271 -0.447213 -1.153 1.20977
1.8 0.336142 -0.558249 -1.21134 1.25711
1.81 0.355126 -0.502527 -1.25507 1.30434
1.82 0.336897 -0.665296 -1.25612 1.30051
1.83 0.316327 -0.429603 -1.27291 1.31163
1.84 0.320981 -0.453957 -1.33075 1.36892
1.85 0.305879 -0.449049 -1.36956 1.4033
1.86 0.284859 -0.395903 -1.38097 1.41004
1.87 0.310759 -0.415845 -1.441 1.47413
1.88 0.314189 -0.471453 -1.62821 1.65825
1.89 0.307362 -0.489164 -1.69827 1.72586
1.9 0.311361 -0.402116 -1.69064 1.71907
1.91 0.309434 -0.311775 -1.70909 1.73688
1.92 0.326606 -0.433398 -1.73021 1.76077
1.93 0.33708 -0.395082 -1.77543 1.80715
1.94 0.313658 -0.407966 -1.83964 1.86619
1.95 0.32014 -0.456027 -1.97557 2.00134
1.96 0.312348 -0.441617 -2.04637 2.07007
1.97 0.321919 -0.469292 -2.32438 2.34656
1.98 0.347843 -0.530625 -2.15089 2.17883
1.99 0.356469 -0.468929 -2.30036 2.32782
2 0.382607 -0.479759 -2.42371 2.45372
2.01 0.406116 -0.472267 -2.40473 2.43878
2.02 0.401384 -0.433558 -2.42462 2.45762
2.03 0.427583 -0.382318 -2.50218 2.53845
2.04 0.414429 -0.489489 -2.66462 2.69665
2.05 0.418413 -0.509398 -2.78112 2.81242
2.06 0.429551 -0.488707 -2.85958 2.89166
2.07 0.452646 -0.529916 -2.96282 2.9972
2.08 0.480994 -0.546748 -3.14449 3.18106
2.09 0.513059 -0.704698 -3.24978 3.29003
2.1 0.541435 -0.547321 -3.43045 3.47291
2.11 0.569731 -0.430155 -3.61785 3.66244
2.12 0.574406 -0.592968 -3.86496 3.90741
2.13 0.602175 -0.541742 -4.00803 4.05302
2.14 0.597414 -0.471151 -4.20784 4.25004
2.15 0.622795 -0.589367 -4.41496 4.45867
2.16 0.621942 -0.588214 -4.58231 4.62432
2.17 0.686505 -0.533623 -4.75664 4.80593
2.18 0.716099 -0.560712 -4.96291 5.01431
2.19 0.766508 -0.408336 -5.14503 5.20181
2.2 0.813416 -0.557724 -5.25614 5.31871
2.21 0.843052 -0.500261 -5.39887 5.46429
2.22 0.867091 -0.514207 -5.58855 5.65541
2.23 0.889331 -0.576599 -5.8216 5.88914
2.24 0.902478 -0.624986 -6.00526 6.0727
2.25 0.929316 -0.58273 -6.18709 6.25649
2.26 0.979087 -0.613203 -6.34956 6.42461
2.27 0.998582 -0.504466 -6.56359 6.63912
2.28 1.02261 -0.692958 -6.86381 6.93957
2.29 1.0507 -0.745692 -7.09256 7.16996
2.3 1.08916 -0.8053 -7.20437 7.28623
2.31 1.13939 -0.74784 -7.24517 7.33421
2.32 1.19625 -0.809381 -7.43533 7.53095
2.33 1.23656 -0.870445 -7.56006 7.66052
2.34 1.2733 -0.911308 -7.72232 7.82659
2.35 1.29001 -0.845603 -7.83866 7.9441
2.36 1.26872 -0.823589 -7.90868 8.0098
2.37 1.24097 -0.918369 -8.05776 8.15276
2.38 1.27195 -0.825069 -8.23291 8.33059
2.39 1.2871 -0.84812 -8.33589 8.43467
2.4 1.30409 -0.809595 -8.42687 8.52718
2.41 1.31109 -0.86244 -8.51825 8.61856
2.42 1.33676 -0.810649 -8.65437 8.757
2.43 1.21422 -0.678554 -8.27204 8.36068
2.44 1.00027 -0.3676 -5.30566 5.39913
2.45 0.959329 -0.397373 -4.66285 4.76051
2.46 0.688658 -0.408111 -5.56997 5.61238
2.47 0.781966 -0.705309 -13.6434 13.6657
2.48 1.11832 -0.991712 -11.564 11.618
2.49 1.61738 -0.343361 -7.65446 7.82347
2.5 1.70742 -0.533457 -5.66449 5.91623
2.51 1.72321 -0.994901 -5.23573 5.51202
2.52 1.62118 -1.28352 -5.02651 5.28148
2.53 1.27054 -1.11989 -4.99194 5.15109
2.54 0.888909 -0.895618 -4.88244 4.9627
2.55 0.679185 -0.624837 -4.28871 4.34216
2.56 0.484749 -0.520277 -3.59945 3.63194
2.57 0.373797 -0.644677 -2.8155 2.8402
2.58 0.348806 -0.479393 -1.88424 1.91626
2.59 0.253351 -0.369613 -1.10113 1.1299
2.6 0.180793 -0.285272 -0.480351 0.513247
2.61 0.0749727 -0.185051 -0.088408 0.115918
2.62 0.0107682 -0.00290406 0.144167 0.144569
2.63 -0.00394806 -0.100019 0.0387079 0.0389088
2.64 0.00352313 -0.104256 -0.0012837 0.00374971
2.65 0.00594229 -0.239664 0.0175867 0.0185635
2.66 -0.00354268 -0.113642 0.0120028 0.0125147
2.67 -0.00404536 -0.0954093 0.0122036 0.0128567
2.68 0.0080435 -0.0894082 0.0245746 0.0258575
2.69 -0.00291261 -0.105128 0.0379765 0.038088
2.7 -0.00412055 -0.0375763 0.0129405 0.0135807
2.71 -0.00746351 -0.120383 -0.00034641 0.00747154
2.72 -0.00922712 -0.235567 0.0124224 0.0154744
2.73 -0.0157328 -0.0748139 0.0442778 0.0469898
2.74 0.00451779 -0.118373 0.00569494 0.0072693
2.75 -0.0222736 -0.142213 0.0184574 0.0289273
2.76 -0.0112636 -0.251526 0.00496111 0.0123078
2.77 0.00549436 -0.140936 0.0180853 0.0189015
2.78 -0.00415794 -0.130662 -0.00104172 0.00428645
2.79 -0.0162907 -0.333096 0.0108312 0.0195628
2.8 -0.00127572 -0.0609946 0.0184054 0.0184495
2.81 -0.00332557 -0.0957391 0.050673 0.050782
2.82 0.00942973 -0.161417 0.0440007 0.0449998
2.83 -0.000988818 -0.26695 0.0369289 0.0369421
2.84 -0.0176986 -0.238885 0.0113905 0.0210471
2.85 -0.0180734 -0.157773 0.023735 0.0298328
2.86 -0.00632712 -0.14266 0.0315216 0.0321503
2.87 -0.00231295 0.121962 0.0259902 0.0260929
2.88 -0.00790463 -0.0573565 0.0579171 0.0584541
2.89 -0.00634529 -0.156451 0.00585458 0.00863359
2.9 -0.00234261 -0.12726 0.0573962 0.057444
2.91 -0.0113395 -0.0243186 0.0452602 0.0466591
2.92 -0.0122769 0.0473492 0.0137177 0.0184091
2.93 -0.0100283 -0.180862 0.0439067 0.0450373
2.94 0.0016722 -0.192203 -0.00770981 0.00788907
2.95 -0.00426774 -0.086445 0.0512616 0.0514389
2.96 0.0113672 0.0113537 0.0574869 0.0586
2.97 -0.010628 -0.25685 -0.000864691 0.0106631
2.98 0.00140593 -0.125 0.0445495 0.0445717
2.99 0.00410046 -0.10051 0.0442508 0.0444404
3 -0.0142042 -0.138484 -0.00691077 0.0157962
3.01 0.00534419 -0.118616 0.0310569 0.0315133
3.02 0.00216142 -0.210583 0.0632619 0.0632988
3.03 -0.0116677 -0.0283105 0.0252432 0.0278093
3.04 -0.00663832 -0.134158 0.0829868 0.0832519
3.05 -0.0141604 -0.0716512 0.0388222 0.0413241
3.06 0.0100426 -0.313611 0.0497982 0.0508007
3.07 -0.0107974 -0.140363 0.0313981 0.0332028
3.08 -0.00143199 -0.159419 -0.000709848 0.00159827
3.09 -0.0102878 -0.167373 -0.0258615 0.0278326
3.1 -0.00717513 -0.0933689 0.0704442 0.0708087
3.11 -0.021823 -0.186878 0.0508505 0.0553354
3.12 -0.0205528 -0.0450208 0.0443639 0.0488935
3.13 0.00540327 -0.0918736 0.018173 0.0189593
3.14 -0.0106178 -0.144679 0.0246738 0.0268614
3.15 -0.00451019 0.0385292 0.0451874 0.0454119
3.16 0.00329086 0.0205247 0.0576822 0.057776
3.17 0.00481123 -0.141027 0.0313496 0.0317166
3.18 0.00129234 -0.129482 0.0699014 0.0699133
3.19 -0.00656425 -0.138401 0.0631145 0.063455
3.2 -0.00724324 -0.173508 0.0374203 0.0381149
3.21 -0.00711393 -0.0933323 0.0121467 0.0140766
3.22 -0.0184602 -0.104589 0.00598108 0.019405
3.23 -0.0072832 -0.00875347 0.0253714 0.0263961
3.24 -0.022793 -0.0753977 0.0194276 0.0299492
3.25 -0.0137508 -0.173862 -0.0328465 0.0356087
3.26 -0.003023 -0.144788 0.0506234 0.0507136
3.27 -0.00307376 -0.0961275 0.0187375 0.018988
3.28 -0.00423853 -0.10411 0.0179181 0.0184126
3.29 -0.00955448 -0.158468 0.0182042 0.0205592
3.3 -0.00338332 -0.105044 0.0250252 0.0252529
3.31 0.00136169 -0.134499 0.0253744 0.0254109
3.32 0.00013459 -0.111406 0.043807 0.0438072
3.33 -0.011247 -0.126811 0.0380524 0.0396797
3.34 -0.0073713 -0.0176693 0.0453458 0.045941
3.35 -0.0112852 -0.153114 0.024613 0.0270768
3.36 0.00499659 -0.163104 -0.00147269 0.0052091
3.37 -0.0188213 -0.149225 0.0446247 0.0484314
3.38 -0.0020397 -0.128102 0.0574127 0.057449
3.39 -0.0111499 -0.0418579 0.0576473 0.0587156
3.4 -0.00260246 -0.163154 0.0573988 0.0574578
3.41 -0.0101262 -0.176393 0.0185161 0.0211042
3.42 -0.0120782 -0.135029 -0.0268162 0.0294107
3.43 0.00182652 -0.214867 -0.00160375 0.00243068
3.44 -0.00357746 -0.104438 0.00583913 0.00684789
3.45 -0.00839647 -0.0707411 0.0253598 0.0267137
3.46 -0.00263488 -0.0873302 0.0194635 0.0196411
3.47 -0.00374655 -0.0999931 0.0250975 0.0253756
3.48 -0.00338588 -0.148844 -0.000933863 0.0035123
3.49 -0.0154184 -0.0838189 0.0381457 0.041144
3.5 0.00415556 -0.0332073 0.0248721 0.0252168
3.51 -0.00119004 -0.195153 0.0509608 0.0509747
3.52 0.00378575 -0.068846 0.0189051 0.0192804
3.53 -0.00994202 -0.212003 0.0436632 0.0447808
3.54 0.000940558 -0.129485 0.0251761 0.0251937
3.55 -0.0135782 -0.15619 0.0120252 0.0181376
3.56 -0.0075448 -0.0752758 0.0442293 0.0448682
3.57 -0.00293195 -0.136195 0.0245875 0.0247617
3.58 -0.0125568 -0.277392 0.0500241 0.051576
3.59 -0.00366294 -0.0374857 0.0445583 0.0447087
3.6 -0.0200785 -0.0320755 0.0446739 0.0489786
3.61 -0.00945501 -0.119259 0.045529 0.0465004
3.62 -0.000397498 -0.0176716 8.49317e-06 0.000397589
3.63 -0.00635124 -0.178445 0.0243162 0.0251319
3.64 -0.0269213 -0.00122313 0.000523907 0.0269264
3.65 -0.00719492 -0.169696 0.0445944 0.0451711
3.66 -0.0194877 -0.108477 0.0513232 0.0548984
3.67 0.0119791 -0.096517 0.0187742 0.0222704
3.68 -0.00313481 -0.0960029 0.0507814 0.0508781
3.69 -0.014576 -0.164552 0.0436996 0.0460664
3.7 0.0090967 -0.134277 0.0183653 0.0204947
3.71 0.00797865 -0.0983889 0.0635589 0.0640578
3.72 0.00011204 -0.048966 0.0512341 0.0512343
3.73 0.00505035 -0.0518389 0.0374229 0.0377621
3.74 -0.0169726 -0.274716 0.0310935 0.0354242
3.75 -0.0149181 -0.0978055 0.0383056 0.041108
3.76 -0.0112903 -0.0552195 0.0446766 0.0460811
3.77 -0.00849987 -0.0524351 0.0317686 0.0328861
3.78 -0.00273891 -0.118227 0.0442509 0.0443356
3.79 -0.0103958 -0.153966 0.0381225 0.0395145
3.8 -0.00787942 -0.110671 0.0184117 0.0200269
3.81 -0.00552423 -0.058375 -0.020538 0.021268
3.82 0.00197782 -0.0816683 0.0768953 0.0769208
3.83 -0.0142876 -0.178532 0.0186821 0.0235192
3.84 -0.00325165 -0.202574 -0.00821607 0.00883612
3.85 0.00864071 -0.134407 0.0370258 0.0380207
3.86 0.000918849 -0.156306 0.0121478 0.0121825
3.87 -0.012343 -0.130523 -0.00705475 0.0142168
3.88 0.0172956 -0.170441 0.0175137 0.0246143
3.89 -0.00512041 -0.16605 0.0383003 0.0386411
3.9 0.00122399 -0.107985 0.0440636 0.0440806
3.91 -0.00357171 -0.109027 0.0245562 0.0248146
3.92 -0.0138284 -0.125335 0.0513584 0.0531875
3.93 -0.00635404 -0.174179 -0.000462406 0.00637084
3.94 -0.0181218 -0.184526 0.0502674 0.0534342
3.95 -0.0198919 0.0121455 0.0325872 0.0381787
3.96 0.0118456 -0.109568 0.025513 0.0281288
3.97 -0.00358643 -0.158177 0.0375765 0.0377472
3.98 -0.0116628 -0.126366 0.0314332 0.0335271
3.99 0.000482811 -0.133519 0.024399 0.0244038
4 -0.00239202 -0.132029 0.0183896 0.0185445
4.01 -0.0109699 -0.135576 0.0315795 0.0334305
4.02 0.00118149 -0.134106 0.0378001 0.0378186
4.03 -0.00671065 -0.137905 0.0568034 0.0571984
4.04 0.0165293 -0.143637 0.0306606 0.0348323
4.05 -0.00260451 -0.145375 -0.000210518 0.002613
4.06 0.00227124 -0.161636 0.050853 0.0509037
4.07 -0.0158505 -0.0121716 0.0510954 0.0534975
4.08 -0.00245108 -0.136131 0.0249343 0.0250545
4.09 -0.0268212 -0.02331 0.0572702 0.0632397
4.1 -0.00795127 -0.133134 -0.00713155 0.0106809
4.11 0.00551922 -0.167848 -0.00720657 0.00907725
4.12 -0.00612149 -0.219187 0.0373217 0.0378204
4.13 -0.00399381 -0.130557 0.01126 0.0119473
4.14 -0.00189531 -0.181684 0.0375261 0.0375739
4.15 -0.0159613 -0.302399 0.0176937 0.0238292
4.16 -0.0233245 -0.132683 0.0382155 0.0447712
4.17 -0.0121084 0.0163414 0.00649868 0.0137421
4.18 -0.00739885 -0.168916 -0.0144932 0.0162725
4.19 -0.0181761 -0.135684 0.0255567 0.0313611
4.2 -0.00279527 -0.158322 0.00514391 0.00585435
4.21 0.00454131 -0.10915 0.0249404 0.0253505
4.22 0.00539312 -0.145593 0.0247718 0.0253521
4.23 -0.00980996 -0.225476 -0.00131326 0.00989747
4.24 -0.000624259 -0.0707586 0.0186922 0.0187026
4.25 -0.0152285 -0.110807 0.0765502 0.0780503
4.26 -0.0183776 -0.0554147 0.00688049 0.0196234
4.27 -0.00775508 -0.0353741 0.0255746 0.0267246
4.28 -0.0147492 -0.115622 0.0507629 0.0528622
4.29 -0.0188135 -0.158041 0.0378424 0.0422611
4.3 -0.00758257 -0.0883881 0.0504657 0.0510321
4.31 -0.0198376 -0.0457839 -0.0194716 0.027797
4.32 0.00059498 -0.120886 0.018845 0.0188544
4.33 0.00011561 0.0402735 0.0382625 0.0382627
4.34 0.000120049 -0.160395 0.0305743 0.0305746
4.35 -0.0110783 -0.144447 -0.000881813 0.0111134
4.36 -0.0107343 -0.135628 0.0506244 0.0517499
4.37 0.000584269 -0.111747 0.0316881 0.0316934
4.38 -0.00247217 -0.12696 -0.00100971 0.00267042
4.39 -0.0130095 -0.160743 0.050367 0.05202
4.4 -0.00337311 -0.00230274 0.0514395 0.0515499
4.41 -0.00318135 -0.126843 0.0507002 0.0507999
4.42 0.00636477 -0.0566462 0.005084 0.00814601
4.43 -0.00622059 -0.161128 -0.00720175 0.00951635
4.44 -0.00964637 -0.145559 0.0574607 0.0582648
4.45 -0.00365955 -0.0151886 0.0572969 0.0574136
4.46 -0.010456 -0.140328 0.0373356 0.0387721
4.47 0.00884756 -0.17931 0.00552478 0.0104308
4.48 0.00463797 -0.0920971 0.0384123 0.0386913
4.49 -0.0144676 -0.187408 0.00573057 0.0155612
4.5 -0.00180897 -0.190527 0.108592 0.108607
4.51 -0.027075 -0.0145713 0.0324728 0.0422793
4.52 -0.00577517 -0.223701 0.0116984 0.0130463
4.53 -0.00558004 -0.255078 -0.00771327 0.00952005
4.54 0.000488996 -0.111706 0.0573296 0.0573317
4.55 -0.00268246 -0.180564 0.0180851 0.0182829
4.56 -0.00662527 -0.0221303 0.0510698 0.0514977
4.57 -0.0224304 -0.186965 -0.0139631 0.0264215
4.58 0.0016629 -0.143329 0.0379082 0.0379447
4.59 -0.0104459 -0.140179 0.0247312 0.0268467
4.6 -0.010723 -0.131414 0.0312041 0.0329951
4.61 -0.011427 -0.113046 0.0187623 0.0219682
4.62 0.0119946 -0.0918509 0.0765195 0.0774539
4.63 -0.00989784 -0.154277 0.037766 0.0390415
4.64 0.00036542 -0.106708 0.0178794 0.0178831
4.65 -0.0143587 -0.133277 0.0506534 0.0526492
4.66 -0.0053311 -0.232845 0.0377193 0.0380942
4.67 -0.00232075 -0.109707 0.0450472 0.045107
4.68 -0.00954557 -0.243514 0.0368941 0.0381089
4.69 7.23493e-05 -0.0671194 0.0575944 0.0575944
4.7 -0.0031022 -0.0649492 0.0192508 0.0194992
4.71 -0.00757383 -0.0800895 0.057659 0.0581543
4.72 -0.0068475 -0.0356447 0.0702133 0.0705464
4.73 -0.0129625 -0.322079 0.0434776 0.0453688
4.74 -0.0139426 -0.129617 0.000180114 0.0139438
4.75 0.00820533 -0.0360342 0.07025 0.0707276
4.76 -0.00719704 -0.0400556 0.0513816 0.0518832
4.77 0.000744404 -0.147292 0.0378278 0.0378351
4.78 0.00574622 -0.208448 0.0632521 0.0635125
4.79 -0.0031714 -0.0691999 0.0384006 0.0385313
4.8 -0.0195675 -0.0325614 0.0256515 0.0322627
4.81 -3.55942e-05 -0.0401595 0.0384678 0.0384678
4.82 -2.46773e-05 -0.120004 0.0307827 0.0307827
4.83 -0.000215786 -0.0171272 0.0445544 0.0445549
4.84 0.00528729 -0.14568 0.0378792 0.0382465
4.85 -0.00212667 -0.203478 0.0243377 0.0244304
4.86 -0.0153524 -0.102046 0.0576496 0.0596588
4.87 -0.00250576 -0.114032 0.0636559 0.0637052
4.88 0.00793055 -0.111469 0.0310051 0.0320032
4.89 -0.0237195 -0.0744869 0.0569713 0.0617118
4.9 0.00472447 -0.123077 0.0119159 0.0128184
4.91 0.000501867 -0.124911 -0.00726568 0.00728299
4.92 0.00398087 -0.100223 -0.000506602 0.00401298
4.93 -0.00691735 -0.0623348 0.0191714 0.0203812
4.94 0.000306154 -0.106886 0.0187232 0.0187257
4.95 0.00113627 -0.14751 -0.000812786 0.00139705
4.96 -0.00404477 -0.0820569 0.00562644 0.00692943
4.97 -0.00274513 -0.149469 0.012196 0.0125012
4.98 0.000927595 -0.138578 0.0184648 0.0184881
4.99 0.000260436 -0.124554 0.063457 0.0634575
5 0.00170462 -0.174521 -0.00752463 0.00771529
5.01 -0.00226407 -0.0919295 0.0379863 0.0380537
5.02 -0.0126368 -0.0411066 -0.0070273 0.0144593
5.03 -6.54035e-05 -0.119582 0.0376178 0.0376178
5.04 -0.006666 -0.19206 0.0116482 0.0134207
5.05 -0.00624736 -0.13828 0.024906 0.0256776
5.06 0.00139735 -0.0852523 0.0636753 0.0636907
5.07 -0.00205705 -0.186036 0.0248643 0.0249493
5.08 0.00407101 -0.0958753 0.0316649 0.0319255
5.09 -0.00821989 -0.0973736 0.0310381 0.0321081
5.1 -0.00685074 -0.0672095 0.0320975 0.0328205
5.11 -0.00702282 -0.142395 0.0120596 0.0139554
5.12 0.000396471 -0.102378 0.0246418 0.024645
5.13 -0.00452606 -0.242633 0.0377737 0.0380439
5.14 -0.0183663 -0.144707 0.0252097 0.0311905
5.15 0.000847432 -0.156149 0.00540465 0.00547069
5.16 -0.0149639 -0.0219678 0.0452892 0.0476972
5.17 -0.0193498 -0.103899 0.0187252 0.0269267
5.18 -0.00523897 -0.0854045 -0.00777822 0.00937803
5.19 -0.00209398 -0.150126 0.0641137 0.0641479
5.2 -0.0048721 0.0610172 0.00672806 0.00830688
5.21 -0.00802326 -0.0663759 0.0380597 0.0388962
5.22 -0.0154328 -0.0394826 0.0385551 0.0415291
5.23 -0.00439746 -0.0863058 0.0191092 0.0196087
