0 0.0125521 -0.124032 0.0573931 0.0587496
0.01 0.0114138 -0.00696916 0.0256689 0.0280922
0.02 0.00715713 -0.0398574 0.0380179 0.0386857
0.03 0.00446786 -0.0433295 0.0131612 0.0138989
0.04 0.00537811 0.201925 0.045403 0.0457205
0.05 0.00351299 0.00231205 -0.0318916 0.0320845
0.06 0.00938206 -0.215853 0.0184255 0.0206766
0.07 0.00795062 -0.0763174 0.0124396 0.0147633
0.08 0.011439 0.0462318 0.0194819 0.0225919
0.09 0.0194471 -0.0564502 0.0179784 0.0264842
0.1 0.00446267 -0.0653235 0.0316221 0.0319354
0.11 0.0103528 0.0159244 0.0252013 0.0272449
0.12 0.0109117 0.00197639 0.0256311 0.0278571
0.13 0.0127092 -0.0523957 0.0252676 0.0282838
0.14 0.00277358 0.114206 0.0192444 0.0194432
0.15 0.0179624 0.0421854 0.0455835 0.0489949
0.16 -0.00225369 0.0459297 0.0254799 0.0255794
0.17 0.0150971 -0.00912193 -0.000342522 0.015101
0.18 0.010869 0.00662475 0.0579648 0.058975
0.19 -0.0134016 0.141578 -0.00519464 0.0143732
0.2 0.00434513 -0.0560906 0.00618112 0.00755555
0.21 0.00198877 0.0122295 0.00611478 0.00643007
0.22 0.00450284 -0.0564576 0.0250257 0.0254276
0.23 -0.000635506 0.0266851 0.0201601 0.0201701
0.24 0.00487747 -0.0696715 0.0188042 0.0194264
0.25 0.0190676 -0.0293588 0.00572161 0.0199076
0.26 0.000552743 -0.174548 0.0179269 0.0179355
0.27 -0.00739482 -0.0268914 0.0261004 0.0271277
0.28 0.00627012 0.143418 0.0262933 0.0270305
0.29 0.00766713 -0.0895264 0.0122355 0.0144392
0.3 0.00603322 0.0183799 0.0320213 0.0325847
0.31 -0.00740333 -0.0580105 0.0766384 0.0769951
0.32 0.0156749 -0.0228143 0.0251555 0.0296396
0.33 0.0062829 -0.0349552 -0.0272264 0.0279419
0.34 0.0156951 -0.00101364 0.0131673 0.0204869
0.35 2.86922e-05 0.00449146 0.0390769 0.0390769
0.36 0.0147221 0.0131988 0.0575092 0.0593637
0.37 0.0223714 0.0711253 0.0387035 0.0447039
0.38 0.00935026 -0.130762 0.00586742 0.0110387
0.39 -0.0039425 0.0463919 0.0199803 0.0203656
0.4 0.0161058 0.0390825 0.0384308 0.0416692
0.41 -0.00998265 -0.185833 0.00551146 0.011403
0.42 0.0157833 -0.0362412 -0.0136892 0.0208927
0.43 0.0118225 -0.0425996 0.0310738 0.0332469
0.44 0.00130911 -0.161746 0.0250208 0.025055
0.45 0.00872299 -0.152971 0.00554868 0.0103382
0.46 0.00431386 -0.0564969 -0.00628276 0.00762118
0.47 0.0111203 -0.0295945 0.012692 0.0168745
0.48 0.000140224 -0.102603 0.00566781 0.00566954
0.49 0.0036594 -0.0690495 0.00583049 0.00688374
0.5 0.000119163 -0.000268013 0.0196182 0.0196185
0.51 0.00633664 0.098648 0.032698 0.0333063
0.52 0.0117575 -0.00725792 0.0255448 0.0281208
0.53 0.00808607 -0.0942176 0.0184945 0.020185
0.54 0.00825858 -0.0537257 0.00563612 0.0099985
0.55 0.0144719 0.10693 0.0193802 0.0241873
0.56 -0.00768311 -0.0448184 0.0320791 0.0329864
0.57 0.00329292 0.0244488 0.0519813 0.0520855
0.58 0.00972907 0.038512 0.0323969 0.0338263
0.59 0.0109844 0.00702044 0.00599989 0.0125162
0.6 0.0076657 0.00396164 0.058192 0.0586947
0.61 0.01153 -0.00691406 0.0513486 0.0526272
0.62 0.0104114 0.015963 0.0254719 0.0275175
0.63 0.0154706 -0.0223563 0.0185745 0.0241734
0.64 0.00882016 -0.045378 0.0188044 0.0207702
0.65 0.000925635 -0.0675702 0.0445075 0.0445172
0.66 -0.000179268 -0.0756571 -0.0134944 0.0134955
0.67 -0.000472033 -0.0173528 0.0255804 0.0255848
0.68 0.0103432 0.0382558 0.0577202 0.0586396
0.69 0.0111205 0.0288553 0.0448292 0.0461879
0.7 0.00348137 -0.00219818 0.0127376 0.0132048
0.71 0.000115179 -0.0491281 0.0189197 0.01892
0.72 0.00469738 -0.101187 0.0121912 0.0130649
0.73 0.00745954 -0.0805748 0.00637449 0.00981218
0.74 0.00416966 -0.0962596 0.0251011 0.025445
0.75 0.0186127 -0.011237 0.0187974 0.0264532
0.76 0.00645986 0.0939708 0.0196416 0.0206767
0.77 0.0112506 0.0422491 0.0190128 0.0220921
0.78 0.0109783 0.055732 0.0193028 0.0222063
0.79 0.0188979 -0.0382663 0.0315572 0.036783
0.8 0.00770136 -0.0894433 0.0186378 0.0201663
0.81 0.00472518 -0.0657232 0.0133358 0.0141482
0.82 -0.00723707 -0.0714 0.0380636 0.0387455
0.83 0.0162327 -0.0499547 0.00590954 0.0172749
0.84 0.0145408 -0.0220392 -0.019933 0.0246731
0.85 0.00649548 -0.0311781 -0.00663613 0.00928599
0.86 0.00610015 -0.00783748 0.0054738 0.008196
0.87 0.0162511 -0.0814217 0.0191151 0.0250895
0.88 0.0121436 -0.0164394 0.0512952 0.052713
0.89 -0.00563843 -0.00534331 -0.02002 0.0207988
0.9 0.0114344 -0.0159806 0.0253599 0.0278185
0.91 0.0110347 -0.00660493 -0.0068624 0.0129945
0.92 0.0071507 -0.0136048 0.00626783 0.00950885
0.93 0.0111382 -0.0382619 -0.00669401 0.012995
0.94 -0.00736561 -0.0313455 -0.012706 0.0146865
0.95 0.00782693 0.0311127 0.0382616 0.0390539
0.96 0.00820154 -0.0498188 -0.0254745 0.0267622
0.97 0.0114003 -0.0294147 0.0255348 0.0279642
0.98 0.012722 0.0452263 0.0253164 0.0283331
0.99 0.007214 0.0618165 0.0454747 0.0460433
1 0.0238383 -0.0189832 0.0315995 0.0395828
1.01 0.00784741 0.0126741 0.038829 0.0396141
1.02 0.01473 0.0177548 0.0190119 0.0240505
1.03 0.00313659 -0.0377416 -0.00047561 0.00317244
1.04 -0.00394273 -0.0469334 0.00633828 0.0074645
1.05 0.00659933 0.0807891 0.0195138 0.0205995
1.06 0.00264572 0.0513264 0.00710074 0.00757762
1.07 0.000999179 -0.0944325 0.00583704 0.00592194
1.08 0.0149371 -0.00454915 0.03145 0.034817
1.09 0.0111132 0.0378531 0.000219318 0.0111154
1.1 0.0167942 -0.0642467 0.025417 0.0304643
1.11 -0.00145323 0.0674355 -0.00633717 0.00650166
1.12 0.0205258 -0.0440307 0.032195 0.0381815
1.13 0.0115506 -0.0159255 0.0510396 0.0523303
1.14 0.0124607 -0.132303 0.0309224 0.0333386
1.15 0.00876328 -0.0724425 0.0256274 0.0270843
1.16 0.0111221 -0.0112025 0.00599339 0.0126341
1.17 -8.61776e-05 -0.0716329 0.0126156 0.0126159
1.18 0.011736 0.0818862 0.0198201 0.0230341
1.19 0.00248483 -0.237692 0.0501095 0.0501711
1.2 0.0113597 -0.0514717 0.0124555 0.0168577
1.21 -0.00632258 -0.125727 0.0383212 0.0388393
1.22 0.00845565 -0.0455276 0.0452524 0.0460356
1.23 0.0156676 -0.040541 0.0188386 0.0245024
1.24 0.00209219 -0.00607655 -0.000293444 0.00211267
1.25 0.00232025 0.194863 0.032503 0.0325857
1.26 -0.00783586 -0.0889368 0.0254302 0.02661
1.27 0.0188434 -0.0959601 -0.00133263 0.0188904
1.28 0.00325602 0.0779555 0.0264461 0.0266458
1.29 0.00430296 -0.0607298 0.0382761 0.0385172
1.3 0.000412179 -0.0361133 0.0255964 0.0255997
1.31 0.0144617 0.0133164 0.0194576 0.0242433
1.32 0.0200799 -0.0254389 -0.0198402 0.0282282
1.33 0.00590095 0.0320333 0.0256063 0.0262774
1.34 0.0126295 -0.0792538 0.0119681 0.0173995
1.35 -0.00484455 0.0472968 0.00111258 0.00497067
1.36 0.012538 0.0589095 0.0587662 0.0600888
1.37 -0.00290148 -0.101076 0.0448098 0.0449036
1.38 0.0121771 -0.0881583 0.0321375 0.0343671
1.39 0.0189011 -0.0157887 -0.00709579 0.0201892
1.4 0.00277164 0.0156991 0.00683877 0.00737908
1.41 0.00727226 -0.0181191 0.025526 0.0265417
1.42 0.0216297 0.0312625 0.0189223 0.0287384
1.43 0.0035044 0.0244624 0.0520195 0.0521374
1.44 0.0154976 -0.0227448 0.0315198 0.0351237
1.45 0.0140353 0.0137721 -0.000810142 0.0140586
1.46 0.00273503 0.114305 0.020018 0.020204
1.47 0.00474317 -0.128002 0.0382206 0.0385138
1.48 -0.0112838 -0.0425134 0.0259763 0.0283213
1.49 0.011321 -0.00709089 0.018996 0.0221136
1.5 0.0187461 -0.0517564 0.00605242 0.019699
1.51 0.00801686 -0.00496234 -0.000105846 0.00801756
1.52 -0.0031516 -0.0964427 0.0185372 0.0188032
1.53 -0.001452 0.0364846 0.0064572 0.00661844
1.54 0.0223501 -0.00928571 0.0448082 0.0500729
1.55 0.0128335 -0.186549 0.037738 0.0398604
1.56 0.00446031 -0.105219 0.0251008 0.025494
1.57 0.000682136 -0.0453498 0.025667 0.0256761
1.58 0.00807952 -0.0360574 0.00578318 0.00993599
1.59 0.00722629 -0.0582465 0.0252067 0.0262221
1.6 0.00305527 -0.00206331 0.0449758 0.0450795
1.61 0.0234 -0.0321483 0.00648867 0.024283
1.62 0.0157906 -0.0585496 -0.0127791 0.0203137
1.63 0.019312 0.104121 0.06464 0.0674632
1.64 0.0110557 0.051007 0.0196245 0.0225245
1.65 0.00839437 -0.0452223 0.0259041 0.0272303
1.66 0.0112652 -0.024706 -0.000195946 0.0112669
1.67 0.0113492 0.0509925 0.0389406 0.0405608
1.68 -0.0114291 -0.060593 0.0191885 0.0223344
1.69 0.00825045 -0.0317181 0.0320935 0.033137
1.7 0.0225814 -0.0138753 0.0186444 0.0292837
1.71 8.19401e-05 -0.0226677 0.0256159 0.025616
1.72 0.0165094 -0.0854635 0.0628682 0.0649998
1.73 0.0103545 0.05568 0.0328371 0.0344309
1.74 0.0110679 -0.0330653 -0.0135592 0.0175029
1.75 0.00343478 -0.0783174 0.025334 0.0255658
1.76 0.0203959 -0.0346237 0.0254199 0.0325909
1.77 0.0131507 -0.195737 0.0244299 0.0277446
1.78 0.0136057 0.0810327 0.0128939 0.0187449
1.79 0.0201834 -0.0611807 0.0122826 0.023627
1.8 0.00707054 -0.0311754 -0.00679234 0.0098045
1.81 0.00413646 -0.0471595 0.0254587 0.0257926
1.82 -0.00179339 0.0232383 0.00598254 0.00624556
1.83 0.00470322 -0.114067 0.0122255 0.013099
1.84 0.0109652 0.0331267 0.0454224 0.0467272
1.85 0.0116874 -0.0605307 0.0116816 0.0165244
1.86 0.00404853 -0.00234361 0.0251858 0.0255091
1.87 0.0183316 -0.0286923 0.0182333 0.0258554
1.88 0.0104272 0.0475131 0.0186687 0.0213833
1.89 0.00820915 -0.161429 0.00525537 0.00974726
1.9 0.0186491 -0.0114764 0.0191383 0.0267219
1.91 0.016652 -0.108236 0.0313016 0.0354553
1.92 -0.00322021 -0.140912 0.0251041 0.0253098
1.93 0.00713921 0.0623161 0.0196538 0.0209103
1.94 0.00291979 -0.0105459 -0.000430712 0.00295139
1.95 -0.00493891 0.0298803 0.0318569 0.0322375
1.96 -0.00193873 -0.168544 0.0120123 0.0121678
1.97 0.0126755 -0.0299989 0.0387797 0.0407987
1.98 0.0160804 -0.0324942 -0.0323897 0.0361617
1.99 0.0736733 -0.163152 -0.319703 0.328082
2 0.157212 -0.0805771 -0.760802 0.776875
2.01 0.204783 -0.082871 -0.887 0.910333
2.02 0.221672 -0.13791 -0.836709 0.865575
2.03 0.208971 -0.0896898 -0.657246 0.689668
2.04 0.189605 -0.0954617 -0.733775 0.757876
2.05 0.164744 -0.150892 -0.824836 0.841127
2.06 0.101445 -0.187212 -1.11877 1.12336
2.07 0.0656549 -0.262434 -1.30459 1.30624
2.08 0.0561577 -0.188926 -1.52934 1.53037
2.09 0.0647092 -0.260859 -1.63279 1.63407
2.1 0.105705 -0.133882 -1.73074 1.73396
2.11 0.158528 -0.0996949 -1.71371 1.72103
2.12 0.1901 -0.164048 -1.81329 1.82323
2.13 0.19005 -0.141068 -2.192 2.20022
2.14 0.185813 -0.178196 -2.30864 2.31611
2.15 0.175149 -0.233857 -2.49 2.49615
2.16 0.175531 -0.131469 -2.50327 2.50941
2.17 0.183046 -0.194248 -2.52909 2.53571
2.18 0.212981 -0.176404 -2.61417 2.62284
2.19 0.211369 -0.183987 -2.73686 2.74501
2.2 0.198138 -0.118316 -2.92309 2.92979
2.21 0.23158 -0.186755 -3.07354 3.08225
2.22 0.241645 -0.18415 -3.20335 3.21245
2.23 0.276417 -0.179541 -3.22385 3.23568
2.24 0.398532 -0.262449 -3.69686 3.71828
2.25 0.341488 -0.201847 -3.70382 3.71953
2.26 0.4174 -0.306227 -3.89422 3.91653
2.27 0.448909 -0.30325 -4.03303 4.05794
2.28 0.506869 -0.255106 -4.1762 4.20685
2.29 0.547937 -0.195863 -4.32604 4.3606
2.3 0.577423 -0.226984 -4.48836 4.52535
2.31 0.588792 -0.19264 -4.83125 4.867
2.32 0.571451 -0.323801 -5.21176 5.24299
2.33 0.551294 -0.372937 -5.60044 5.62751
2.34 0.548122 -0.486601 -5.93845 5.9637
2.35 0.56933 -0.375605 -6.11411 6.14056
2.36 0.637908 -0.525919 -6.23329 6.26585
2.37 0.752758 -0.535279 -6.35838 6.40279
2.38 0.851612 -0.36904 -6.55975 6.6148
2.39 0.940363 -0.459316 -6.74964 6.81483
2.4 0.993266 -0.403284 -7.06073 7.13025
2.41 1.01603 -0.40878 -7.35877 7.42858
2.42 0.983534 -0.630579 -7.57293 7.63653
2.43 0.99501 -0.491291 -7.74701 7.81065
2.44 1.03266 -0.38071 -7.92904 7.99601
2.45 1.10916 -0.455137 -8.05322 8.12925
2.46 1.18822 -0.442075 -8.14504 8.23126
2.47 1.26254 -0.524099 -8.1925 8.28921
2.48 1.31375 -0.413112 -8.24526 8.34927
2.49 1.3134 -0.368533 -8.4972 8.59811
2.5 1.28831 -0.405803 -8.78748 8.88142
2.51 1.25258 -0.538955 -9.08393 9.16988
2.52 1.20795 -0.622223 -9.23926 9.31789
2.53 1.19079 -0.544213 -9.42412 9.49906
2.54 1.16127 -0.418865 -9.5057 9.57637
2.55 1.1176 -0.391745 -9.6399 9.70447
2.56 1.0758 -0.339391 -9.84509 9.9037
2.57 1.07135 -0.452562 -9.95426 10.0117
2.58 1.04786 -0.304688 -9.92557 9.98073
2.59 1.02373 -0.455358 -9.81456 9.86781
2.6 0.977941 -0.374229 -9.71406 9.76316
2.61 0.908713 -0.149182 -9.73617 9.77849
2.62 0.837869 -0.177283 -9.8183 9.85398
2.63 0.799604 -0.225293 -9.99169 10.0236
2.64 0.792834 -0.284038 -9.99816 10.0295
2.65 0.853652 -0.340195 -9.81774 9.85479
2.66 0.87312 -0.24078 -9.55109 9.59092
2.67 0.794047 -0.112799 -9.42379 9.45718
2.68 0.691683 -0.21948 -9.60928 9.63414
2.69 0.66187 -0.215032 -9.95944 9.98141
2.7 0.673354 -0.431992 -10.2158 10.238
2.71 0.76614 -0.373343 -10.1608 10.1897
2.72 0.807673 -0.327203 -9.9938 10.0264
2.73 0.774443 -0.254193 -9.76468 9.79534
2.74 0.68238 -0.299981 -9.82013 9.84381
2.75 0.604298 -0.395124 -10.0725 10.0906
2.76 0.607886 -0.398017 -10.2824 10.3003
2.77 0.68621 -0.456576 -10.24 10.263
2.78 0.656174 -0.25716 -7.66967 7.69769
2.79 0.818584 -0.138535 -5.12157 5.18658
2.8 0.65762 -0.154399 -4.91057 4.9544
2.81 -0.350422 0.471419 -12.3847 12.3897
2.82 0.092818 -0.407594 -13.8349 13.8352
2.83 0.876027 -0.547313 -10.2183 10.2558
2.84 1.40478 -0.799401 -7.42408 7.55582
2.85 1.64942 -0.907474 -6.27431 6.48749
2.86 1.66131 -1.15448 -5.8856 6.11557
2.87 1.36052 -1.2478 -5.81392 5.97099
2.88 0.924528 -1.10082 -5.5987 5.67452
2.89 0.595625 -0.975568 -5.05668 5.09164
2.9 0.433906 -0.772648 -4.36904 4.39054
2.91 0.313417 -0.929264 -3.76499 3.77801
2.92 0.217249 -0.877746 -3.58321 3.58979
2.93 0.120425 -0.83472 -3.50252 3.50459
2.94 0.0514637 -0.721241 -3.16645 3.16687
2.95 -0.00816762 -0.542482 -2.56136 2.56137
2.96 -0.0381015 -0.243252 -1.93768 1.93805
2.97 -0.0742888 -0.117408 -1.32238 1.32447
2.98 -0.122365 -0.0292928 -0.846098 0.8549
2.99 -0.175032 0.0660968 -0.442817 0.476154
3 -0.196966 -0.0356517 -0.249679 0.318017
3.01 -0.146999 -0.0354056 -0.169479 0.224348
3.02 -0.141477 0.044999 -0.0998078 0.17314
3.03 -0.0652907 -0.0155818 -0.0828789 0.105507
3.04 -0.0272166 -0.00935802 0.0199819 0.0337642
3.05 0.00379946 -0.00209766 -0.00033176 0.00381392
3.06 0.00946646 0.0257414 0.00586897 0.0111382
3.07 0.00623705 0.0633612 -0.000327741 0.00624566
3.08 0.0131137 -0.115684 0.0705614 0.0717696
3.09 0.0180763 -0.00237444 0.0123572 0.0218964
3.1 -0.00338731 -0.087123 0.0248695 0.0250992
3.11 0.0147677 7.63894e-05 -0.000683092 0.0147835
3.12 0.0104373 0.00238214 0.0187413 0.0214517
3.13 0.000133649 -0.0938076 0.0375879 0.0375882
3.14 0.0030867 -0.010925 0.0320624 0.0322107
3.15 0.0103688 0.0113435 0.0324283 0.0340457
3.16 -0.015821 -0.128667 -0.000715266 0.0158371
3.17 0.00860353 -0.120956 0.0312222 0.0323859
3.18 0.021915 0.0268728 0.0253435 0.0335047
3.19 0.0149951 -0.0178628 0.0382978 0.0411288
3.2 0.00625763 0.00484703 0.0451093 0.0455412
3.21 0.00686713 -0.044069 -0.0067968 0.00966199
3.22 -0.00288052 0.0595516 0.0384984 0.038606
3.23 0.0193454 -0.0024736 0.0639775 0.0668383
3.24 -0.000602124 -0.0307467 0.0513968 0.0514004
3.25 0.00640393 -0.026439 0.0379611 0.0384975
3.26 0.00979251 0.034141 -7.00311e-06 0.00979251
3.27 0.0126998 -0.110198 0.0638209 0.0650722
3.28 0.0104992 -0.0418846 -0.0201846 0.022752
3.29 -0.00153704 0.0674652 0.0329529 0.0329888
3.3 0.0192279 -0.00236847 0.0120448 0.022689
3.31 0.00681829 0.000163408 0.0123488 0.0141061
3.32 0.0193312 -0.0605694 -0.000885394 0.0193515
3.33 -0.000354489 -0.093367 0.0504786 0.0504798
3.34 -0.00383071 -0.0250331 0.0261615 0.0264404
3.35 0.0213007 0.0231861 0.0308597 0.0374973
3.36 0.0103498 0.0162474 0.0312628 0.0329315
3.37 0.00550574 -0.0433152 0.0181347 0.018952
3.38 0.00274142 0.0654122 0.0581066 0.0581712
3.39 0.015853 -0.058875 0.031707 0.0354493
3.4 -0.00422676 -0.0508549 0.00637283 0.00764712
3.41 0.00759995 -0.0180504 0.0512438 0.0518043
3.42 0.00758104 -0.0359265 0.0575312 0.0580286
3.43 0.0140866 -0.0215364 0.0244985 0.0282597
3.44 -0.00173378 0.0363065 0.0521818 0.0522106
3.45 0.00395298 -0.100971 0.00610723 0.00727491
3.46 0.00364807 -0.0959025 0.0315893 0.0317993
3.47 0.00444076 -0.18547 0.0049524 0.00665181
3.48 0.00561388 0.0766613 0.00662928 0.00868694
3.49 0.0119161 -0.118689 0.0380796 0.0399005
3.5 0.00302126 -0.00607029 0.0442749 0.0443779
3.51 0.00237087 0.00241451 0.00609355 0.00653853
3.52 0.0153429 -0.0626364 0.0503694 0.0526544
3.53 -0.000808066 -0.0351686 0.0186842 0.0187017
3.54 0.00348633 -0.0466834 0.0249332 0.0251758
3.55 0.00737829 -0.0981659 0.0184529 0.0198733
3.56 0.0147729 -0.00873739 0.0511028 0.0531953
3.57 -0.000801092 -0.00392729 0.0507384 0.0507448
3.58 -0.00160718 -0.0165981 0.00563046 0.00585535
3.59 0.00407084 -0.109247 0.0633813 0.0635119
3.6 -0.00377102 -0.0425945 0.0326485 0.0328656
3.61 0.00384802 -0.0426078 0.0513519 0.0514959
3.62 0.00710375 -0.0576358 -0.0134892 0.0152454
3.63 0.0138928 0.013765 0.0382095 0.0406568
3.64 0.01119 -0.0377395 0.0319525 0.0338553
3.65 0.0143765 0.0362863 0.0250418 0.0288751
3.66 0.00462043 -0.163403 0.0375797 0.0378627
3.67 0.00175674 0.0880087 0.00692911 0.00714833
3.68 0.00671489 0.0184693 0.0187576 0.0199233
3.69 0.014825 -0.0399614 0.0444577 0.0468643
3.7 -0.0067317 0.102321 0.0194603 0.0205917
3.71 0.0227537 -0.0175458 0.0240431 0.0331029
3.72 0.0099641 0.03862 0.0251888 0.027088
3.73 0.00839126 -0.0673987 0.0371898 0.0381247
3.74 0.009042 0.0884116 0.0382907 0.0393438
3.75 0.00706692 0.0090647 0.0392194 0.039851
3.76 -0.00071995 -0.106548 0.0309971 0.0310055
3.77 -0.000610284 -0.0351219 0.0385027 0.0385075
3.78 0.0068821 0.0181112 0.0261123 0.027004
3.79 0.0293874 0.00863892 0.0383735 0.0483337
3.8 0.0104834 -0.0643476 0.063388 0.064249
3.81 0.00428763 -0.0429368 0.0255863 0.0259431
3.82 0.018517 -0.0243866 0.0247632 0.0309208
3.83 -0.00130234 0.00989872 0.0768322 0.0768433
3.84 -0.00588842 0.0479709 0.0643663 0.0646351
3.85 0.00338363 -0.0469327 0.00572616 0.00665115
3.86 0.00456057 -0.123363 0.0510064 0.0512099
3.87 0.00253404 -0.0816794 0.0312448 0.0313474
3.88 0.00756854 -0.00918883 0.0641578 0.0646027
3.89 0.0032819 0.0602914 0.05167 0.0517742
3.9 0.00455921 -0.0163625 0.0641327 0.0642946
3.91 0.00181284 0.0121386 0.0387326 0.038775
3.92 2.64216e-06 0.00878364 0.0455693 0.0455693
3.93 -0.0153716 -0.0620858 -0.0134032 0.0203944
3.94 0.0031596 -0.011081 0.0388056 0.0389341
3.95 0.00211247 0.114232 0.0586914 0.0587294
3.96 0.0186619 -0.0157551 0.0575654 0.0605148
3.97 0.00374213 -0.158499 0.0309035 0.0311292
3.98 0.0111303 -0.0201782 0.0254648 0.027791
3.99 0.00608804 -0.0346901 0.0312327 0.0318205
4 0.00333481 -0.0150748 0.0381429 0.0382884
4.01 0.0137149 -0.00326089 0.00546015 0.0147618
4.02 0.00163772 -0.0144972 -0.000316828 0.00166808
4.03 0.0100653 -0.023505 0.0179595 0.0205877
4.04 0.0115908 -0.00705962 0.0444432 0.0459298
4.05 0.00223291 0.0297441 0.0577303 0.0577734
4.06 0.0121067 -0.0161785 0.0258152 0.0285131
4.07 0.00681437 0.000325803 0.0446633 0.0451802
4.08 0.00709339 0.00475286 0.0578662 0.0582993
4.09 0.00237804 -0.0147109 0.0643352 0.0643792
4.1 0.0073788 -0.0315443 0.0452487 0.0458464
4.11 0.00703557 -0.035343 0.0187598 0.0200357
4.12 0.00287138 -0.0154959 0.0119542 0.0122942
4.13 -0.00397991 -0.0466933 0.00599744 0.00719785
4.14 0.000220275 -0.0399144 0.0323039 0.0323046
4.15 -0.00125127 0.0229974 0.0256769 0.0257074
4.16 0.00204487 0.0834361 0.00617444 0.00650425
4.17 0.0121174 -0.0828328 0.0378064 0.0397008
4.18 0.0022397 -0.0547779 0.00595088 0.0063584
4.19 0.0318394 -0.0634854 -0.00775386 0.03277
4.2 0.000202511 -0.0537256 0.0317755 0.0317761
4.21 0.00572217 0.0057192 -0.00738171 0.00933986
4.22 0.00445399 -0.0509824 0.0180909 0.0186311
4.23 -0.0071588 -0.161464 0.0122265 0.0141681
4.24 0.000215899 -0.0314412 0.0581632 0.0581636
4.25 0.0117853 -0.0291488 0.0252702 0.0278833
4.26 -0.00887549 -0.0657645 0.0248916 0.0264267
4.27 0.0156444 -0.0805734 0.0112731 0.0192829
4.28 -0.00143588 -0.0254504 0.012265 0.0123487
4.29 0.0142461 0.0404919 0.044641 0.0468591
4.3 0.0153496 -0.0180018 0.0255694 0.0298228
4.31 0.00827995 -0.179022 0.0505303 0.0512041
4.32 -0.00223017 0.148658 0.00697522 0.00732307
4.33 0.00850781 -0.156745 0.0435265 0.0443502
4.34 -0.00378778 -0.0336053 -0.000471398 0.003817
4.35 0.0102594 0.0210069 0.0507215 0.0517486
4.36 0.0112643 -0.0380793 0.0315198 0.0334721
4.37 0.0125753 -0.0213244 0.0640269 0.0652502
4.38 0.0150158 -0.026713 0.0117359 0.019058
4.39 -4.75924e-05 -0.0490922 0.00550353 0.00550374
4.4 0.0024209 0.0431753 0.0321844 0.0322753
4.41 0.0134537 0.120952 0.0196477 0.0238125
4.42 0.00285915 0.00276984 0.051289 0.0513686
4.43 0.0163445 -0.0187868 0.05111 0.0536598
4.44 0.0138626 0.00518772 0.031087 0.0340378
4.45 0.0197554 -0.0341794 0.0636816 0.0666755
4.46 0.00807103 -0.031326 0.0445192 0.0452449
4.47 0.000448024 -0.0764297 0.0708081 0.0708095
4.48 0.00413972 -0.00238381 0.0581123 0.0582596
4.49 -0.00321978 -0.0515101 0.044447 0.0445634
4.5 0.00108542 0.0706084 0.0126904 0.0127368
4.51 0.00643434 -0.061844 0.0119486 0.0135709
4.52 0.000896976 -0.196499 0.030836 0.030849
4.53 0.00677366 -0.0842658 0.0314011 0.0321234
4.54 0.01233 -0.0787543 0.0310287 0.0333887
4.55 0.00196659 0.0972892 0.0323445 0.0324042
4.56 0.00873788 -0.0362432 0.0511579 0.0518988
4.57 0.00197288 0.0928804 -0.000330716 0.00200041
4.58 0.00969527 0.061049 0.0447947 0.0458319
4.59 0.00380027 -0.0424967 0.0384769 0.0386642
4.6 0.0063851 0.000964382 0.0315715 0.0322107
4.61 0.00686392 -0.0173839 0.0637555 0.0641239
4.62 0.00498667 -0.123498 0.0187682 0.0194193
4.63 -0.00471073 -0.0281177 0.032002 0.0323468
4.64 0.00525825 -0.0969232 0.0573146 0.0575553
4.65 0.00740894 -0.133752 0.0438325 0.0444543
4.66 0.0228743 -0.00460218 0.0381985 0.0445237
4.67 -0.00360389 -0.0201728 0.0325502 0.0327491
4.68 -0.00108915 -0.0394133 0.0126573 0.012704
4.69 0.00776812 -0.018248 0.0323454 0.0332651
4.7 -0.00847837 0.03188 0.0451018 0.0458917
4.71 0.00335309 -0.0331907 0.0447712 0.0448966
4.72 0.0138347 -0.0128164 0.0248403 0.028433
4.73 0.00866374 -0.067811 0.032552 0.0336852
4.74 0.0270537 -0.056249 0.0050706 0.0275248
4.75 -0.00299562 -0.154283 0.0119391 0.0123092
4.76 0.0185192 -0.0287941 0.0506562 0.0539352
4.77 0.0221294 0.0133526 0.024783 0.0332251
4.78 0.0120093 -0.137143 0.0442752 0.0458751
4.79 -0.00460297 -0.0775367 0.00607302 0.00762029
4.8 0.0155291 -0.0316064 0.0186064 0.0242353
4.81 0.0072904 -0.0307104 0.0118414 0.0139057
4.82 0.00308224 -0.0197069 0.0450612 0.0451665
4.83 0.0117493 -0.127779 0.0567393 0.057943
4.84 0.0260658 0.00624327 0.0189819 0.0322449
4.85 -0.00111614 -0.0308738 0.0195091 0.019541
4.86 -0.00109131 0.0675873 0.025783 0.0258061
4.87 0.0239507 -0.0544163 0.0248643 0.0345234
4.88 0.00616014 0.00929603 0.0448579 0.0452789
4.89 0.0178613 0.00722247 0.0186193 0.0258012
4.9 0.00705192 -0.0039527 0.0382096 0.0388549
4.91 0.00676904 -0.0756119 0.00586822 0.00895856
4.92 -0.00418859 -0.0377622 0.0252751 0.0256198
4.93 0.00760725 0.0132118 0.0581601 0.0586555
4.94 0.00392959 -0.055827 0.0509535 0.0511048
4.95 0.01894 0.00202341 0.064191 0.0669269
4.96 -0.0014316 -0.0259337 0.032457 0.0324886
4.97 0.00102744 -0.192553 0.0310339 0.0310509
4.98 -0.000500123 -0.0887872 0.0122137 0.0122239
4.99 0.00977881 0.0209633 0.0252362 0.0270645
5 0.0112733 -0.0203308 0.0126982 0.0169804
5.01 0.0147937 -0.0403676 0.0319938 0.0352485
5.02 0.0115093 -0.0736327 -0.0267691 0.0291385
5.03 0.00669022 -0.00428521 0.057481 0.057869
5.04 0.00880063 0.0572021 0.0123295 0.0151482
5.05 0.00930811 0.043687 0.00594575 0.011045
5.06 -0.0110996 -0.0554833 0.044785 0.0461399
5.07 -0.00145428 0.000655436 0.0516874 0.0517079
5.08 0.00553638 -0.0791447 0.0639402 0.0641795
5.09 0.00122717 -0.139078 -0.000595077 0.00136384
5.1 0.00080636 -0.192535 -0.00779142 0.00783303
5.11 0.00803721 -0.0849994 0.0572498 0.0578112
5.12 0.00981607 -0.260796 -0.00767861 0.0124626
5.13 0.00867731 -0.147999 0.0439439 0.0447924
5.14 0.0113583 0.00195789 0.0195755 0.0226321
5.15 0.0104034 0.0473977 0.0510534 0.0521026
5.16 0.0171046 0.00761166 0.0312006 0.0355815
5.17 -0.0051039 -0.099542 0.0188289 0.0195084
5.18 0.0116775 -0.0250094 0.0638769 0.0649355
5.19 0.0192841 -0.024808 0.0509684 0.0544945
5.2 -0.0036835 -0.0470309 0.0192514 0.0196006
5.21 0.0066938 0.0313837 0.0385037 0.0390812
