0 6.08591e-05 -0.000285692 -0.00579097 0.00579129
0.01 -0.001507 0.0587639 -0.00621156 0.00639176
0.02 -0.0194231 -0.0152774 -0.0256461 0.0321711
0.03 3.57335e-05 -0.0626143 -0.0260956 0.0260956
0.04 0.00692157 0.0537004 -0.0187771 0.0200122
0.05 0.00121082 -0.170468 -0.0200449 0.0200814
0.06 -0.00753211 -0.0177754 -0.0255234 0.0266115
0.07 -0.0121257 -0.0415924 -0.0260497 0.0287336
0.08 0.00767198 0.111291 0.00732112 0.0106046
0.09 0.00722549 0.00479231 -0.0199412 0.0212099
0.1 -0.00020033 0.0266783 0.000456008 0.000498072
0.11 -0.0167464 0.00550343 0.00671468 0.0180425
0.12 -0.00504217 0.132425 -0.0248616 0.0253677
0.13 -0.0129837 0.0662013 -0.0189161 0.0229433
0.14 -0.00982906 0.0904779 -0.0187953 0.0212102
0.15 -0.0200339 -0.00593495 -0.0327661 0.0384054
0.16 -0.00309959 0.0241297 0.0325322 0.0326796
0.17 -0.00905335 0.0947538 -0.0322043 0.0334527
0.18 -0.0051743 0.043304 -0.0189044 0.0195997
0.19 -0.00871118 0.0412184 -0.0322725 0.0334276
0.2 -0.00113452 0.0499574 -0.0383285 0.0383453
0.21 -0.0108808 -0.00661051 -0.0130458 0.0169878
0.22 -0.0126766 0.0340851 -0.0121661 0.0175701
0.23 -0.00423737 0.00667172 -0.0321101 0.0323885
0.24 -0.00119782 0.0318498 -0.025839 0.0258667
0.25 -0.00948324 0.0726113 -0.0378432 0.0390134
0.26 -0.0153811 -0.0130314 -0.0191773 0.0245835
0.27 -0.00498966 0.114392 -0.0118309 0.0128401
0.28 -0.00551134 0.101538 0.000122009 0.00551269
0.29 -0.0127158 -0.0414016 -0.0323662 0.0347744
0.3 -0.00157234 0.112983 -0.038633 0.038665
0.31 -0.00554795 0.105701 -0.00591968 0.0081131
0.32 -0.00351578 0.00195389 0.00711302 0.00793447
0.33 0.00280739 0.0475269 -3.52832e-05 0.00280761
0.34 -0.000132698 0.000462139 -0.0260914 0.0260918
0.35 0.00497231 -0.105544 -0.0201746 0.0207784
0.36 -0.0119145 0.0385553 -0.0320459 0.0341891
0.37 -0.00354127 0.0195983 0.00702765 0.00786947
0.38 0.00422672 -0.0290985 -0.0517307 0.0519031
0.39 -0.00762407 -0.0980299 -0.0261626 0.0272508
0.4 -0.00440515 0.105398 0.0326228 0.0329189
0.41 -0.00366681 -0.0247473 -0.012929 0.0134389
0.42 0.00339365 0.0118479 -0.0261331 0.0263526
0.43 -0.0112944 -0.0426423 0.0134422 0.0175572
0.44 -0.00240517 -0.047777 0.000181165 0.00241199
0.45 -0.00928531 0.0501793 -0.0379392 0.0390589
0.46 0.0109137 0.0112617 -0.0326984 0.0344716
0.47 0.00756373 0.0222855 -0.0191058 0.0205485
0.48 -0.0115174 0.0562465 -0.0571937 0.0583418
0.49 -0.00144582 0.161232 0.000761338 0.00163402
0.5 0.00676656 0.0675602 -0.045314 0.0458164
0.51 -0.00403462 0.0689112 0.00696826 0.00805201
0.52 -0.00283831 -0.127906 -0.0326478 0.032771
0.53 0.00250338 0.0474124 -0.0318849 0.031983
0.54 -0.000827806 0.0272898 -0.0575934 0.0575994
0.55 -0.0166215 0.0368386 -0.0443985 0.0474078
0.56 -0.00837952 0.0675074 0.000482946 0.00839342
0.57 -0.00774555 0.00907762 -0.00640139 0.0100485
0.58 -0.00265018 -0.163678 -0.0398158 0.0399039
0.59 0.00275644 0.0255021 -0.0519018 0.0519749
0.6 -0.0132676 0.0171613 -0.0324574 0.0350644
0.61 -0.00755279 0.004587 -0.0317916 0.0326765
0.62 -0.00128632 0.00974282 -0.0255404 0.0255728
0.63 -0.00666924 0.244866 -0.0184351 0.0196044
0.64 -0.0121024 0.0383348 -0.0119623 0.0170166
0.65 -0.00419523 0.010969 0.0134419 0.0140814
0.66 -0.0109529 -0.145039 -0.0458926 0.0471815
0.67 -0.00405848 -0.00172867 -0.00688053 0.00798831
0.68 0.00673912 0.0585005 -0.0322449 0.0329416
0.69 -0.0227344 0.00901936 -0.0445436 0.0500098
0.7 0.0115432 0.033148 -0.0384405 0.0401362
0.71 0.0033055 0.0605876 -0.0321075 0.0322772
0.72 0.00654935 0.0853077 -0.0192548 0.0203381
0.73 -0.0108846 -0.0647384 -0.0391222 0.0406082
0.74 -0.000650515 0.107174 -0.0185998 0.0186112
0.75 -0.00458887 0.0517672 -0.0381208 0.038396
0.76 -0.00818839 0.000481516 -0.0250907 0.0263931
0.77 -0.00381161 0.0156436 -0.0127181 0.013277
0.78 0.00676297 0.058274 0.0130179 0.0146698
0.79 -0.00276599 0.0909191 -0.0514 0.0514744
0.8 -0.0122298 0.0342275 -0.0444753 0.0461261
0.81 -0.0231502 -0.013176 -0.0448242 0.0504494
0.82 -0.0161428 0.108053 -0.0191239 0.0250263
0.83 0.000221011 -0.0490407 0.00581225 0.00581645
0.84 -0.00559164 0.154672 -0.0180986 0.0189427
0.85 0.00742266 0.0491422 -0.0194937 0.020859
0.86 -0.0103353 0.073042 0.000382781 0.0103424
0.87 -0.0120475 0.0254845 -0.000167998 0.0120487
0.88 -0.00309885 0.117879 -0.0256408 0.0258274
0.89 -0.0029413 -0.096409 -0.00656323 0.00719217
0.9 -0.000837376 0.0404936 -0.0515662 0.051573
0.91 -0.00377182 0.00723347 -0.0070365 0.00798367
0.92 -0.00199053 0.0950341 -0.0385536 0.038605
0.93 -0.00149659 0.0590735 -0.0450714 0.0450963
0.94 -0.00751827 -0.107371 -0.0383943 0.0391235
0.95 -0.00974841 0.0507152 -0.0322948 0.033734
0.96 -0.0125027 0.0117185 -0.0312695 0.0336764
0.97 -0.00534721 0.092214 0.0133001 0.0143347
0.98 0.00118996 0.101647 -0.0132089 0.0132624
0.99 -0.0134198 0.137215 -0.031738 0.0344585
1 -0.0131908 0.012435 -0.0321358 0.0347377
1.01 -0.00500938 0.140658 0.00133791 0.00518497
1.02 -0.00132252 0.0365262 -0.0127827 0.0128509
1.03 -0.000682934 0.0894919 -0.018785 0.0187974
1.04 -0.0174797 0.108621 0.000791959 0.0174976
1.05 0.00252646 0.0208036 -0.0259767 0.0260992
1.06 -0.0224912 -0.102783 0.00634807 0.0233699
1.07 -0.0120262 0.00704538 0.000399399 0.0120329
1.08 -0.00994664 0.130642 -0.0318921 0.0334072
1.09 -0.0117189 0.0203698 -0.0317813 0.033873
1.1 0.010982 0.0379914 -0.0319337 0.0337693
1.11 -0.00373882 -0.0379427 -0.013095 0.0136183
1.12 -0.0118693 -0.0506347 -0.0324523 0.0345548
1.13 0.0022806 0.0431856 -0.0125027 0.012709
1.14 0.00261398 0.0295781 -0.0448367 0.0449128
1.15 6.14468e-05 0.0130665 -0.0123682 0.0123683
1.16 -0.00764655 -0.00449825 -0.0326417 0.0335254
1.17 0.00279222 0.056052 -0.0381023 0.0382045
1.18 -0.00110601 0.121372 0.000177461 0.00112016
1.19 0.00852095 0.106546 -0.0713985 0.0719052
1.2 0.00911781 0.16416 -0.0450672 0.0459803
1.21 -0.012074 0.00715649 -0.0124756 0.0173615
1.22 -0.0185088 -0.0603363 -1.18823e-05 0.0185088
1.23 -0.000467126 0.0357528 -0.0319285 0.0319319
1.24 -0.0159511 -0.0485554 -0.012649 0.0203576
1.25 -0.00192014 0.045694 -0.0385705 0.0386182
1.26 -0.0164143 0.147918 0.0205176 0.0262755
1.27 -0.0115297 -0.0197896 -0.0381949 0.0398971
1.28 -0.0148882 -0.0981752 -0.0324558 0.0357077
1.29 -0.00525432 0.00325467 -0.051879 0.0521444
1.3 -0.00826938 0.0138421 -0.0258067 0.0270992
1.31 -0.00469274 0.0116025 -0.0387107 0.0389941
1.32 -0.00467504 0.0827274 0.0135166 0.0143023
1.33 0.000105158 -0.0223521 -0.0832997 0.0832997
1.34 -0.00701689 -0.0401063 -0.0386893 0.0393204
1.35 0.00331921 -0.0197408 -0.0196006 0.0198796
1.36 0.0103717 0.060525 -0.0193798 0.0219806
1.37 -0.00647242 -0.0898729 -0.00667718 0.0092993
1.38 0.00325177 0.0292762 -0.0256452 0.0258506
1.39 -0.00791129 -0.044134 -0.0197623 0.021287
1.4 -0.0169841 0.00996262 -0.0382256 0.0418289
1.41 -0.010219 0.144124 -0.0316021 0.0332132
1.42 -0.000849666 0.00973686 -0.0452445 0.0452525
1.43 -0.001732 0.0589445 -0.0127223 0.0128397
1.44 -0.00684039 0.0936311 -0.0643932 0.0647555
1.45 0.00753858 0.00409861 -0.0325284 0.0333906
1.46 -0.0076566 0.0802263 0.0011744 0.00774615
1.47 -0.00260955 -0.118981 -0.0330744 0.0331771
1.48 -0.0117034 0.00273802 -0.045345 0.046831
1.49 -0.000203134 0.0177336 -0.0188597 0.0188608
1.5 -0.00279828 -0.0965616 -0.0193298 0.0195313
1.51 -0.00393154 0.00239825 0.000493867 0.00396244
1.52 -0.00271679 0.256117 -0.0507151 0.0507878
1.53 -0.0104051 -0.0112442 -0.0316547 0.033321
1.54 -0.00112979 0.00939598 -0.0318343 0.0318544
1.55 -0.00428545 0.0158896 0.00664514 0.00790715
1.56 0.0157071 -0.00495183 -0.0260508 0.0304197
1.57 -0.00852749 -0.039651 -0.0195844 0.0213604
1.58 -0.00417009 -0.0198666 -0.00615098 0.0074313
1.59 -0.00990823 0.0994506 -0.0187569 0.0212131
1.6 -0.00119081 0.112456 -0.0384162 0.0384347
1.61 0.000129078 -0.0131495 -0.0389156 0.0389158
1.62 -0.00820034 0.0179317 -0.0187028 0.0204216
1.63 -0.00982428 -0.0876332 -0.038654 0.0398829
1.64 -0.00843026 0.0453019 8.0145e-06 0.00843026
1.65 0.00612434 0.157265 0.0134056 0.0147383
1.66 0.00344379 0.0742718 -0.0130754 0.0135213
1.67 -0.0113067 0.00689621 -0.0125234 0.0168724
1.68 0.00519197 -0.0747723 0.0321092 0.0325263
1.69 -0.0116219 -0.0199102 -0.0448678 0.0463485
1.7 -0.0119865 0.00272015 -0.0258734 0.0285151
1.71 -0.0120439 0.0385137 -0.0128061 0.0175799
1.72 -1.05579e-05 -0.000128899 -0.0125342 0.0125342
1.73 -0.0156603 0.0135128 -0.0703138 0.0720366
1.74 -0.00757111 6.32647e-05 -0.0320814 0.0329626
1.75 -0.00152395 0.0140214 -0.0190842 0.0191449
1.76 -0.0121347 -0.00182554 -0.0320625 0.034282
1.77 0.00312467 0.0249882 -0.00676605 0.00745272
1.78 0.00499301 -0.0117607 -0.057995 0.0582096
1.79 -0.00983633 0.0419604 -0.0385734 0.0398077
1.8 0.00654323 0.156659 -0.0122897 0.0139231
1.81 -0.0155725 -0.02612 -0.0127092 0.0201004
1.82 -0.00738909 -0.017928 -0.0382899 0.0389964
1.83 -0.000607593 0.0446892 0.0264093 0.0264163
1.84 0.000668522 -0.147749 -0.0198255 0.0198368
1.85 -0.0237155 0.0229415 -0.0450502 0.0509112
1.86 0.00218506 0.053168 -0.349463 0.34947
1.87 -0.0164519 0.00785962 -1.10991 1.11003
1.88 -0.013554 -0.0331826 -1.4924 1.49246
1.89 0.0648115 -0.0679612 -1.42754 1.42901
1.9 0.142671 -0.0719786 -1.15409 1.16287
1.91 0.182452 -0.10986 -1.02731 1.04338
1.92 0.169784 -0.253927 -1.13609 1.14871
1.93 0.111526 -0.141397 -1.35149 1.35608
1.94 -0.000770986 -0.0576203 -1.72802 1.72802
1.95 -0.0624559 -0.143189 -2.02972 2.03069
1.96 -0.0951864 -0.0724038 -2.33789 2.33983
1.97 -0.0935636 -0.188739 -2.49455 2.4963
1.98 -0.0582298 -0.134226 -2.58539 2.58604
1.99 -0.0326618 -0.176353 -2.73528 2.73547
2 -0.0231186 -0.0932573 -2.86463 2.86473
2.01 -0.0302276 -0.207894 -3.54989 3.55002
2.02 -0.00939423 -0.246137 -3.88224 3.88225
2.03 0.0201271 -0.287458 -4.01995 4.02
2.04 0.0973601 -0.203263 -3.69406 3.69534
2.05 0.268933 -0.561303 -4.41378 4.42197
2.06 0.19691 -0.286219 -4.59456 4.59877
2.07 0.298538 -0.325408 -4.94103 4.95004
2.08 0.332239 -0.443459 -5.19703 5.20764
2.09 0.385973 -0.414244 -5.3985 5.41228
2.1 0.409039 -0.490432 -5.52308 5.53821
2.11 0.415853 -0.373487 -5.83396 5.84876
2.12 0.410979 -0.512726 -6.0602 6.07412
2.13 0.421528 -0.536724 -6.34393 6.35792
2.14 0.449384 -0.490529 -6.63502 6.65022
2.15 0.471149 -0.582981 -6.88235 6.89846
2.16 0.4881 -0.437177 -7.0694 7.08623
2.17 0.501971 -0.38291 -7.25642 7.27376
2.18 0.515253 -0.385947 -7.45006 7.46785
2.19 0.534458 -0.535562 -7.72125 7.73972
2.2 0.528899 -0.696725 -8.00058 8.01805
2.21 0.527366 -0.632785 -8.23213 8.249
2.22 0.524918 -0.501488 -8.418 8.43435
2.23 0.525286 -0.613199 -8.56741 8.5835
2.24 0.518401 -0.493198 -8.68792 8.70338
2.25 0.56453 -0.432094 -8.90884 8.92671
2.26 0.60346 -0.310348 -9.12816 9.14808
2.27 0.684862 -0.494084 -9.27355 9.29881
2.28 0.760337 -0.581042 -9.45765 9.48816
2.29 0.825327 -0.527358 -9.64106 9.67633
2.3 0.864171 -0.422717 -9.80993 9.84791
2.31 0.898158 -0.604253 -10.0452 10.0853
2.32 0.917072 -0.616182 -10.2853 10.3261
2.33 0.955079 -0.693441 -10.4728 10.5163
2.34 0.964666 -0.780645 -10.6032 10.647
2.35 1.00985 -0.567758 -10.7195 10.7669
2.36 1.01432 -0.567335 -10.7456 10.7934
2.37 0.898414 -0.405652 -9.26524 9.30869
2.38 0.862734 -0.0798323 -6.02778 6.08921
2.39 0.682682 0.159491 -5.79804 5.8381
2.4 0.411098 -0.220424 -13.5251 13.5313
2.41 0.312109 -0.714471 -14.7122 14.7155
2.42 0.95382 -0.578575 -12.1939 12.2311
2.43 1.28144 -0.343132 -8.38631 8.48365
2.44 1.40351 -0.488981 -7.10683 7.24409
2.45 1.37326 -0.733658 -6.49984 6.64332
2.46 0.990462 -0.814007 -6.63258 6.70613
2.47 0.445991 -0.702359 -6.61351 6.62853
2.48 0.130761 -0.388612 -5.89868 5.90013
2.49 -0.0134592 -0.135387 -4.70361 4.70363
2.5 -0.096803 -0.173952 -3.63533 3.63662
2.51 -0.0447054 -0.184027 -2.64265 2.64303
2.52 0.024156 -0.142755 -1.8063 1.80646
2.53 0.049118 -0.0380334 -1.13907 1.14013
2.54 -0.014738 0.0414935 -0.665641 0.665804
2.55 -0.0785047 0.188083 -0.211247 0.225363
2.56 -0.144069 0.205291 0.0214192 0.145653
2.57 -0.0245444 0.117526 -0.0417854 0.0484607
2.58 0.000276357 -0.10699 -0.0211055 0.0211073
2.59 -0.0171046 -0.00720606 -0.0193122 0.0257978
2.6 -0.0051194 0.10132 -0.0385211 0.0388598
2.61 -0.009192 0.0637936 -0.0389579 0.0400276
2.62 -0.0127307 0.0122221 -0.0317187 0.0341782
2.63 -0.0119371 -0.0015981 -0.0636356 0.0647456
2.64 -0.00165474 -0.00311507 -0.0389603 0.0389954
2.65 -0.00191534 0.0372012 -0.0392905 0.0393372
2.66 -0.008829 -0.0213721 -0.0581351 0.0588017
2.67 -0.0150582 -0.00446992 0.00726052 0.0167172
2.68 -0.00942098 0.0283249 -0.05163 0.0524824
2.69 -0.0134328 0.0704662 -0.012498 0.0183478
2.7 -0.00415197 0.0515805 -0.00643274 0.00765631
2.71 -0.0175889 0.0733673 -0.0710233 0.0731688
2.72 -0.00189261 0.113205 -0.0195022 0.0195938
2.73 0.00597142 0.0455696 -0.0518729 0.0522155
2.74 -0.0108732 -0.0382272 0.0127641 0.0167675
2.75 -0.00473734 -0.0596565 0.0251584 0.0256006
2.76 0.00592903 0.0634092 0.000139015 0.00593066
2.77 -0.00957494 0.0951109 -0.0257161 0.0274408
2.78 -0.00112201 0.0323069 0.0318168 0.0318366
2.79 -0.0137379 0.0530762 -0.0320714 0.0348899
2.8 -0.00884466 0.0055275 -0.0191947 0.0211344
2.81 -0.000463524 0.000555489 -0.0194948 0.0195003
2.82 -0.0244557 -0.0346811 -0.0323589 0.0405608
2.83 -0.0198096 0.0256505 -0.00610479 0.0207289
2.84 -0.00962763 0.112983 -0.0124938 0.0157729
2.85 -0.0096291 0.0411794 -0.0380538 0.0392532
2.86 -0.00509546 0.123733 0.000400777 0.00511119
2.87 -0.00943093 0.121502 -0.0253841 0.0270794
2.88 -0.02022 0.0347361 -0.0246083 0.0318499
2.89 -0.0164332 0.0500891 -0.0185528 0.0247842
2.9 -0.00837979 0.0450484 -0.0445707 0.0453516
2.91 0.00300056 0.0430168 -0.000286911 0.00301424
2.92 -0.00186676 0.179618 -0.0311527 0.0312086
2.93 -0.00170228 0.0903213 -0.0381939 0.0382318
2.94 -0.00884064 0.0638165 -0.0193719 0.0212938
2.95 -0.0123807 0.0524639 0.000450162 0.0123889
2.96 -0.00113638 -0.025608 -0.0844407 0.0844484
2.97 -0.00239435 0.0553885 -0.0452215 0.0452849
2.98 -0.014729 0.102861 -0.058028 0.0598681
2.99 -0.00881744 0.0185109 -0.0379652 0.0389757
3 0.00318453 0.0517296 -0.0196499 0.0199063
3.01 -0.0122584 0.052034 -0.0122455 0.0173269
3.02 0.00237905 0.0256864 -0.0330415 0.0331271
3.03 0.00240995 0.052495 -0.00636469 0.00680567
3.04 -0.0137675 0.0443391 -0.0129384 0.0188931
3.05 -0.0127128 -0.00999782 0.0320051 0.0344375
3.06 -0.017555 0.175721 0.0269067 0.0321271
3.07 -0.0012157 0.0631571 -0.0127915 0.0128492
3.08 0.00453682 -0.0788335 -0.013625 0.0143604
3.09 -0.000437923 -0.0489965 -0.0384481 0.0384506
3.1 -0.0147615 -0.10742 0.00663437 0.0161838
3.11 0.00111913 0.128367 -0.0319921 0.0320116
3.12 -0.00395029 -0.0153166 -0.0194723 0.0198689
3.13 -0.00183576 0.144013 0.0193686 0.0194554
3.14 -0.00830658 0.00465317 -0.0252712 0.0266013
3.15 -0.00140713 0.103639 -0.000314588 0.00144186
3.16 -0.00949297 0.188589 -0.0441889 0.045197
3.17 0.00279377 0.0250814 -0.000166897 0.00279875
3.18 -0.0228555 -0.0667811 -0.00637583 0.0237282
3.19 -0.00623509 0.0530077 -0.0390453 0.03954
3.2 -0.0156493 -0.0440334 -0.00669229 0.0170202
3.21 -0.000718932 0.0361412 7.04918e-06 0.000718967
3.22 0.01036 0.0431205 -0.0196352 0.0222007
3.23 -0.010683 -0.154275 -0.0458226 0.0470514
3.24 -0.0165009 0.00578081 -0.0382389 0.0416472
3.25 0.00229336 0.119202 -0.00636293 0.00676361
3.26 -0.00364924 -0.0243081 0.0193152 0.0196569
3.27 -0.0109794 -0.028866 -0.000142796 0.0109804
3.28 -0.00538246 0.0655875 -0.00620148 0.00821153
3.29 0.00866415 0.280649 -0.0184713 0.0204024
3.3 -0.000689469 0.0541461 0.00625375 0.00629165
3.31 -0.00322672 -0.0601117 0.00605421 0.00686041
3.32 -0.00820431 -0.00828864 -0.0257405 0.0270164
3.33 -0.00933324 0.0369185 -0.0190984 0.021257
3.34 -0.00893304 0.0408952 0.00654985 0.011077
3.35 -0.00553802 -0.000686473 -0.0267033 0.0272716
3.36 -0.00351142 -0.029159 -0.0124071 0.0128944
3.37 -0.00223138 0.202248 -0.0121583 0.0123614
3.38 -0.00216607 0.0548652 -0.0196312 0.0197504
3.39 -0.0281723 -0.00997205 -0.0190883 0.0340301
3.4 -0.00917962 -0.00822349 -0.0329042 0.0341607
3.41 0.00236276 0.0433186 -0.0194783 0.0196211
3.42 -0.0190491 0.0158119 -0.0512392 0.0546656
3.43 -0.0173493 0.0418804 -0.0189926 0.0257239
3.44 -0.0112439 -0.010827 -0.0383508 0.0399651
3.45 -0.0116717 -0.00630444 -0.00686624 0.0135416
3.46 0.00347664 0.0383633 0.0062434 0.00714612
3.47 -0.00510757 0.163662 0.0267025 0.0271866
3.48 -0.0123897 -0.0235732 -0.0391185 0.0410336
3.49 -0.0036525 -0.0690837 -0.0133384 0.0138294
3.5 -0.0152512 0.00963024 -0.0196171 0.0248482
3.51 -0.00951429 0.00149985 -0.0451485 0.0461401
3.52 -0.00779341 -0.116044 -0.0519572 0.0525384
3.53 -0.0103714 -0.00260666 -0.0521318 0.0531534
3.54 0.00727187 -0.00867056 -0.000488952 0.00728829
3.55 -0.00980572 0.0772409 -0.0446053 0.0456704
3.56 -0.021312 0.0308228 -0.0517527 0.0559691
3.57 -0.00210817 0.0549026 -0.0193607 0.0194751
3.58 -0.00446549 0.0296541 -0.0126455 0.0134108
3.59 -0.00870485 -0.0167611 -0.0709527 0.0714847
3.6 -0.0244503 0.00586783 -0.025207 0.0351171
3.61 -0.0105386 0.0774036 0.0132388 0.0169213
3.62 -0.0103277 0.167 -0.0187742 0.0214273
3.63 -0.0042801 0.0113201 0.00022359 0.00428593
3.64 0.00303093 0.0781362 0.0199372 0.0201663
3.65 -0.00951665 0.0151752 -0.0456641 0.0466453
3.66 -0.00570764 0.0839121 -0.0386203 0.0390398
3.67 -0.0119211 -0.0288592 0.000210197 0.011923
3.68 0.00247081 0.0389985 -0.00669283 0.00713434
3.69 -0.0126136 0.118955 0.00102582 0.0126553
3.7 0.000141945 -0.120202 0.0118868 0.0118877
3.71 -0.00708754 -0.107073 0.0316723 0.0324556
3.72 -0.0119789 0.0163828 -0.0127405 0.0174876
3.73 0.00431114 0.0597912 0.00708165 0.0082907
3.74 -0.00776206 0.000165927 -0.0059368 0.00977216
3.75 -0.00749374 -0.0716059 -0.00604962 0.00963089
3.76 -0.00209776 0.055212 -0.0582205 0.0582583
3.77 -0.0148525 -0.0130781 -0.00595557 0.016002
3.78 -0.0163676 0.0186709 -0.0187253 0.0248704
3.79 -0.00443706 -0.00152421 -0.0131589 0.0138868
3.8 0.00287021 0.00716384 -0.0195235 0.0197334
3.81 -0.00416788 0.0560211 -0.0125454 0.0132196
3.82 -0.00381524 -0.046408 -0.0330931 0.0333123
3.83 -0.00121355 0.0364515 -0.0582046 0.0582172
3.84 -0.0101051 0.171066 -0.0119034 0.0156142
3.85 -0.0124857 -0.0595236 -0.000558681 0.0124982
3.86 -0.0128151 -0.0770094 -0.0128834 0.0181717
3.87 -0.0132407 0.119547 -0.031885 0.034525
3.88 -0.00409807 0.00275775 -0.00686134 0.007992
3.89 -0.00939343 0.16636 0.0136718 0.0165878
3.9 -0.0145252 -0.174254 0.0251389 0.0290335
3.91 -0.00212018 0.117471 0.000600005 0.00220345
3.92 0.0132301 0.0276448 -0.0328171 0.0353836
3.93 0.00319291 0.0253351 -0.0453529 0.0454651
3.94 -0.00208473 0.112351 -0.0251883 0.0252744
3.95 -0.00173292 0.0324011 -0.0258234 0.0258814
3.96 -0.00913985 0.125734 -0.00570798 0.0107758
3.97 -5.01443e-05 0.00435752 -0.012515 0.0125151
3.98 -0.00104302 0.00087515 -0.0132771 0.013318
3.99 -0.000605964 0.00463139 -0.012429 0.0124438
4 -0.017798 0.0819763 0.000762695 0.0178143
4.01 -0.00329339 -0.0778767 -0.000533962 0.00333639
4.02 -0.0201163 -0.054275 -0.0258585 0.0327617
4.03 -0.0221867 0.0936932 -0.00609773 0.0230094
4.04 -0.00383748 -0.0601983 -0.000191947 0.00384228
4.05 -0.00607895 -0.0408255 -0.0327277 0.0332875
4.06 -0.00474082 0.0208203 4.45456e-05 0.00474103
4.07 -0.0136254 0.0176431 -0.038806 0.0411286
4.08 -0.00569173 0.0794715 -0.0325077 0.0330022
4.09 -0.0101934 0.12648 -0.0315192 0.0331265
4.1 -0.00162778 -0.00350348 -0.0260126 0.0260634
4.11 0.000431442 -0.0982103 -0.0009103 0.00100737
4.12 -0.00100368 -0.0260703 -0.0583493 0.0583579
4.13 -0.00148119 0.143874 0.00663767 0.00680093
4.14 -0.00678556 0.0487121 -0.0453809 0.0458854
4.15 -0.00509214 0.0434371 -0.02588 0.0263762
4.16 -0.00923169 0.0456402 -0.0325976 0.0338797
4.17 -0.0148517 -0.1025 -0.000159899 0.0148526
4.18 -0.0181338 0.0869612 -0.038725 0.0427605
4.19 -0.0186661 0.167324 -0.0508077 0.0541281
4.2 0.00998971 0.0384324 -0.0383966 0.0396749
4.21 -0.00409607 -0.00146902 -0.03236 0.0326182
4.22 -0.0043899 -0.0149876 0.00629333 0.00767315
4.23 -0.0153775 -0.0708686 -0.000405114 0.0153829
4.24 0.0101674 0.060983 -0.0259608 0.0278808
4.25 -0.00257786 -0.158955 -0.00694037 0.00740366
4.26 -0.0116174 -0.0192962 0.00604239 0.0130948
4.27 -0.00862819 0.0677338 0.000103995 0.00862881
4.28 0.002366 0.0880943 0.0131746 0.0133854
4.29 0.00402663 -0.00260094 0.000117515 0.00402835
4.3 -0.0174437 0.0684654 0.01975 0.0263504
4.31 -0.0122733 0.0124936 -0.0514931 0.0529356
4.32 -0.0196332 -0.03287 -0.0446063 0.0487359
4.33 -0.0181465 0.184404 -0.0372602 0.0414441
4.34 0.00615147 0.0544449 -0.0389214 0.0394045
4.35 -0.0158243 0.0224949 -0.00584608 0.0168697
4.36 -0.00100845 0.0141494 0.0128035 0.0128432
4.37 0.00579632 0.0412317 -0.0196133 0.0204518
4.38 -0.00971135 -0.154993 -0.0392887 0.0404711
4.39 0.0034989 0.0691075 0.0135702 0.014014
4.4 -0.0211957 0.146682 0.00748343 0.022478
4.41 -0.010318 0.108678 -0.0383748 0.0397377
4.42 -0.0107861 -0.0426439 -0.0257717 0.0279378
4.43 -0.013125 0.0969817 -0.0250054 0.0282407
4.44 0.00907548 -0.179472 -0.0716705 0.0722428
4.45 0.00179935 0.155163 0.000157357 0.00180622
4.46 -0.00605372 0.204391 -0.00569417 0.0083109
4.47 -0.0158231 0.0141836 0.00060975 0.0158348
4.48 -0.0130895 0.0661139 -0.00580869 0.0143205
4.49 -0.00557596 0.0569064 -0.0256281 0.0262277
4.5 -0.0145892 0.080231 -0.0321384 0.0352948
4.51 -0.0178978 0.193607 -0.0377569 0.0417842
4.52 0.000844627 0.0753907 -0.0261834 0.026197
4.53 -0.00789629 0.0406858 0.00680824 0.0104261
4.54 -0.00160243 0.0589861 -0.031964 0.0320042
4.55 -0.00873067 0.00999009 -0.0194079 0.0212812
4.56 -0.00750881 -0.0313541 0.0263136 0.027364
4.57 -0.000286275 0.000485973 -0.025859 0.0258606
4.58 -0.00313148 -0.082793 -0.0132488 0.0136139
4.59 -0.0130545 0.0570707 -0.025898 0.0290022
4.6 -0.000533523 0.0404469 0.006537 0.00655873
4.61 0.00760071 0.0049306 -0.0327399 0.0336106
4.62 -0.00584737 0.0969328 -0.012237 0.0135623
4.63 -0.00849454 0.0138616 -0.00606385 0.0104368
4.64 -0.0027545 -0.0293871 -0.051242 0.051316
4.65 -0.0107051 0.18448 -0.0373312 0.0388357
4.66 -0.00460392 0.092019 -0.005757 0.0073715
4.67 -0.0267793 -0.0505589 -0.0190027 0.0328365
4.68 -0.00825717 -0.128861 -0.039733 0.0405819
4.69 -0.011034 -0.0865597 -0.0330327 0.0348268
4.7 -0.00218163 -0.0206672 -0.0459631 0.0460148
4.71 -0.00455326 -0.00157931 -0.0388385 0.0391045
4.72 -0.019981 0.0343416 0.0135143 0.0241221
4.73 -0.00531432 0.155156 0.0259468 0.0264854
4.74 -0.0018618 0.0683515 -0.0194999 0.0195886
4.75 -0.0157216 0.0321731 0.0124853 0.0200761
4.76 0.00366614 -0.0109028 -0.0518004 0.05193
4.77 -0.00626711 0.0485171 -0.0195547 0.0205344
4.78 -0.000781599 0.0672364 -0.00588198 0.00593368
4.79 -0.0171059 0.103698 0.0132538 0.0216397
4.8 -0.0140733 0.164416 -0.0119865 0.0184861
4.81 -0.0220776 0.116258 -0.0578607 0.0619296
4.82 -0.0205696 -0.018736 -0.0261733 0.0332889
4.83 -0.00747242 -0.0485475 -0.0135734 0.0154944
4.84 -0.00236449 0.0865845 -0.0192991 0.0194434
4.85 -0.0114064 -0.0645425 -0.00638037 0.0130696
4.86 0.000332638 -0.017692 -0.000379497 0.000504645
4.87 -0.00493379 0.0387024 -0.0314196 0.0318046
4.88 0.00229629 0.0480128 0.0189896 0.019128
4.89 -0.00853354 0.0317003 -0.0126218 0.0152359
4.9 -0.00429466 -0.0376689 -0.0130097 0.0137002
4.91 0.000886824 0.173194 -0.018384 0.0184054
4.92 0.00328363 0.0336057 -0.0188822 0.0191656
4.93 0.00287577 0.0250534 0.0191111 0.0193262
4.94 -0.0178699 0.162287 -0.0371559 0.0412298
4.95 -0.0166454 0.0235126 -0.00654838 0.0178871
4.96 -0.00113341 -0.016844 -0.0137303 0.013777
4.97 0.00291516 0.100701 0.0130575 0.013379
4.98 -0.0160344 0.0143311 -0.025682 0.0302765
4.99 -0.00518341 0.0923387 0.000460718 0.00520385
5 0.00439169 -0.00261108 -7.67978e-05 0.00439236
5.01 0.00236154 0.0742696 -0.0322727 0.032359
5.02 -0.000929022 0.0185485 -0.0189531 0.0189759
5.03 -0.00536125 -0.0460158 -0.0455291 0.0458437
5.04 -0.00478936 0.0650736 -0.00594841 0.00763686
5.05 -0.0044156 0.00283748 -0.0451836 0.0453988
5.06 0.00658197 0.0228553 -0.0130353 0.0146027
5.07 -0.0143911 0.0804387 -0.0385754 0.0411724
5.08 -0.00822795 0.0143968 -0.0259472 0.0272206
5.09 0.000231469 -0.0583408 0.0192246 0.019226
5.1 0.0023293 0.0790469 0.0125976 0.0128111
5.11 -0.012553 0.105297 0.0269531 0.029733
5.12 -0.0174426 0.108561 -0.0502612 0.0532019
5.13 -0.0021588 0.0553367 -0.0261766 0.0262655
5.14 -0.0176819 0.0822121 -0.0249516 0.0305816
5.15 -0.00933061 0.125997 -0.00581638 0.010995
5.16 -0.0160055 0.0189838 -0.0128581 0.0205306
5.17 -0.0233662 -0.0527621 -0.0453228 0.0509915
5.18 -0.00835953 0.00915302 0.0196694 0.0213721
5.19 -0.00575228 0.0835194 -0.00616282 0.00843025
5.2 -0.0192683 -0.0462521 -0.0130848 0.0232912
5.21 0.00227783 0.0436697 -0.0326942 0.0327734
5.22 -0.000489561 0.0274874 -0.0193415 0.0193477
5.23 -0.000595406 0.00476029 0.000105109 0.000604613
5.24 -0.00822176 0.0362096 0.00698336 0.0107872
5.25 -0.0125076 0.0389081 -0.0060479 0.0138931
5.26 -0.00259774 0.0597501 -0.032363 0.0324671
5.27 0.00365842 0.0205527 -0.0513574 0.0514875
