0 0.00419151 0.0015886 -0.0195352 0.0199798
0.01 0.0103727 0.0870684 -0.00628056 0.0121259
0.02 0.013754 0.0228802 -0.0134149 0.0192128
0.03 0.0136602 0.0537302 -0.0580208 0.0596071
0.04 0.00630884 0.0899093 -0.00673954 0.00923163
0.05 0.00661694 0.0270229 -0.0385874 0.0391506
0.06 0.0100231 0.0694469 -0.01965 0.0220587
0.07 0.00299877 0.0606154 -0.00650344 0.00716152
0.08 -0.00889504 0.0541686 -0.0259426 0.0274252
0.09 0.00721517 0.0312073 -0.0193761 0.0206759
0.1 0.00273892 0.024721 -0.00650082 0.00705424
0.11 0.00303835 0.0561291 -0.00652264 0.00719558
0.12 -0.0159867 -0.00841969 -0.0064678 0.0172455
0.13 0.0113652 0.00649333 0.00621674 0.0129543
0.14 0.00538779 0.170327 -0.012493 0.0136053
0.15 -0.00639106 -0.125893 0.0255159 0.0263041
0.16 -0.0167416 0.0678769 -0.0254194 0.0304373
0.17 0.00741631 0.0309113 0.0195194 0.0208808
0.18 -0.00191888 0.0946964 0.0195817 0.0196755
0.19 -0.0120977 0.00720228 -0.00634379 0.01366
0.2 -0.00113118 0.026975 -0.0129123 0.0129617
0.21 -0.00550694 0.0477851 -0.0130621 0.0141755
0.22 -0.00038515 0.0357248 -0.0126511 0.012657
0.23 0.00371374 0.0687783 0.0326854 0.0328957
0.24 0.00437892 -0.0382679 0.00525189 0.00683793
0.25 0.00605004 0.103198 2.3746e-05 0.00605009
0.26 -0.00816032 0.0360654 7.80221e-05 0.00816069
0.27 -0.00155312 0.0188172 -0.0579249 0.0579457
0.28 0.00743615 -0.0404731 -0.00722531 0.0103683
0.29 -0.00491537 -0.0151031 -0.0392429 0.0395496
0.3 -0.00675795 -0.125238 -0.0207349 0.0218084
0.31 -0.0116787 0.0292357 -0.0383776 0.0401153
0.32 0.00351934 0.0337149 -0.0260909 0.0263272
0.33 0.00149242 0.132732 -0.0192947 0.0193523
0.34 0.000139588 -0.0583002 -0.0137038 0.0137045
0.35 0.00571698 0.107699 -0.0192732 0.0201032
0.36 -0.013371 0.186287 -0.0121023 0.0180347
0.37 0.00768901 0.0309615 -0.0387393 0.039495
0.38 -0.0122688 0.0162157 -0.0392319 0.0411055
0.39 0.00377694 -0.0515577 -0.00702146 0.00797284
0.4 -0.0163812 -0.00377469 -0.0188594 0.0249804
0.41 0.00253327 0.0786085 -0.0059618 0.00647769
0.42 0.00336398 0.0513374 -0.032075 0.0322509
0.43 -0.00977648 0.0724449 -0.00576714 0.0113507
0.44 0.00171861 0.172466 -0.0314005 0.0314475
0.45 -0.00560782 0.0299372 -0.0260519 0.0266487
0.46 -0.0123737 0.0877901 0.000550614 0.012386
0.47 -0.00710654 0.115716 -0.0257097 0.0266738
0.48 -0.00823815 -0.0178204 -0.00612794 0.0102674
0.49 -0.00383736 -0.0826769 -0.020107 0.0204699
0.5 -0.00195996 0.107675 -0.0382471 0.0382973
0.51 -0.00800674 0.0360416 -0.00015441 0.00800823
0.52 0.0101456 0.0115225 -0.0326505 0.0341905
0.53 -0.00854964 0.0227691 0.0129813 0.0155439
0.54 0.00742942 0.017526 0.00631629 0.0097515
0.55 0.00752454 0.0267523 0.00605197 0.00965635
0.56 0.00391105 0.033336 -0.0384779 0.0386762
0.57 0.00643874 0.0805024 3.61658e-05 0.00643884
0.58 0.00279545 0.0649771 0.00635262 0.00694048
0.59 -0.00108564 0.0539112 -0.0322694 0.0322877
0.6 -0.00851525 0.0135843 -0.00599356 0.0104131
0.61 0.0220545 0.0576707 -0.000217393 0.0220556
0.62 -0.00326158 -0.00268088 -0.0251825 0.0253929
0.63 -0.0152061 -0.1022 -0.013685 0.0204574
0.64 0.00704848 0.0314057 -0.000477703 0.00706465
0.65 -0.00538182 0.0563 -0.00644199 0.00839424
0.66 -0.0257343 0.0686779 0.000591442 0.0257411
0.67 -0.000462698 0.013727 0.0253202 0.0253244
0.68 -0.00155607 0.0896649 -0.00562981 0.0058409
0.69 0.00372822 0.00196336 0.0123622 0.0129121
0.7 0.00361024 0.0421466 -0.0258732 0.0261239
0.71 -0.0121654 -0.00209033 -0.0456407 0.0472343
0.72 0.00327602 0.0199429 -0.0320151 0.0321822
0.73 0.00601421 0.0632192 -0.0129006 0.0142336
0.74 -0.00445956 0.0157971 -0.0193051 0.0198135
0.75 0.00630123 0.0668176 -0.0189961 0.0200139
0.76 -0.00878384 -0.0306088 -0.0131843 0.0158424
0.77 -0.00899474 0.0762359 -0.0575497 0.0582484
0.78 -0.0158349 0.00915522 -0.0129174 0.0204353
0.79 0.00201916 0.0344798 -0.0458459 0.0458904
0.8 -0.0014401 0.0766899 -0.0258795 0.0259195
0.81 0.00649264 0.0316796 -0.000392426 0.00650449
0.82 -0.0044228 0.00236594 -0.0386407 0.038893
0.83 0.00456059 -0.0204278 0.0123806 0.0131938
0.84 -0.0138192 0.14641 -0.0125688 0.0186801
0.85 -0.00148253 0.0495918 -0.0388375 0.0388657
0.86 0.00340968 -0.0245004 -0.0390593 0.0392078
0.87 -0.00146141 0.0630603 -0.019232 0.0192874
0.88 -0.0101571 -0.154179 0.0248529 0.0268483
0.89 -0.0081715 -5.5471e-05 0.000459599 0.00818442
0.9 0.00352394 0.00242132 0.00578116 0.00677053
0.91 0.00273314 0.0160993 -0.0197557 0.0199438
0.92 -0.0054023 0.101463 -0.0453024 0.0456233
0.93 0.00750955 0.00871382 -0.0199751 0.0213401
0.94 -0.0127971 0.0745718 -0.019202 0.0230756
0.95 -0.0015778 0.0496333 -0.0131959 0.0132899
0.96 -0.00214316 0.0284371 -0.0651176 0.0651529
0.97 -0.00243874 0.0551569 -0.0390194 0.0390956
0.98 0.00691676 0.0489824 -0.0125942 0.0143686
0.99 -0.00451017 -0.0156762 -0.0451579 0.0453826
1 0.0176584 0.065012 -0.0199727 0.0266595
1.01 -0.00168444 0.0363744 -0.0449028 0.0449344
1.02 -0.00511329 0.0205396 -0.0446098 0.0449019
1.03 -0.0135493 0.0345802 -0.0515174 0.0532694
1.04 0.00555702 0.0631089 -0.0193792 0.0201602
1.05 -0.0159908 0.0228544 -0.0132006 0.0207356
1.06 -0.0013399 -0.057258 -0.0335297 0.0335564
1.07 -0.00953972 0.121737 -0.00621516 0.0113857
1.08 0.00383263 0.0290975 -0.0329774 0.0331993
1.09 -0.00078877 0.0761937 -0.00021477 0.000817486
1.1 -0.00195921 0.175394 0.0192681 0.0193674
1.11 0.00587943 0.0452684 -0.00715178 0.00925827
1.12 -0.00824695 0.0221076 -0.0383937 0.0392694
1.13 -0.0113769 -0.0691774 0.00620487 0.012959
1.14 -0.0080106 -0.0220863 -0.0262308 0.0274267
1.15 0.00297081 -0.0200869 -0.0452481 0.0453455
1.16 0.00644803 0.0448396 -0.0510447 0.0514504
1.17 0.00175258 0.0565844 -0.0323017 0.0323492
1.18 0.00576555 0.0634455 -0.0132796 0.0144772
1.19 0.0111123 0.0285648 -1.93552e-05 0.0111123
1.2 -0.0128937 0.00297112 -0.0453735 0.0471699
1.21 -0.000379795 0.0311553 -0.0190727 0.0190765
1.22 0.0201608 -0.0972899 -0.000984326 0.0201848
1.23 0.00722215 -0.00433269 0.0121353 0.0141218
1.24 0.00223367 0.136763 -0.01285 0.0130427
1.25 -0.00735251 0.00883956 -0.0199034 0.0212181
1.26 0.00315191 0.0379716 -0.0255359 0.0257297
1.27 -0.0127031 0.025186 -0.0253507 0.0283553
1.28 -0.0119817 -0.0378413 -0.0193786 0.0227836
1.29 0.00267174 0.0961969 0.0325075 0.0326171
1.3 0.00750047 0.0268176 -0.0129548 0.0149694
1.31 0.00276035 0.0290827 -0.0385262 0.0386249
1.32 -0.000922491 0.0406835 -0.0385291 0.0385401
1.33 0.00220004 0.0697374 0.00645773 0.0068222
1.34 0.00207251 0.065469 0.000197694 0.00208192
1.35 -0.00969984 0.0769864 0.0199324 0.0221672
1.36 -0.00798217 -0.0626935 -0.0258678 0.0270713
1.37 -0.0043485 0.113747 0.0264376 0.0267928
1.38 0.00329773 0.0467637 -0.0189868 0.019271
1.39 0.000225182 0.0131912 -0.025205 0.025206
1.4 -0.00170729 -0.00772203 -0.0456524 0.0456843
1.41 -0.00180493 0.170025 -0.0120431 0.0121776
1.42 -0.00132197 0.0272387 -0.0130213 0.0130883
1.43 -0.00991518 0.0991401 -0.0384694 0.0397267
1.44 0.0101865 0.0296558 -0.0138697 0.0172085
1.45 -0.00141308 0.0668725 -0.0120579 0.0121404
1.46 -0.000685521 0.0803664 0.0132908 0.0133085
1.47 0.00220257 0.0562231 -0.0192802 0.0194056
1.48 0.00266028 0.0206632 -0.0523918 0.0524593
1.49 -0.0120148 -0.0688754 -0.0129872 0.0176924
1.5 5.80517e-05 -0.0224413 -0.0196439 0.019644
1.51 0.00309784 0.0960621 0.000269277 0.00310952
1.52 -0.00971821 0.0728045 -0.0580025 0.058811
1.53 -0.012194 0.0383558 -0.0197495 0.0232107
1.54 -0.00183615 0.108182 0.00602828 0.00630172
1.55 0.00594057 0.0674417 0.0321109 0.0326558
1.56 -0.00138189 -0.0394381 0.0436208 0.0436427
1.57 -0.0217469 0.195957 0.00715349 0.0228933
1.58 -0.00183699 0.0723705 -0.0324475 0.0324995
1.59 -0.00448083 0.0248072 -0.0189962 0.0195175
1.6 -0.00384406 -0.0246779 -0.00656476 0.00760743
1.61 -0.0209906 0.159737 -0.0187657 0.0281559
1.62 -0.000134788 -0.120544 -0.033273 0.0332732
1.63 -0.00917195 0.00543917 -0.0197739 0.0217975
1.64 0.00988191 0.0520007 -0.000666282 0.00990435
1.65 -0.0201092 -0.00557698 -0.0574745 0.0608909
1.66 0.00758413 -0.0624713 -0.0141354 0.0160415
1.67 -0.00205603 0.00103873 -0.0196697 0.0197769
1.68 0.00448375 -0.0477701 0.0192732 0.0197879
1.69 0.00297904 0.0868815 0.0066654 0.00730084
1.7 0.00275507 0.136245 0.00691468 0.00744333
1.71 -0.0088791 0.0629387 -0.0252922 0.0268055
1.72 0.00826792 0.0172895 -0.0383799 0.0392603
1.73 0.00462664 0.121876 -0.0257488 0.0261612
1.74 -0.0062333 0.0927227 0.0188676 0.0198706
1.75 -0.00422401 0.0157454 -0.000260197 0.00423202
1.76 -0.00530519 0.0740522 0.0137941 0.0147791
1.77 0.00834432 -0.0141807 0.0253733 0.0267102
1.78 -0.00793872 0.00037688 -0.00068693 0.00796839
1.79 0.00223122 0.114627 -0.0518422 0.0518902
1.8 -0.0113386 -0.0427127 -0.00660869 0.013124
1.81 0.0222557 0.0536317 -0.00701261 0.0233343
1.82 0.0256634 0.0559979 -0.0269111 0.0371863
1.83 0.00780363 0.0446914 -0.0135754 0.0156585
1.84 0.0155561 0.0173694 -0.0130798 0.0203242
1.85 9.78047e-05 -0.0534912 -0.00762372 0.00762435
1.86 -0.00393158 -0.0334522 0.0122952 0.0129085
1.87 0.00153098 0.0790621 -0.0260739 0.0261188
1.88 0.00572754 0.107828 -0.006739 0.00884414
1.89 0.00550912 0.0724879 -0.00687693 0.00881151
1.9 -0.00116336 -0.048836 -0.0977438 0.0977508
1.91 0.0441943 0.0220886 -0.49472 0.49669
1.92 0.048191 -0.154702 -0.942777 0.944008
1.93 0.0764756 -0.0784155 -1.1319 1.13448
1.94 0.131568 -0.263871 -1.06607 1.07416
1.95 0.153477 -0.152515 -0.938671 0.951135
1.96 0.165717 -0.160051 -0.893702 0.908937
1.97 0.179759 -0.190744 -0.966024 0.982606
1.98 0.187836 -0.222585 -1.16743 1.18245
1.99 0.181053 -0.209182 -1.41376 1.4253
2 0.199288 -0.184678 -1.60846 1.62075
2.01 0.242022 -0.121445 -1.83112 1.84704
2.02 0.288529 -0.408705 -2.0221 2.04258
2.03 0.334916 -0.320692 -2.21206 2.23727
2.04 0.371543 -0.414285 -2.41589 2.44429
2.05 0.410667 -0.460757 -2.69645 2.72754
2.06 0.457996 -0.493899 -2.95139 2.98671
2.07 0.465999 -0.449694 -3.10736 3.14211
2.08 0.488991 -0.521589 -3.02967 3.06888
2.09 0.552955 -0.733329 -3.58938 3.63172
2.1 0.531196 -0.528567 -3.78013 3.81727
2.11 0.501613 -0.522703 -3.93988 3.97168
2.12 0.513824 -0.516155 -3.93351 3.96693
2.13 0.507332 -0.476173 -3.90644 3.93925
2.14 0.491157 -0.488375 -3.98991 4.02003
2.15 0.501105 -0.372788 -4.15084 4.18098
2.16 0.491638 -0.490908 -4.37121 4.39877
2.17 0.461196 -0.600728 -4.546 4.56933
2.18 0.479463 -0.567297 -4.70557 4.72994
2.19 0.498073 -0.547563 -4.72471 4.75089
2.2 0.510548 -0.649091 -4.78381 4.81098
2.21 0.535915 -0.717466 -4.9857 5.01442
2.22 0.518276 -0.518374 -5.16484 5.19078
2.23 0.493598 -0.515848 -5.34392 5.36667
2.24 0.480066 -0.239269 -5.42599 5.44719
2.25 0.48552 -0.546031 -5.50442 5.52579
2.26 0.505711 -0.54031 -5.71175 5.73409
2.27 0.559153 -0.519655 -5.88052 5.90704
2.28 0.625849 -0.532657 -6.10909 6.14106
2.29 0.685214 -0.528715 -6.3439 6.3808
2.3 0.716356 -0.681651 -6.52731 6.5665
2.31 0.781224 -0.591706 -6.68469 6.73018
2.32 0.78647 -0.586175 -6.83358 6.87868
2.33 0.804212 -0.60194 -6.99629 7.04236
2.34 0.819862 -0.605983 -7.22346 7.26984
2.35 0.851847 -0.692204 -7.4302 7.47887
2.36 0.864294 -0.681653 -7.64429 7.69299
2.37 0.886718 -0.762257 -7.78188 7.83223
2.38 0.933976 -0.746703 -7.93179 7.98659
2.39 0.967197 -0.665358 -8.08173 8.1394
2.4 1.01119 -0.687994 -8.32267 8.38388
2.41 1.06586 -0.753073 -8.4999 8.56647
2.42 1.08959 -0.768241 -8.49433 8.56393
2.43 1.1121 -0.679974 -8.50581 8.5782
2.44 1.09342 -0.789747 -8.51228 8.58222
2.45 1.11392 -0.713099 -8.65524 8.72663
2.46 1.12749 -0.859442 -8.92171 8.99267
2.47 1.11844 -0.817505 -8.96869 9.03816
2.48 1.07358 -0.701382 -8.62874 8.69527
2.49 0.803278 -0.353962 -5.29457 5.35516
2.5 0.815837 -0.212592 -4.02364 4.10552
2.51 0.789659 -0.267306 -6.26399 6.31357
2.52 0.664435 -0.0859658 -11.9946 12.013
2.53 1.08535 -0.808353 -11.6889 11.7392
2.54 1.45318 -0.688665 -8.40086 8.52562
2.55 1.74668 -0.687485 -6.24219 6.48196
2.56 1.91777 -0.8942 -5.15481 5.49999
2.57 1.91204 -1.07493 -5.03866 5.38924
2.58 1.5104 -0.869442 -5.3835 5.59137
2.59 1.01103 -0.704826 -5.46113 5.55393
2.6 0.649126 -0.537955 -5.1264 5.16733
2.61 0.432008 -0.502155 -4.25211 4.274
2.62 0.340919 -0.245812 -3.607 3.62307
2.63 0.334559 -0.438973 -3.02134 3.03981
2.64 0.326087 -0.412175 -2.62094 2.64114
2.65 0.263864 -0.298475 -2.14281 2.15899
2.66 0.198329 -0.159442 -1.7523 1.76349
2.67 0.079037 0.0120808 -1.18001 1.18266
2.68 -0.0520179 0.124091 -0.706028 0.707942
2.69 -0.145758 0.243741 -0.290977 0.325443
2.7 -0.104245 0.132204 -0.0236665 0.106897
2.71 0.00118398 0.0702241 0.00612842 0.00624174
2.72 0.00162773 0.0705286 0.00613189 0.00634426
2.73 -0.0135101 0.0392006 9.35764e-05 0.0135104
2.74 0.00689545 0.022142 -0.000483933 0.00691242
2.75 0.00519975 0.0769429 -0.032305 0.0327208
2.76 -0.000755056 -0.0621472 -0.046169 0.0461751
2.77 0.00653659 -0.00391969 -0.0199317 0.0209762
2.78 -0.00946973 0.0592062 -0.0259078 0.0275842
2.79 -0.00819061 -0.00832178 -0.0455208 0.0462518
2.8 -0.0102078 0.0773104 0.00664218 0.0121786
2.81 0.0104208 0.00698432 -0.0136248 0.0171531
2.82 -0.00131853 0.125746 -0.00061504 0.00145492
2.83 -0.00221419 0.0191454 -0.0458459 0.0458993
2.84 -0.0144661 0.218386 -0.0187343 0.0236694
2.85 -0.00121938 -0.0174496 -0.0587817 0.0587943
2.86 -0.00236899 0.072418 0.0129006 0.0131163
2.87 0.00263254 0.04335 0.00596892 0.00652367
2.88 -0.0125831 -0.0324349 -0.00715106 0.0144731
2.89 -0.00844109 0.00950327 -0.052117 0.0527961
2.9 -0.0120131 0.0162997 -0.0191429 0.0226001
2.91 -0.0045451 0.00279589 -0.0259444 0.0263395
2.92 -0.00194061 0.0678757 0.00655281 0.00683413
2.93 0.00308657 -0.0558627 -0.0329056 0.0330501
2.94 0.00686483 -0.0131385 0.00554741 0.00882608
2.95 0.00546875 0.143756 -0.00631488 0.00835374
2.96 -0.010904 0.167157 -0.0448709 0.0461768
2.97 0.0134694 0.0630811 0.0186421 0.022999
2.98 -0.00663186 0.151281 -0.00659714 0.00935435
2.99 -0.00445301 -0.0329342 -0.00747009 0.00869664
3 -0.00846271 0.00498038 0.00616137 0.010468
3.01 -0.00551573 0.00741789 -0.0130405 0.014159
3.02 0.0138022 0.0585999 0.0127973 0.0188221
3.03 -0.0158838 -0.00800928 -0.0135143 0.020855
3.04 -0.00148559 0.152347 0.0324963 0.0325303
3.05 -0.0095935 -0.0253779 -0.0333087 0.0346627
3.06 -0.0132782 0.0743461 0.00670727 0.0148761
3.07 -0.00124221 0.0316183 -0.0196369 0.0196762
3.08 0.00586617 0.0679218 0.0314286 0.0319714
3.09 -0.00578902 0.00378633 -0.0267248 0.0273446
3.1 -0.0119292 -0.0105948 -0.0190256 0.0224562
3.11 -0.00462526 0.0425389 0.0126918 0.0135084
3.12 -0.014753 0.16024 -0.0253384 0.0293204
3.13 0.00211465 0.0474683 -0.0255588 0.0256461
3.14 -0.00361427 0.12718 -0.0584073 0.0585191
3.15 -0.000975941 0.0318311 0.0129869 0.0130235
3.16 -0.0110433 0.100205 -0.0387087 0.0402532
3.17 -0.0173 0.081665 0.000403746 0.0173047
3.18 -0.00539737 -0.0192324 -0.0327739 0.0332153
3.19 -0.00715453 -0.0675047 0.0516394 0.0521327
3.2 0.00449789 0.0776926 -0.0133885 0.0141238
3.21 -0.0043792 -0.0467663 -0.000210597 0.00438426
3.22 0.0136864 0.081165 0.00591768 0.0149109
3.23 -0.00606724 0.11108 0.0255827 0.0262923
3.24 0.000945348 0.163944 -0.0183546 0.0183789
3.25 0.00330988 0.00649307 0.032356 0.0325249
3.26 -0.00142391 0.107919 0.019824 0.019875
3.27 -0.00248088 0.0731575 -0.013263 0.013493
3.28 -0.00992844 0.121793 0.000110954 0.00992906
3.29 0.0182849 0.037857 0.0249807 0.0309576
3.3 -0.001387 0.0720093 -0.019426 0.0194755
3.31 -0.00759299 -0.120425 0.0188934 0.0203621
3.32 0.012805 0.0769627 0.00618119 0.0142189
3.33 0.0116693 -0.00266004 0.0126891 0.0172391
3.34 -0.0044835 -0.100122 -0.0204768 0.0209619
3.35 0.00316961 0.0159322 -0.0132068 0.0135818
3.36 0.002281 0.0431659 0.0126359 0.0128401
3.37 -0.0143533 0.151026 -0.0193665 0.0241056
3.38 -0.0088085 -0.0571065 -0.020151 0.0219921
3.39 -0.00543041 0.029687 0.0189785 0.0197401
3.4 -0.00360094 -0.0337067 0.0319515 0.0321538
3.41 0.00178298 0.0208375 0.0193333 0.0194154
3.42 -0.00339557 0.198189 -0.0186786 0.0189847
3.43 -0.00643398 0.0485543 0.0255967 0.0263929
3.44 -0.00777084 -0.0534121 -0.000452417 0.007784
3.45 -0.00497062 0.016283 -0.00028332 0.00497868
3.46 -0.00565795 0.0433819 0.038205 0.0386217
3.47 0.00288077 0.00729274 -0.00698935 0.00755975
3.48 -0.00140228 0.0189359 -0.000704241 0.00156919
3.49 -0.00208311 0.0813806 0.0127447 0.0129138
3.5 -0.0058425 0.0884399 -0.0129596 0.0142157
3.51 -0.0134729 0.0483895 -0.000441294 0.0134801
3.52 5.32977e-05 -0.0848148 0.0124878 0.0124879
3.53 0.00181253 0.141777 -0.0130483 0.0131735
3.54 -0.0224486 0.187439 0.000689619 0.0224592
3.55 -0.0103319 0.095339 0.0131213 0.0167008
3.56 -0.0093824 0.0546088 -0.013052 0.0160743
3.57 0.00189387 0.0258039 -0.0262124 0.0262807
3.58 0.00487127 -0.110381 0.0379028 0.0382146
3.59 0.00237908 0.0520691 0.00631003 0.00674363
3.6 0.00252315 0.1011 0.000304105 0.00254141
3.61 -0.0202315 0.0521667 0.00691817 0.0213816
3.62 0.0111151 0.0375096 0.0192964 0.0222687
3.63 -0.0140959 0.191006 0.007242 0.0158474
3.64 -0.0131574 0.0660891 -0.0197278 0.0237129
3.65 -0.0071788 0.0891488 0.00584258 0.00925586
3.66 -0.0102153 0.18888 0.0261901 0.0281118
3.67 -0.00328383 0.0370995 0.0137242 0.0141116
3.68 -0.00781416 0.0313899 0.000708328 0.0078462
3.69 -0.000832761 0.0318397 -0.0260333 0.0260466
3.7 0.00258059 0.0653062 -0.0127632 0.0130215
3.71 -0.0114838 -0.118448 0.0125523 0.0170128
3.72 0.0138949 0.0494329 0.0192322 0.0237265
3.73 -0.00225234 0.086006 -0.0193909 0.0195213
3.74 -0.00994597 0.0636986 -0.00618448 0.011712
3.75 -0.000648106 0.00942119 0.0187903 0.0188014
3.76 0.0169867 0.0435481 -0.0073948 0.0185265
3.77 -0.0155506 -0.115284 0.0181548 0.0239044
3.78 0.00305128 0.0425825 0.00652719 0.00720517
3.79 -0.0086752 -0.0215767 -0.00697595 0.0111321
3.8 0.00665779 0.0715389 0.0195457 0.0206485
3.81 -0.00537803 0.0344745 -0.0257241 0.0262802
3.82 0.00340858 0.0513882 0.0131145 0.0135502
3.83 -0.00843128 0.00932953 -0.0122148 0.0148421
3.84 0.00111806 0.111091 -0.0197159 0.0197475
3.85 -7.75349e-05 0.241126 0.0193599 0.01936
3.86 0.00113874 0.0887285 -0.0134476 0.0134957
3.87 0.00641904 0.0321591 -0.00107413 0.00650829
3.88 0.00156702 0.0615465 -0.0134544 0.0135453
3.89 0.00237967 0.0654215 -0.000267169 0.00239462
3.9 -0.00268141 0.17997 -0.0188413 0.0190311
3.91 0.00223487 0.105813 -5.62858e-05 0.00223558
3.92 -0.00338709 -0.0605792 0.0379681 0.0381189
3.93 0.0069259 0.0093766 -0.032835 0.0335575
3.94 -0.00742728 0.102747 -0.0262522 0.0272826
3.95 -0.00229994 0.0859365 0.0191281 0.0192659
3.96 -0.0198546 -0.0237839 0.018479 0.0271234
3.97 0.000708648 0.133509 -0.019658 0.0196708
3.98 -0.0045694 -0.0331503 -0.00689683 0.00827319
3.99 -0.0215747 0.0978446 -0.00666992 0.0225822
4 0.006161 0.00539058 -0.0331473 0.033715
4.01 -0.0125464 0.056566 0.0387863 0.040765
4.02 -0.00521688 0.0254738 -0.00648513 0.00832302
4.03 -0.00495255 -0.0148631 -0.0395838 0.0398924
4.04 0.00590295 0.0544906 0.0120937 0.0134574
4.05 0.0215751 0.0453712 0.0115925 0.0244923
4.06 -0.00141524 0.0230534 -0.0128784 0.0129559
4.07 0.00552438 0.0546949 0.00581536 0.00802104
4.08 0.000830013 0.209129 -0.0064342 0.00648752
4.09 -0.00860852 0.018828 -0.00672695 0.0109251
