0 -0.0204193 -0.148482 0.019545 0.0282658
0.01 -0.0211971 -0.0454158 -0.0315671 0.0380237
0.02 -0.0071149 0.0441547 0.00753222 0.0103613
0.03 -0.00748114 0.00424948 0.0263438 0.0273854
0.04 -0.00566114 -0.0552081 0.0199699 0.0207568
0.05 -0.0173409 -0.0610086 0.0263404 0.0315361
0.06 -0.00601584 -0.0322486 -0.0250323 0.0257451
0.07 -0.0113883 -0.00252425 -0.00578579 0.0127737
0.08 -0.0102637 0.00602106 0.000753677 0.0102913
0.09 -0.00672184 -0.00965396 -0.0119755 0.013733
0.1 -0.0137592 -0.0275786 -0.00554081 0.0148329
0.11 -0.00677966 0.115542 0.0204341 0.0215294
0.12 -0.0124889 -0.0636714 0.000427742 0.0124962
0.13 -0.0170364 -0.172775 0.0189327 0.0254693
0.14 -0.00325535 -0.0649451 0.0446225 0.0447411
0.15 -0.00805646 0.0535904 0.00700703 0.0106773
0.16 -0.0117787 0.0830494 -0.0246931 0.0273585
0.17 -0.0180467 -0.0382528 0.0131443 0.0223262
0.18 0.0127866 -0.02113 0.0126735 0.0180032
0.19 -0.00232775 -0.0165114 -0.0124123 0.0126287
0.2 -0.0101412 -0.0253802 0.0259903 0.0278988
0.21 -0.00625079 -0.112351 -0.0129043 0.0143386
0.22 -0.0218386 0.0310781 0.0326146 0.0392509
0.23 -0.00107072 -0.124393 0.0129151 0.0129594
0.24 -0.0216788 -0.0270862 0.0199549 0.0294648
0.25 0.00119542 -0.0276034 0.026199 0.0262263
0.26 -0.00105823 -0.173771 0.0126277 0.012672
0.27 -0.00856197 0.0628786 -0.0121085 0.0148298
0.28 -0.0134784 -0.0542857 0.0132805 0.0189219
0.29 -0.00404925 0.0650406 0.00731212 0.00835844
0.3 -0.0183481 0.0507116 -0.00542387 0.019133
0.31 -0.00357068 0.0778038 0.000448697 0.00359877
0.32 -0.00155432 -0.0213417 -0.0188817 0.0189455
0.33 -0.012937 -0.00573276 -0.00646198 0.0144611
0.34 -0.0215734 -0.0269793 -0.0182911 0.0282838
0.35 -0.0216867 0.0127011 -0.0111964 0.0244065
0.36 -0.0263938 0.0695762 0.00747394 0.0274316
0.37 -0.00635442 -0.0365502 -0.00619127 0.0088719
0.38 -0.00853445 0.10775 0.0132989 0.0158018
0.39 0.00202588 -0.104058 -0.00667427 0.00697495
0.4 -0.0145209 -0.00942873 0.0331384 0.0361803
0.41 -0.0132307 -0.027485 0.00656655 0.0147706
0.42 -0.00998756 -0.0519271 -0.0124793 0.0159838
0.43 -0.0167444 -0.0657485 0.00109673 0.0167803
0.44 0.00210638 -0.018749 0.0387644 0.0388215
0.45 -0.0216748 -0.103298 -0.0382797 0.0439901
0.46 -0.00298062 0.0240424 0.00075949 0.00307586
0.47 -0.00304467 0.0953564 0.00745334 0.00805123
0.48 -0.0006155 0.040475 -0.0127403 0.0127552
0.49 -0.0101333 -0.0208243 -0.012507 0.0160969
0.5 -0.0122536 -0.149059 0.051882 0.0533094
0.51 -0.00724921 0.0393951 0.0329543 0.0337422
0.52 -0.021803 -0.0316973 0.0327726 0.0393626
0.53 -0.00698046 -0.0670704 -5.4816e-05 0.00698067
0.54 -0.0152477 -0.0175602 -0.0448381 0.0473598
0.55 0.000996264 0.0257794 0.0135006 0.0135373
0.56 -0.0166608 -0.0659394 -0.0119404 0.0204977
0.57 0.000349129 -0.0182092 3.22517e-05 0.000350616
0.58 -0.0153667 -0.0174729 -0.0130648 0.0201698
0.59 -0.0017769 -0.0216644 0.0199383 0.0200173
0.6 -0.00273255 -0.00274704 0.0131785 0.0134588
0.61 -0.00351817 -0.00701039 0.0129365 0.0134064
0.62 -0.00974388 -0.0570325 0.0203355 0.0225494
0.63 -0.0221549 -0.0224327 0.0134253 0.0259052
0.64 -0.0137309 -0.058918 0.0201988 0.024424
0.65 -0.00789141 -0.0223542 -0.006612 0.0102953
0.66 -0.00123143 -0.0795615 0.00701337 0.00712066
0.67 -0.00767391 0.102246 0.0139839 0.0159511
0.68 -0.0169845 -0.146504 0.0125918 0.021143
0.69 -0.0161571 -0.151135 0.0387081 0.0419448
0.7 -0.0136447 0.00358736 -0.0189085 0.0233176
0.71 -0.00206675 -0.0568473 0.0130565 0.0132191
0.72 -0.00671944 -0.0139004 -0.0123355 0.0140469
0.73 -0.0168436 -0.0746722 0.0325612 0.0366597
0.74 -0.0180022 -0.00723055 0.0204009 0.027208
0.75 -0.0054396 -0.0322661 -5.00062e-05 0.00543983
0.76 -0.0130231 -0.121751 0.0196976 0.0236135
0.77 -0.0135965 -0.0274742 0.0067609 0.0151847
0.78 0.00525167 -0.0214674 0.00718599 0.00890047
0.79 -0.00590222 -0.0413189 0.0327232 0.0332512
0.8 -0.0112725 -0.0156604 0.000218141 0.0112746
0.81 -0.00234822 0.00567023 0.032711 0.0327952
0.82 0.00970322 -0.0908429 0.0319754 0.0334153
0.83 -0.00909909 0.00063159 0.0332889 0.03451
0.84 0.00313481 0.00249688 -0.0130313 0.0134031
0.85 -0.0173252 -0.0879083 -0.0126 0.0214225
0.86 -0.0122056 0.127326 0.0144272 0.0188976
0.87 -0.00718414 0.0172643 0.0330205 0.033793
0.88 -0.00687798 -0.00932664 0.0194571 0.020637
0.89 -0.00726911 0.0884817 -0.0116069 0.0136953
0.9 -0.00205604 -0.0659864 0.000213416 0.00206709
0.91 -0.00538265 -0.117403 0.0063763 0.00834447
0.92 -0.0111139 0.0597194 0.0137828 0.0177055
0.93 0.0071984 -0.2542 0.0314183 0.0322323
0.94 -0.00633403 -0.0271662 0.0453712 0.0458111
0.95 -0.0123087 -0.064064 -0.011998 0.0171888
0.96 -0.00940442 -0.0928286 0.0129358 0.0159931
0.97 -0.033801 0.0469437 0.0202858 0.039421
0.98 -0.00297109 -0.0250119 0.00653362 0.00717743
0.99 -0.00672144 -0.00967348 0.0131631 0.0147799
1 -0.0138466 0.0261817 0.013502 0.0193399
1.01 -0.00970214 -0.0882242 -0.0250967 0.0269068
1.02 -0.00915155 -0.209342 -4.96572e-05 0.00915169
1.03 -0.00767888 0.0268426 0.000186785 0.00768115
1.04 -0.00202854 -0.00790413 0.0201574 0.0202592
1.05 -0.00304417 -0.0165242 -0.031804 0.0319493
1.06 -0.00874512 -0.0928537 0.0320569 0.0332283
1.07 -0.0112496 0.122878 0.0201893 0.0231119
1.08 -0.00167484 -0.0611501 0.00637033 0.00658682
1.09 -0.00952303 -0.00329934 0.0137749 0.0167462
1.1 0.00138681 0.00812477 0.0133917 0.0134633
1.11 -0.0140967 -0.0453952 -0.012437 0.0187988
1.12 -0.0132306 -0.0502648 0.0140195 0.0192768
1.13 -0.0133524 -0.0591223 0.0264771 0.0296534
1.14 -0.00626727 -0.0413088 0.0329175 0.0335088
1.15 -0.00696325 0.0618697 -3.17993e-05 0.00696333
1.16 -0.0209765 -0.10799 0.0322138 0.0384414
1.17 -0.00825494 0.0853097 0.00734167 0.0110474
1.18 -0.00713857 0.0442004 0.013664 0.0154164
1.19 -0.0107061 -0.0252344 0.0135421 0.0172629
1.2 -0.0110059 0.0246086 0.0131097 0.0171171
1.21 -0.00430177 0.00713909 -0.0191432 0.0196206
1.22 -0.0250053 -0.11041 0.0070791 0.0259881
1.23 -0.0280578 -0.192908 0.0191691 0.0339808
1.24 -0.0214224 -0.0361284 0.0135523 0.0253493
1.25 -0.0183981 0.0149935 0.0269314 0.0326158
1.26 -0.0103903 -0.051517 -0.0388794 0.0402439
1.27 -0.00184416 -0.0527815 0.0199273 0.0200124
1.28 -0.0151236 0.0443646 -0.00595942 0.0162554
1.29 -0.0186977 -0.0152977 0.0325358 0.0375258
1.3 -0.010269 0.0105906 0.00717523 0.0125274
1.31 -0.0175693 -0.0430665 0.045927 0.0491729
1.32 -0.00887331 -0.066331 0.0392568 0.0402471
1.33 -0.00719765 0.0174585 0.0265479 0.0275063
1.34 -0.000573192 -0.218191 0.0251702 0.0251767
1.35 -0.00634 0.0257897 0.000464138 0.00635696
1.36 0.00031515 0.00416666 0.0386829 0.0386842
1.37 -0.0288957 -0.0631735 0.0131994 0.0317677
1.38 -0.0138231 -0.0671894 -0.00627121 0.0151791
1.39 0.00239001 -0.0815892 0.0130459 0.013263
1.4 -0.00516647 -0.0420064 0.0453507 0.045644
1.41 -0.0313888 0.143258 0.0147416 0.0346782
1.42 -0.0223301 0.0533633 0.0396481 0.0455039
1.43 -0.0136619 -0.0453994 0.0264263 0.0297489
1.44 -0.010989 -0.00245139 0.000422249 0.0109971
1.45 0.00189999 -0.0457911 -0.0127508 0.0128916
1.46 -0.0030184 0.0109301 0.00699585 0.00761923
1.47 -0.00393514 0.0375957 -0.0119398 0.0125716
1.48 -0.00987737 -0.0124282 0.00112613 0.00994136
1.49 -0.0103789 -0.0609966 0.0259227 0.0279232
1.5 -0.024473 -0.190772 0.0191593 0.0310807
1.51 -0.00309702 0.0106154 0.00679559 0.00746803
1.52 -0.00731841 0.0351444 0.0521041 0.0526155
1.53 -0.0238166 -0.218297 -0.00665118 0.0247279
1.54 -0.0247532 -0.0656997 0.013858 0.0283684
1.55 -0.0114497 -0.0155909 0.00658237 0.013207
1.56 -0.0108095 -0.00692839 0.0199509 0.0226911
1.57 -0.0143086 -0.00533066 0.00122212 0.0143607
1.58 -0.0114396 -0.0380821 0.000316475 0.011444
1.59 0.00549815 -0.0345819 0.0190892 0.0198653
1.6 -0.0196896 0.029467 -0.0184404 0.0269765
1.61 -0.0157896 0.058409 0.0138941 0.0210323
1.62 -0.0128113 -0.0857664 0.0319586 0.0344308
1.63 -0.00307338 -0.0120701 0.00700232 0.0076471
1.64 -0.00779144 0.0847542 0.0268358 0.027944
1.65 -0.00625693 -0.0409992 -0.00593992 0.00862739
1.66 -0.00384915 0.0958567 0.00716031 0.00812933
1.67 -0.00990371 -0.0522985 0.0258751 0.0277057
1.68 -0.0188156 0.0020652 0.052028 0.0553257
1.69 -0.0152057 0.120442 0.000683306 0.015221
1.7 -0.0088917 -0.173448 -5.22822e-05 0.00889186
1.71 -0.00908489 -0.0971352 0.0257594 0.0273145
1.72 -0.00384816 0.1224 0.0202589 0.0206211
1.73 -0.00770613 0.00443011 0.019833 0.0212775
1.74 -0.0144861 -0.026784 0.019505 0.0242959
1.75 -0.012288 0.0206573 0.0132236 0.0180515
1.76 -0.0369436 -0.0625411 0.00654285 0.0375185
1.77 -0.0257273 -0.0420382 0.0321889 0.041207
1.78 -0.0061113 -0.045579 0.032325 0.0328976
1.79 -0.0176407 -0.105608 0.00668649 0.0188654
1.8 -0.0209721 -0.139102 0.0126937 0.0245145
1.81 0.00471642 -0.0116482 0.0325814 0.032921
1.82 -0.0169922 -0.0924091 0.00669628 0.018264
1.83 0.000316918 0.0574342 0.0134885 0.0134922
1.84 -0.0120798 -0.0241048 -0.0193913 0.0228461
1.85 -0.013956 -0.0585971 0.0125737 0.0187848
1.86 0.00204902 -0.0816444 0.032247 0.032312
1.87 -0.0140389 -0.00529928 0.0266694 0.0301388
1.88 0.00629173 -0.0220194 0.0265246 0.0272606
1.89 -0.00963727 -0.0519245 0.0322478 0.0336571
1.9 -0.0234046 -0.0394929 0.000265722 0.0234061
1.91 -0.0221588 -0.00465168 0.014384 0.026418
1.92 -0.0271191 0.0384639 0.013481 0.0302851
1.93 -0.0117742 0.0291161 0.0135175 0.0179264
1.94 -0.0107071 -0.0517778 0.000443525 0.0107163
1.95 0.00164593 -0.0636349 -0.000369698 0.00168694
1.96 -0.00179281 -0.0172237 0.0138257 0.0139414
1.97 -0.00519224 -0.0376934 0.026704 0.0272041
1.98 -0.0108745 0.077737 0.0200676 0.0228246
1.99 -0.00605878 -0.0636119 0.0453556 0.0457585
2 -0.00654537 -0.0364476 0.0199533 0.0209994
2.01 -0.0220392 -0.00493924 0.0591414 0.0631144
2.02 0.00964295 -0.0639942 0.0257264 0.0274742
2.03 0.000109062 0.0222233 0.0258847 0.0258849
2.04 0.00465707 -0.0072785 0.00641535 0.00792749
2.05 -0.00689751 0.0303114 0.00091013 0.0069573
2.06 -0.0102694 0.0679239 0.033733 0.0352616
2.07 0.00167023 -0.0276887 -0.0194172 0.0194889
2.08 0.00501396 -0.00792089 0.039017 0.0393378
2.09 -0.00619047 -0.0366062 0.0323634 0.0329501
2.1 -0.00543534 -0.0995309 0.0195986 0.0203384
2.11 -0.00407754 0.0737403 -0.012089 0.0127581
2.12 -0.00983058 0.0408707 0.0462604 0.0472934
2.13 -0.0116433 -0.0242719 -0.0128424 0.0173348
2.14 -0.011923 -0.0019927 0.0193684 0.0227441
2.15 -0.000534965 -0.0757416 -0.00547847 0.00550452
2.16 -0.0140205 -0.000775543 0.0269591 0.030387
2.17 -1.30874e-05 0.0133853 0.0132038 0.0132038
2.18 -0.009538 -0.0749084 -0.0182578 0.0205991
2.19 0.00268558 -0.157673 0.0315798 0.0316938
2.2 -0.0105432 -0.0518338 0.0389982 0.0403982
2.21 -0.0133996 -0.0764496 -0.00643364 0.0148641
2.22 -0.0107769 0.00148561 -0.00524112 0.0119838
2.23 0.0265252 0.0232263 -0.38284 0.383758
2.24 0.0425091 -0.00542517 -0.841356 0.842429
2.25 0.0876335 0.0605688 -0.900725 0.904978
2.26 0.142658 -0.0880844 -0.853925 0.865759
2.27 0.165042 -0.0979322 -0.629225 0.65051
2.28 0.127329 -0.123263 -0.545149 0.559822
2.29 0.0927375 -0.070024 -0.661093 0.667566
2.3 0.00882143 -0.196782 -0.761811 0.761863
2.31 -0.0369685 -0.190091 -1.01824 1.01891
2.32 -0.0913462 -0.164881 -1.18339 1.18691
2.33 -0.0859063 -0.0830915 -1.25423 1.25717
2.34 -0.0803047 -0.086615 -1.28618 1.28868
2.35 -0.0248667 -0.0985276 -1.21 1.21026
2.36 -0.000101551 -0.0111793 -1.28182 1.28182
2.37 -0.0048315 -0.182166 -1.33454 1.33455
2.38 -0.00831348 -0.0192363 -1.48144 1.48147
2.39 -0.0160018 -0.0804455 -1.61034 1.61042
2.4 -0.0317064 -0.124478 -1.72615 1.72644
2.41 -0.0333051 -0.122826 -1.84324 1.84354
2.42 -0.0312801 -0.0797243 -1.87583 1.87609
2.43 -0.0107923 -0.163231 -1.96046 1.96049
2.44 0.00146599 -0.0234615 -2.07115 2.07115
2.45 0.0217074 -0.258861 -2.18286 2.18296
2.46 0.0341609 -0.0882345 -2.2854 2.28566
2.47 0.0649916 -0.142935 -2.2863 2.28722
2.48 0.064937 -0.245909 -2.30651 2.30742
2.49 0.0535998 -0.0997063 -2.55764 2.5582
2.5 0.0403627 -0.148783 -2.68568 2.68598
2.51 0.000869319 -0.168902 -2.82033 2.82033
2.52 0.011715 -0.183373 -2.87224 2.87226
2.53 0.0164551 -0.11099 -2.88267 2.88271
2.54 0.00726824 -0.108898 -3.03114 3.03114
2.55 -0.0211757 -0.0294602 -3.10661 3.10668
2.56 -0.0211882 -0.117008 -3.28102 3.28109
2.57 -0.0391061 -0.0249538 -3.42868 3.4289
2.58 -0.0500264 -0.12445 -3.53224 3.53259
2.59 -0.0733904 -0.167725 -3.71242 3.71315
2.6 -0.060107 -0.0321975 -3.85482 3.85529
2.61 -0.0525702 -0.0769398 -3.97176 3.9721
2.62 -0.0183156 -0.196051 -4.12172 4.12176
2.63 -0.0017485 -0.0498986 -4.19901 4.19902
2.64 0.0204074 -0.38095 -4.30357 4.30362
2.65 0.0513774 -0.131956 -4.36859 4.36889
2.66 0.0838383 -0.289832 -4.4091 4.4099
2.67 0.0952716 -0.225336 -4.46742 4.46843
2.68 0.103588 -0.172376 -4.662 4.66315
2.69 0.117201 -0.154024 -4.82388 4.8253
2.7 0.107181 -0.304311 -5.22542 5.22651
2.71 0.169569 -0.256703 -5.33068 5.33338
2.72 0.244592 -0.195626 -5.36635 5.37192
2.73 0.331277 -0.27165 -5.3372 5.34747
2.74 0.380164 -0.253135 -5.30692 5.32051
2.75 0.405316 -0.326173 -5.40395 5.41913
2.76 0.384091 -0.30367 -5.51368 5.52704
2.77 0.325917 -0.360602 -5.67394 5.68329
2.78 0.29399 -0.412006 -5.8337 5.84111
2.79 0.30329 -0.273625 -6.00756 6.01521
2.8 0.307342 -0.378382 -6.13136 6.13906
2.81 0.312507 -0.301361 -6.19632 6.20419
2.82 0.322622 -0.294369 -6.1592 6.16764
2.83 0.358017 -0.351246 -6.21186 6.22217
2.84 0.368142 -0.331168 -6.37994 6.39055
2.85 0.353191 -0.285279 -6.581 6.59047
2.86 0.340718 -0.330781 -6.78834 6.79689
2.87 0.340897 -0.442229 -6.93786 6.94623
2.88 0.365271 -0.380532 -7.00864 7.01815
2.89 0.378222 -0.501363 -7.00882 7.01902
2.9 0.416387 -0.270765 -7.15737 7.16947
2.91 0.433531 -0.512845 -7.22486 7.23786
2.92 0.493497 -0.437625 -7.36164 7.37816
2.93 0.511128 -0.40381 -7.4661 7.48358
2.94 0.552925 -0.447664 -7.57659 7.59674
2.95 0.543851 -0.508404 -7.72756 7.74667
2.96 0.565357 -0.515925 -7.91632 7.93649
2.97 0.573537 -0.507099 -8.22104 8.24102
2.98 0.589923 -0.579585 -8.44283 8.46341
2.99 0.609344 -0.466986 -8.50906 8.53085
3 0.63176 -0.556694 -8.58114 8.60437
3.01 0.649934 -0.604069 -8.69282 8.71709
3.02 0.686644 -0.724859 -8.86916 8.8957
3.03 0.732686 -0.601684 -9.07749 9.10702
3.04 0.778265 -0.695999 -9.22285 9.25563
3.05 0.803625 -0.675945 -9.29495 9.32962
3.06 0.788164 -0.801334 -9.32733 9.36057
3.07 0.803901 -0.708659 -9.48196 9.51598
3.08 0.851918 -0.684749 -9.54861 9.58653
3.09 0.881252 -0.715544 -9.73806 9.77785
3.1 0.91808 -0.787096 -9.88196 9.92452
3.11 0.943634 -0.771695 -10.0118 10.0561
3.12 0.97817 -0.72582 -10.0572 10.1046
3.13 1.00437 -0.772966 -10.1231 10.1728
3.14 1.02418 -0.602256 -10.2199 10.2711
3.15 1.01282 -0.742435 -10.3098 10.3594
3.16 0.939972 -0.684071 -10.5076 10.5496
3.17 0.885691 -0.65191 -10.2705 10.3086
3.18 0.664711 -0.289247 -6.33973 6.37448
3.19 0.713206 -0.0992108 -5.037 5.08725
3.2 0.578869 -0.309293 -11.2149 11.2298
3.21 0.492369 -0.607024 -14.6758 14.684
3.22 0.955323 -0.932213 -13.5903 13.6239
3.23 1.15985 -0.313287 -9.30811 9.38009
3.24 1.31575 -0.617271 -7.67314 7.78514
3.25 1.36347 -0.736776 -6.63567 6.7743
3.26 1.3039 -1.02289 -6.48069 6.61056
3.27 1.05666 -1.10422 -6.72016 6.80273
3.28 0.779548 -0.82573 -6.45079 6.49772
3.29 0.648301 -0.73813 -5.63622 5.67338
3.3 0.615377 -0.514354 -4.65518 4.69568
3.31 0.648812 -0.523202 -3.71212 3.7684
3.32 0.672143 -0.593419 -3.17229 3.24272
3.33 0.655987 -0.516834 -2.68826 2.76714
3.34 0.564668 -0.465567 -2.33279 2.40016
3.35 0.412383 -0.303928 -2.10132 2.14141
3.36 0.263902 -0.211642 -1.61785 1.63923
3.37 0.149502 -0.128789 -1.15178 1.16145
3.38 0.0123083 0.0262166 -0.587438 0.587567
3.39 -0.0832055 0.120419 -0.206427 0.222565
3.4 -0.143597 0.169981 -0.033699 0.147498
3.41 -0.0331439 0.0295618 -0.0226133 0.0401233
3.42 -0.0173228 -0.069515 -0.0192985 0.0259328
3.43 -0.00658269 -0.0269398 0.0449922 0.0454712
3.44 -0.0180455 -0.0692037 0.0259412 0.0316004
3.45 -0.00703257 -0.0452753 0.00746665 0.0102571
3.46 -0.012254 -0.00171862 -0.0254271 0.0282258
3.47 -0.0197597 0.0385678 -0.0058679 0.0206126
3.48 -0.0204505 0.146143 0.00750655 0.0217847
3.49 -0.00288096 -0.0206646 0.0387051 0.0388122
3.5 -0.0176835 -0.0206643 0.00673287 0.0189218
3.51 -0.0214909 -0.0362947 0.000747596 0.0215039
3.52 -0.0138625 -0.0628837 0.045142 0.0472226
3.53 -0.0100215 -0.0295512 0.0261714 0.0280245
3.54 -0.00284775 -0.0697647 0.0383475 0.0384531
3.55 -0.0141471 -0.0943045 0.000242448 0.0141492
3.56 -0.0164759 0.00146822 -0.0195915 0.0255985
3.57 -0.0139706 -0.0984584 0.0258352 0.0293706
3.58 -0.000171895 -0.0044999 -5.7315e-05 0.000181198
3.59 -0.0136358 -0.0723313 0.026273 0.0296008
3.6 -0.00957547 -0.213273 -0.019563 0.0217807
3.61 -0.0204194 0.0213167 -0.0127104 0.0240521
3.62 -0.00661295 0.0218372 0.0392859 0.0398385
3.63 -0.0188634 -0.0377185 0.0326316 0.0376915
3.64 0.000461806 -0.0311833 0.0383532 0.0383559
3.65 -0.0138903 -0.0901556 0.0135156 0.0193807
3.66 -0.0165647 0.0769141 0.0198472 0.0258515
3.67 -0.0193862 0.0162291 0.019987 0.0278443
3.68 0.00108904 -0.0316141 0.0450104 0.0450236
3.69 -0.0079106 0.0850222 0.00721764 0.0107085
3.7 -0.0224095 -0.0309892 0.026045 0.0343589
3.71 -0.00445014 0.0118611 4.49088e-05 0.00445037
3.72 -0.0182039 -0.073898 0.032354 0.0371236
3.73 -0.00843442 -0.0037192 0.0255625 0.026918
3.74 -0.014875 -0.0174602 0.0512109 0.0533275
3.75 -0.0228396 -0.00884812 0.0261732 0.0347374
3.76 0.000734733 -0.0181032 0.0260231 0.0260335
3.77 -0.0277394 0.0165654 0.0328723 0.0430124
3.78 -0.01524 -0.0666128 0.0195034 0.0247516
3.79 -0.0149375 -0.0447956 -0.0119565 0.0191334
3.8 -0.00961987 -0.0431535 0.0328976 0.0342753
3.81 -0.00596642 -0.0406906 0.0194396 0.0203346
3.82 -0.0207935 -0.20203 8.51391e-05 0.0207937
3.83 -0.00526862 -0.0770895 -0.0056383 0.00771678
3.84 -0.0218604 -0.0450665 0.0139407 0.0259272
3.85 -0.0151375 -0.00886906 0.0390153 0.041849
3.86 -0.0111469 -0.0421809 0.0515889 0.0527794
3.87 -0.00752711 -0.0358777 0.0260245 0.0270912
3.88 -0.00800297 -0.00842349 -0.0130973 0.0153489
3.89 -0.0174997 -0.078894 0.01308 0.0218477
3.9 -0.0101756 -0.0653583 0.0130666 0.0165613
3.91 -0.0135478 0.0260882 0.00633058 0.0149539
3.92 -0.0152613 0.115857 0.0274201 0.031381
3.93 -0.0134234 -0.076565 0.0259511 0.0292173
3.94 -0.0149792 -0.0268146 0.0389385 0.0417203
3.95 -0.00276991 -0.00266807 0.0390931 0.0391911
3.96 -0.00323586 -0.020506 0.026295 0.0264934
3.97 -0.0268809 -0.00196689 0.046196 0.0534477
3.98 -0.0180107 -0.0784082 0.0321024 0.0368096
3.99 0.00291683 0.0565585 0.00617362 0.006828
4 -0.0118016 0.0163134 -0.0191041 0.0224554
4.01 -0.00941552 0.0460533 0.0132576 0.0162609
4.02 -0.0176672 -0.137147 -0.000158907 0.0176679
4.03 -0.0176642 -0.163056 0.012516 0.0216488
4.04 -0.0201502 0.00799576 0.0193166 0.0279134
4.05 -0.000439026 0.0136813 0.0191884 0.0191934
4.06 -0.0176437 -0.127925 0.0190865 0.0259922
4.07 -0.0153985 0.0314669 0.0135465 0.0205091
4.08 -0.0077499 0.0401905 0.0131194 0.0152374
4.09 -0.0297031 -0.0491393 0.0135051 0.0326292
4.1 -0.00510707 -0.0861099 0.0387392 0.0390744
4.11 -0.00156889 -0.114674 0.0375369 0.0375697
4.12 -0.0278815 0.0033667 0.0522186 0.059196
4.13 -0.0188824 -0.0331159 0.058836 0.0617918
4.14 -0.00498579 -0.135723 0.0192829 0.019917
4.15 -0.0137092 -0.0320972 0.0332271 0.0359442
4.16 -0.00755534 0.0181014 -0.00605433 0.00968184
4.17 -0.0102543 -0.0205546 0.0264422 0.0283609
4.18 -0.0135881 -0.0724425 0.039148 0.0414392
4.19 -0.00607712 -0.148089 -0.000291309 0.0060841
4.2 -0.0276827 -0.0456104 -0.0195465 0.033888
4.21 -0.0110606 -0.00245556 0.019932 0.0227952
4.22 -0.0149448 -0.0133596 0.0136251 0.0202235
4.23 -0.0127126 -0.0636511 0.02017 0.0238419
4.24 -0.0366099 -0.111345 0.0452132 0.0581766
4.25 -0.011966 -0.0198033 0.00664846 0.0136889
4.26 -0.00955903 -0.05665 0.032567 0.0339409
4.27 -0.0216562 -0.076315 0.0070631 0.0227789
4.28 -0.0233417 0.0227371 0.0197968 0.0306064
4.29 -0.0155828 -0.0264296 0.0261495 0.0304404
4.3 -0.00596303 -0.130456 0.0443098 0.0447092
4.31 -0.0107198 -0.0157723 0.0324467 0.0341717
4.32 -0.0140779 -0.0182514 0.00665278 0.0155707
4.33 -0.0161837 0.134837 0.0522044 0.0546554
4.34 -0.00743717 -0.00871011 0.000465283 0.00745171
4.35 0.00192347 -0.0592087 0.0128332 0.0129765
4.36 -0.0146199 -0.0448754 0.0263657 0.0301479
4.37 -0.0256994 -0.04761 -0.0122 0.0284482
4.38 0.000605633 -0.00495363 0.0649381 0.0649409
4.39 -0.0184035 -0.0603904 -0.0120043 0.0219725
4.4 -0.00724401 -0.0132203 0.000213655 0.00724716
4.41 -0.010941 -0.0600569 0.0129949 0.0169874
4.42 -0.0148685 0.0178856 0.0261696 0.0300985
4.43 -0.00331223 -0.00258845 0.0456491 0.0457691
4.44 -0.00767863 0.0493016 0.0452398 0.0458868
4.45 -0.0225125 -0.0127028 0.057595 0.0618385
4.46 -0.0117903 -0.0597685 -0.00623714 0.0133384
4.47 -0.00192034 -0.0614275 0.0513214 0.0513573
4.48 -0.00674161 -0.0314741 0.025152 0.0260398
4.49 -0.0201432 0.016799 -0.0188232 0.0275692
4.5 -0.0216931 -0.178688 -0.00715845 0.0228437
4.51 -0.0188614 0.0153683 0.0588288 0.0617785
4.52 -0.0191442 -0.024547 0.0132116 0.0232605
4.53 -0.0216534 -0.0447306 0.0200428 0.0295056
4.54 -0.0217491 -0.0805199 0.0323446 0.0389769
4.55 -0.017126 -0.038698 0.0391171 0.0427018
4.56 -0.00773756 0.0132917 0.0327464 0.0336481
4.57 -0.0142345 -0.0179045 0.0129467 0.0192416
4.58 -0.0253989 -0.0605248 0.0322883 0.0410809
4.59 0.00346683 -0.051187 -0.000495079 0.003502
4.6 0.00105975 -0.0362471 0.00704544 0.0071247
4.61 -0.0192795 0.0426988 0.0462311 0.0500901
4.62 -0.0101949 -0.0832146 -0.00578453 0.0117216
4.63 -0.0148718 0.0263792 0.0268897 0.0307282
4.64 -0.00336797 -0.00669145 -0.00637362 0.00720876
4.65 -0.0129462 0.0125113 -0.000556119 0.0129581
4.66 -0.0170505 -0.132362 0.0250429 0.0302963
4.67 -0.00542612 0.0210527 0.0193703 0.020116
4.68 -0.00225523 -0.0474791 0.00601084 0.00641999
4.69 -0.00341831 -0.0251348 0.0137035 0.0141235
4.7 -0.00490785 0.100992 0.0391628 0.0394691
4.71 -0.00704226 -0.000163967 0.0325326 0.0332861
4.72 -0.0137861 -0.0808012 0.0257854 0.0292394
4.73 -0.0171889 -0.123568 0.0259252 0.0311058
4.74 -0.00635161 -0.107901 0.0454118 0.0458538
4.75 -0.0115235 0.0114521 -0.00613995 0.0130572
4.76 -0.00907772 -0.119303 0.025555 0.0271195
4.77 -0.0191323 -0.0019386 0.0456602 0.0495066
4.78 -0.00300904 -0.0382853 0.0390254 0.0391413
4.79 -0.0102471 -0.0427227 0.0262403 0.0281702
4.8 -0.00812459 0.121163 0.0265808 0.0277947
4.81 -0.0153415 -0.0178597 0.0584486 0.0604285
4.82 -0.00366517 0.0110635 0.0255474 0.025809
4.83 -0.00305501 -0.0784126 0.0387062 0.0388265
4.84 -0.0224366 2.89129e-05 0.0528138 0.0573821
4.85 -0.0152871 0.0093852 0.000234079 0.0152888
4.86 -0.0114173 0.0379414 -0.0050338 0.0124777
4.87 -0.0185226 -0.113733 0.0126484 0.0224292
4.88 -0.0120466 0.0518668 0.0391848 0.0409948
4.89 -0.0148628 -0.0133876 0.0329025 0.0361037
4.9 -0.0101208 -0.141068 0.0186171 0.0211903
4.91 -0.00803936 0.00876988 0.0267897 0.02797
4.92 -0.00262874 -0.101368 0.0641955 0.0642493
4.93 -0.0107237 0.0285318 0.0716432 0.0724413
4.94 -0.0162374 0.0317229 0.0331041 0.0368719
4.95 -0.0147369 -0.0716546 0.038979 0.0416718
4.96 -0.00672081 -0.0539768 0.0325347 0.0332216
4.97 -0.0108845 -0.0424404 0.032185 0.0339757
4.98 -0.025464 -0.0960495 0.0581734 0.0635024
4.99 -0.00346422 -0.0331934 0.00617189 0.00707764
5 -0.0135937 -0.0676922 -0.00582197 0.0147879
5.01 -0.0110926 -0.00694626 0.0394226 0.0409535
5.02 -0.0188265 -0.0377778 -0.0184197 0.0263386
5.03 -0.0216936 -0.089447 0.0384381 0.0441372
5.04 -0.00601443 -0.08602 0.0454921 0.045888
5.05 -0.0250569 -0.0160638 -0.0255954 0.0358186
5.06 -0.0108479 -0.0560327 0.039103 0.0405799
5.07 -0.00684374 0.00396725 0.0203966 0.0215141
5.08 -0.0113475 -0.0379616 0.00698938 0.0133273
5.09 -0.0214396 -0.0942428 0.0323955 0.0388474
5.1 -0.0109912 -0.0556994 0.000477444 0.0110015
5.11 0.00399182 -0.109542 0.0380425 0.0382513
5.12 0.00484612 -0.0381702 0.0253821 0.0258406
5.13 -0.022112 -0.107215 -0.0128747 0.0255871
5.14 -0.0193247 -0.0239736 -0.0257548 0.0321987
5.15 -0.0115114 0.0646875 0.00745337 0.0137136
5.16 -0.0130111 -0.0592479 0.0586682 0.0600937
5.17 -0.00349361 0.0513949 0.0389445 0.0391009
5.18 -0.0142214 0.0219794 0.0331166 0.0360411
5.19 0.00839741 -0.0320332 -0.012987 0.0154654
