0 3.27993e-05 -0.0622912 -0.0200334 0.0200335
0.01 0.00522584 -0.0652405 0.0124973 0.0135459
0.02 0.0119699 -0.0248425 0.0318027 0.0339807
0.03 -0.00805676 -0.0397349 -0.00663254 0.0104356
0.04 0.00200806 -0.0237284 0.0393862 0.0394374
0.05 -0.0101756 -0.0653582 0.0130666 0.0165613
0.06 0.00127164 -0.0362532 0.0322222 0.0322472
0.07 -0.0178846 -0.185677 -0.0199732 0.0268102
0.08 0.00338624 -0.0819489 -0.0332316 0.0334037
0.09 -0.00768122 -0.0171376 0.0256192 0.026746
0.1 0.000954946 -0.000362095 0.0323757 0.0323898
0.11 -0.00290275 -0.0565725 -0.0510926 0.051175
0.12 0.00849772 -0.0181085 0.00570378 0.0102345
0.13 -0.00320637 0.0737092 0.0322088 0.032368
0.14 -0.00141134 -0.204421 0.0118969 0.0119804
0.15 0.00862563 -0.0542196 0.0256333 0.0270456
0.16 0.00363429 -0.0155741 0.0190848 0.0194278
0.17 -0.0170449 -0.230417 0.0312348 0.0355829
0.18 0.0060225 -0.105947 -0.0134411 0.0147287
0.19 0.0131421 0.0279141 0.00670507 0.0147537
0.2 -0.00675967 -0.106843 0.0311372 0.0318625
0.21 -0.00770563 0.0177825 0.0132577 0.0153344
0.22 0.0203741 -0.0922351 -0.00106757 0.0204021
0.23 -0.0142867 -0.0492151 0.0194084 0.0240997
0.24 -0.00667609 -0.0537647 0.0514737 0.0519048
0.25 -0.015468 -0.066109 0.0190567 0.0245442
0.26 0.00161436 -0.099076 0.0319153 0.0319561
0.27 -0.0162048 -0.213397 -0.000603305 0.016216
0.28 -0.00835754 -0.00828443 -0.00036637 0.00836556
0.29 -0.00223265 -0.100791 0.0250729 0.0251721
0.3 0.00419909 -0.0556149 0.0250117 0.0253617
0.31 -0.00352308 0.03339 0.0326953 0.0328846
0.32 0.0030545 -0.247267 0.00486603 0.00574528
0.33 0.00151392 -0.0810932 0.0322626 0.0322981
0.34 -0.00773933 0.0535302 0.0201907 0.0216232
0.35 -0.0142818 0.00923465 -0.0070218 0.0159146
0.36 -0.00518431 0.191028 0.0200423 0.0207019
0.37 -0.00269323 -0.123198 0.00585575 0.00644541
0.38 0.000576501 -0.0226362 0.00618234 0.00620916
0.39 -0.000492783 0.00500964 0.0193147 0.0193209
0.4 -0.00680999 -0.124945 -0.0264333 0.0272964
0.41 0.0086872 -0.134498 0.0247648 0.0262443
0.42 0.000652465 -0.031447 0.0384609 0.0384664
0.43 0.000900047 0.044557 0.0133659 0.0133962
0.44 0.0046065 -0.0605956 0.0449896 0.0452249
0.45 -0.00281904 0.0376618 0.0387985 0.0389008
0.46 -0.00969294 -0.118743 0.0314313 0.0328919
0.47 0.00378266 -0.0202962 -0.000103302 0.00378407
0.48 0.00349215 0.0339424 -0.0127826 0.013251
0.49 -0.0073221 -0.0804779 0.025726 0.0267477
0.5 -0.00323779 0.0290003 0.0391166 0.0392503
0.51 0.0129315 -0.114931 -0.0197966 0.0236459
0.52 0.0131264 -0.0346074 0.0514412 0.0530895
0.53 -0.00726891 0.0177765 -0.00644891 0.00971727
0.54 0.0089808 -0.0902095 0.0247086 0.0262901
0.55 0.00063662 -0.0270064 0.0323458 0.0323521
0.56 0.00853657 0.0705697 0.0455796 0.0463722
0.57 -0.00724837 0.0178927 0.0197338 0.0210229
0.58 0.00571379 -0.132624 0.0253168 0.0259535
0.59 0.00154747 -0.107573 0.0507068 0.0507305
0.6 -0.00929027 -0.092591 0.0457914 0.0467243
0.61 -0.00157934 -0.105514 0.0252383 0.0252877
0.62 0.00711791 0.00045995 0.0513768 0.0518675
0.63 0.00509397 -0.038396 0.025758 0.0262569
0.64 -0.0113518 0.0157911 0.0201703 0.0231453
0.65 0.000300518 -0.0448223 0.0254521 0.0254539
0.66 0.00236806 -0.148165 -0.0076188 0.00797834
0.67 0.00925315 -0.157263 0.018413 0.0206072
0.68 -0.00142099 -0.12346 0.0251615 0.0252016
0.69 0.00566128 -0.114591 0.0122861 0.0135277
0.7 -0.00253224 -0.0294253 0.0127218 0.0129714
0.71 0.000648152 -0.0802876 0.0126213 0.012638
0.72 -0.000203286 0.0270014 0.00651753 0.0065207
0.73 0.00898861 -0.0594318 0.0518164 0.0525903
0.74 0.00041053 -0.0760089 0.0190775 0.0190819
0.75 0.000372348 0.0485073 0.0195844 0.0195879
0.76 0.00194058 -0.0678756 -0.00655345 0.00683473
0.77 -0.00324573 -0.100627 0.0186827 0.0189625
0.78 0.00495259 0.024292 0.038708 0.0390236
0.79 0.00221375 -0.0549762 0.0325087 0.032584
0.8 -0.00117156 -0.119601 -0.00641333 0.00651946
0.81 -0.00981166 -0.082644 0.0251504 0.0269965
0.82 0.00634839 -0.181786 0.0438096 0.0442672
0.83 0.00202495 -0.0815791 0.0132402 0.0133942
0.84 -0.00668223 -0.0850065 0.0194163 0.020534
0.85 -0.00401377 -0.0109456 0.0129348 0.0135432
0.86 -0.00859663 -0.0212619 -0.00677256 0.0109439
0.87 0.0053474 -0.069755 0.0317554 0.0322025
0.88 0.00915458 -0.0633729 -0.0127751 0.0157166
0.89 -0.00262752 -0.0388128 0.0392397 0.0393276
0.9 -0.00609495 -0.0715024 7.84632e-05 0.00609546
0.91 0.00573213 -0.0745293 0.0316128 0.0321283
0.92 -0.00203988 -0.105282 -0.000317344 0.00206442
0.93 0.00267543 -0.211393 0.0381786 0.0382722
0.94 -0.00279043 -0.0604398 0.038856 0.0389561
0.95 -0.00378697 -0.0287248 0.0256627 0.0259406
0.96 0.00448519 -0.0559201 -0.00052395 0.00451569
0.97 0.00392604 0.0246498 0.0258421 0.0261386
0.98 -0.00627122 -0.0675292 0.0258804 0.0266294
0.99 0.0111053 -0.167292 0.0575135 0.0585758
1 0.0170835 -0.0903008 -0.0136968 0.0218963
1.01 0.00757344 -0.00430965 0.0317238 0.0326153
1.02 -0.00723654 -0.044837 0.0260261 0.0270134
1.03 -0.00245334 -0.0611988 0.045278 0.0453445
1.04 -0.018083 -0.0513643 0.0193801 0.0265063
1.05 -0.00759689 0.0494543 0.013125 0.015165
1.06 0.000892638 -0.0492399 0.00626743 0.00633068
1.07 0.00263123 -0.198252 0.0126649 0.0129353
1.08 -0.00286587 -0.025066 -0.00546007 0.00616649
1.09 -0.011624 0.00679534 0.000545918 0.0116368
1.1 0.0135811 -0.0792731 0.0252668 0.0286855
1.11 0.00324918 -0.14038 0.0640639 0.0641462
1.12 0.00231056 -0.135011 0.0117864 0.0120107
1.13 -0.00268847 -0.0476142 -0.0317387 0.0318524
1.14 -0.00958935 -0.123677 -0.00669335 0.0116943
1.15 0.00488685 -0.0695226 0.00619977 0.0078942
1.16 -0.00304371 -0.0515595 0.0129442 0.0132972
1.17 -0.000396798 0.120914 0.0261121 0.0261151
1.18 0.023906 -0.0629598 0.0375247 0.0444927
1.19 -0.010348 -0.0605707 0.0132473 0.0168099
1.2 -0.00757637 -0.0981409 -0.0132844 0.0152931
1.21 -0.00405703 0.0606458 0.0195559 0.0199723
1.22 -0.00207076 -0.105707 0.0123574 0.0125297
1.23 -0.00652271 -0.0762476 0.00618511 0.00898896
1.24 0.00137405 -0.0584628 0.00637556 0.00652195
1.25 -0.0235647 0.0589107 0.0003697 0.0235676
1.26 0.012915 -0.0476319 -0.0196649 0.0235267
1.27 0.0132602 -0.0883184 0.0190204 0.0231864
1.28 0.00464 -0.0736842 0.00657515 0.0080475
1.29 -0.00680475 -0.0270822 0.0324174 0.0331239
1.3 -0.00315431 -0.0337252 0.025896 0.0260874
1.31 0.00426631 0.0196439 0.031904 0.032188
1.32 -0.00624517 -0.0718214 0.019388 0.020369
1.33 0.0060122 -0.150399 0.0185349 0.0194856
1.34 8.84854e-05 -0.0355484 0.0256526 0.0256528
1.35 -0.00945976 -0.101337 0.045374 0.0463497
1.36 0.00432114 0.0465679 0.0261936 0.0265477
1.37 0.013222 -0.0704802 0.0124624 0.0181695
1.38 -0.00349665 -0.0508753 0.0059842 0.00693089
1.39 0.000799329 -0.0760649 0.0127489 0.012774
1.4 -0.00752377 0.00905907 0.0324263 0.0332877
1.41 -0.00429716 -0.00151481 0.00638967 0.00770023
1.42 0.00789906 0.11597 0.0651027 0.0655801
1.43 -0.00180937 -0.212806 0.0121447 0.0122788
1.44 -0.0181754 -0.0739437 -0.0323458 0.0371025
1.45 0.00489457 -0.100978 0.00575672 0.00755623
1.46 0.00741307 -0.0620907 0.011942 0.0140558
1.47 0.00194563 -0.0633384 0.0386558 0.0387048
1.48 -0.00602692 -0.0366426 0.0457795 0.0461745
1.49 0.0138488 -0.0841021 -0.000556132 0.01386
1.5 0.00477566 -0.0650405 0.0257287 0.0261682
1.51 -0.00346029 -0.00697306 0.0132064 0.0136522
1.52 -0.0108712 -0.0424539 -0.0127345 0.0167437
1.53 0.00432293 0.0289692 0.0324102 0.0326972
1.54 0.00820988 -0.0537752 0.0190141 0.0207109
1.55 -0.00235783 -0.0610793 -0.00661961 0.00702699
1.56 0.00893475 -0.0811336 0.00600834 0.0107671
1.57 -0.00287539 -0.0827285 0.0319788 0.0321078
1.58 0.00048999 -0.0621809 -0.0135548 0.0135637
1.59 -0.00872392 -0.025711 0.0383596 0.0393391
1.6 0.00122986 -0.0982255 0.0377594 0.0377794
1.61 0.0102547 -0.0373642 0.0450711 0.046223
1.62 0.00816868 -0.00923114 0.0578723 0.058446
1.63 0.0174263 -0.104101 0.01901 0.0257887
1.64 -0.00138183 -0.0969955 0.0123486 0.0124256
1.65 0.00832939 -0.0540627 0.063774 0.0643157
1.66 0.00782535 0.0179417 -0.00655274 0.0102066
1.67 0.00524371 -0.0965478 -0.000550195 0.0052725
1.68 0.003511 -0.0416876 0.0186826 0.0190096
1.69 -0.00564439 -0.0811511 0.0128619 0.0140459
1.7 0.00932092 -0.090315 0.0317587 0.0330982
1.71 0.0176101 -0.0861205 0.0250243 0.0305995
1.72 -0.00392183 -0.0241969 0.0513235 0.0514731
1.73 -0.00495811 0.0121851 -0.0132447 0.0141423
1.74 0.000371936 -0.0449792 0.0321953 0.0321974
1.75 -0.0188815 0.0737227 0.0396448 0.0439115
1.76 -0.00975518 -0.0744565 0.0452187 0.046259
1.77 -0.0131125 -0.19288 -0.0130174 0.0184767
1.78 -0.00614592 -0.0362135 -9.22703e-05 0.00614661
1.79 -0.00321297 0.0330193 0.0261689 0.0263654
1.8 0.000862618 -0.0711681 0.00572222 0.00578688
1.81 -0.0020055 -0.154402 0.0244635 0.0245456
1.82 0.00344338 0.00716827 0.0388908 0.039043
1.83 -0.00623758 -0.0807984 0.03886 0.0393574
1.84 -0.00780601 0.0357654 0.0136025 0.0156832
1.85 -0.00364709 -0.0287155 0.0452106 0.0453575
1.86 -0.0178727 -0.123174 0.0189992 0.0260845
1.87 0.00251291 -0.162173 0.0315225 0.0316225
1.88 -0.0104431 -0.0603681 0.0126359 0.0163928
1.89 0.0165504 -0.0366626 0.012516 0.0207501
1.9 -0.00735703 -0.0843036 -0.0263689 0.027376
1.91 0.000259605 -0.0800705 -0.00730551 0.00731012
1.92 -0.0027736 -0.0609767 0.0644089 0.0644686
1.93 0.00151892 0.00373935 0.045184 0.0452095
1.94 0.00115073 -0.12116 0.0187615 0.0187968
1.95 0.00232896 -0.0814646 0.0450898 0.0451499
1.96 0.00626243 -0.133369 0.0317744 0.0323857
1.97 0.00184471 -0.103826 0.0320045 0.0320576
1.98 0.0135059 -0.0882217 0.0254609 0.0288213
1.99 -0.0112236 -0.0467224 0.0258893 0.0282175
2 -0.0143041 -0.049835 0.0385589 0.0411266
2.01 -0.00755334 0.0711882 0.0201434 0.021513
2.02 0.00540887 -0.0566885 0.0193879 0.0201282
2.03 -0.0104706 -0.0825999 -0.0191094 0.0217899
2.04 -0.00311036 -0.0693245 0.00635665 0.00707682
2.05 -0.0103269 -0.0697419 0.039192 0.0405297
2.06 0.0203271 -0.0616567 -0.00654545 0.021355
2.07 -0.00362822 -0.0334792 0.0452617 0.0454069
2.08 -0.00821466 -0.169129 0.0707502 0.0712255
2.09 0.00965253 -0.067769 0.0188228 0.0211535
2.1 0.00534238 -0.101017 0.0248397 0.0254077
2.11 0.0136147 -0.0884574 0.00629193 0.0149983
2.12 0.00518939 -0.0876408 0.0184949 0.0192092
2.13 0.00601956 -0.101881 0.0383111 0.0387811
2.14 0.00559088 -0.0746797 0.0131793 0.0143162
2.15 0.00399262 -0.00660781 -0.000583388 0.00403502
2.16 0.00731697 0.0755989 0.00671485 0.00993113
2.17 -0.00444028 -0.0240019 0.0254973 0.025881
2.18 -0.00559236 -0.205881 0.0439688 0.044323
2.19 -0.00314795 -0.0599777 0.0576485 0.0577344
2.2 -0.0103075 -0.0517244 0.0317926 0.0334218
2.21 0.00171681 -0.098646 -0.000269836 0.00173789
2.22 0.0135376 -0.0746243 0.0576005 0.05917
2.23 0.0159418 -0.0317276 0.0312896 0.0351166
2.24 0.00433533 -0.0430479 0.0384644 0.038708
2.25 0.00136059 -0.130112 0.0246225 0.02466
2.26 0.00099351 0.0221787 0.025263 0.0252825
2.27 0.00255251 0.109676 0.007429 0.00785527
2.28 0.00343138 -0.0685457 0.00538374 0.00638428
2.29 0.00854886 -0.0494932 0.0253117 0.0267163
2.3 0.00534877 -0.0564032 0.0251782 0.0257401
2.31 -9.49036e-05 0.0358725 0.0389813 0.0389814
2.32 -0.00411659 -0.0818805 -0.0262553 0.0265761
2.33 -0.00389772 -0.0107098 -0.0127795 0.0133607
2.34 0.0199749 -0.0470287 -0.0199527 0.0282331
2.35 -0.0180507 -0.0232875 -0.207303 0.208088
2.36 -0.0355378 -0.0823318 -0.517167 0.518387
2.37 -0.0337007 -0.109272 -0.756341 0.757091
2.38 -0.026516 -0.184544 -0.84998 0.850394
2.39 0.00536351 -0.382991 -0.87235 0.872366
2.4 0.0656795 -0.165279 -0.860294 0.862798
2.41 0.0659809 -0.183377 -0.873138 0.875627
2.42 0.0558304 -0.150214 -0.929214 0.930889
2.43 -0.00124528 -0.0792171 -1.09514 1.09514
2.44 -0.0308858 -0.126718 -1.28159 1.28197
2.45 -0.0657295 -0.16321 -1.47511 1.47657
2.46 -0.0366757 -0.215666 -1.71577 1.71616
2.47 -0.0549933 -0.225996 -1.91088 1.91167
2.48 -0.0213366 -0.344421 -2.15957 2.15967
2.49 0.0540803 -0.319536 -2.30467 2.3053
2.5 0.10737 -0.267721 -2.43101 2.43338
2.51 0.175727 -0.431016 -2.42739 2.43374
2.52 0.208896 -0.429645 -2.76523 2.77311
2.53 0.236834 -0.517988 -2.83728 2.84714
2.54 0.252032 -0.34026 -2.97354 2.9842
2.55 0.253828 -0.415813 -3.53015 3.53926
2.56 0.297524 -0.442277 -3.69964 3.71159
2.57 0.344142 -0.528832 -3.83212 3.84754
2.58 0.373259 -0.577872 -3.98259 4.00005
2.59 0.40724 -0.504998 -4.06621 4.08656
2.6 0.427941 -0.526307 -4.30566 4.32688
2.61 0.438641 -0.567262 -4.59642 4.6173
2.62 0.420094 -0.417424 -4.74932 4.76786
2.63 0.447792 -0.50631 -4.91645 4.93681
2.64 0.480431 -0.409915 -5.08608 5.10872
2.65 0.524806 -0.627961 -5.32114 5.34696
2.66 0.548924 -0.503783 -5.56775 5.59474
2.67 0.570976 -0.586883 -5.76905 5.79723
2.68 0.547382 -0.750319 -6.0345 6.05928
2.69 0.55182 -0.582842 -6.20702 6.2315
2.7 0.552903 -0.60542 -6.31547 6.33963
2.71 0.559082 -0.609614 -6.45012 6.47431
2.72 0.587629 -0.484867 -6.59826 6.62438
2.73 0.616473 -0.52953 -6.80008 6.82797
2.74 0.640417 -0.48592 -6.98896 7.01824
2.75 0.664359 -0.670722 -7.15146 7.18225
2.76 0.687041 -0.61314 -7.22267 7.25527
2.77 0.720195 -0.558276 -7.32606 7.36138
2.78 0.756694 -0.559372 -7.44945 7.48778
2.79 0.781334 -0.548277 -7.56026 7.60052
2.8 0.803573 -0.566728 -7.70989 7.75166
2.81 0.835396 -0.586088 -7.8734 7.91759
2.82 0.834421 -0.460248 -8.00206 8.04545
2.83 0.842958 -0.719633 -8.12082 8.16445
2.84 0.840849 -0.700996 -8.31439 8.3568
2.85 0.871378 -0.621683 -8.47755 8.52221
2.86 0.884146 -0.554061 -8.63393 8.67908
2.87 0.921546 -0.716006 -8.72032 8.76888
2.88 0.91788 -0.763052 -8.80456 8.85227
2.89 0.893052 -0.658131 -8.90128 8.94597
2.9 0.868968 -0.74554 -9.07431 9.11582
2.91 0.815136 -0.788691 -9.18279 9.2189
2.92 0.84124 -0.697653 -9.16851 9.20702
2.93 0.811048 -0.670604 -9.08882 9.12494
2.94 0.762322 -0.685321 -9.18495 9.21654
2.95 0.728601 -0.691159 -9.48193 9.50988
2.96 0.7146 -0.767273 -9.68356 9.70989
2.97 0.719091 -0.609576 -9.77409 9.8005
2.98 0.7017 -0.773587 -9.61203 9.63761
2.99 0.708434 -0.729575 -9.55958 9.58579
3 0.715965 -0.686726 -9.68158 9.70801
3.01 0.721304 -0.757939 -9.88266 9.90895
3.02 0.746154 -0.693601 -9.90978 9.93783
3.03 0.731881 -0.583245 -9.79206 9.81938
3.04 0.70439 -0.556933 -9.49182 9.51792
3.05 0.609209 -0.663532 -9.50677 9.52627
3.06 0.534244 -0.702211 -9.7906 9.80517
3.07 0.524798 -0.773014 -10.199 10.2125
3.08 0.5773 -0.93874 -10.3717 10.3878
3.09 0.645793 -0.788861 -10.1922 10.2126
3.1 0.683588 -0.726872 -9.77043 9.79431
3.11 0.615934 -0.596677 -9.293 9.31339
3.12 0.49267 -0.663821 -9.23101 9.24415
3.13 0.441203 -0.654013 -9.64639 9.65648
3.14 0.476183 -0.738114 -10.2727 10.2837
3.15 0.556229 -0.877226 -10.5256 10.5403
3.16 0.592323 -0.856755 -9.29699 9.31584
3.17 0.527135 -0.184487 -5.51183 5.53698
3.18 0.399299 -0.0476632 -5.55782 5.57215
3.19 0.0312118 0.0299337 -9.79154 9.79159
3.2 -0.066466 -0.863123 -14.4531 14.4532
3.21 0.280149 -1.06467 -13.0696 13.0726
3.22 1.02194 -1.51065 -10.3597 10.41
3.23 1.47949 -1.12886 -8.04377 8.1787
3.24 1.64176 -1.06696 -6.70246 6.90061
3.25 1.49866 -1.09975 -5.87973 6.06772
3.26 0.991639 -0.921872 -5.36701 5.45785
3.27 0.587061 -0.699775 -4.7655 4.80152
3.28 0.343431 -0.642125 -4.1314 4.14565
3.29 0.158737 -0.620957 -3.57624 3.57976
3.3 -0.0119081 -0.77884 -3.15813 3.15815
3.31 -0.071747 -0.742547 -2.60034 2.60133
3.32 -0.0585904 -0.514832 -1.95506 1.95594
3.33 -0.0507009 -0.324814 -1.205 1.20607
3.34 -0.074641 -0.172264 -0.726801 0.730624
3.35 -0.0698092 -0.109794 -0.184428 0.197198
3.36 -0.0669658 -0.145578 -0.00881913 0.0675441
3.37 0.0045047 -0.104987 0.0188987 0.0194282
3.38 -0.000207961 -0.0578506 0.0187372 0.0187384
3.39 -0.0183359 -0.122457 -0.0267504 0.0324313
3.4 -0.00514645 0.101367 0.0261813 0.0266823
3.41 -0.00691402 -0.0890601 -0.00110306 0.00700146
3.42 -0.000238913 -0.0128163 -0.0326591 0.03266
3.43 -0.00737156 -0.110653 -0.0459408 0.0465284
3.44 -0.0116505 -0.07297 0.0187761 0.0220969
3.45 -0.00916191 0.0280663 -0.0124633 0.0154685
3.46 -0.0123929 -0.0328401 -0.00592517 0.0137365
3.47 -0.000350975 -0.0667852 -0.0452675 0.0452688
3.48 0.00131635 -0.138634 0.0121393 0.0122105
3.49 -0.00134544 -0.00757009 -0.0135298 0.0135965
3.5 0.000618758 -0.0672004 -0.00753167 0.00755704
3.51 -0.00561893 -0.0987955 0.0129467 0.0141134
3.52 0.0125303 -0.0654972 -0.0131831 0.018188
3.53 -0.000499166 -0.039604 0.0189762 0.0189827
3.54 -0.0150936 -0.0218287 0.0131369 0.0200098
3.55 0.00399493 -0.0870645 -0.000608042 0.00404094
3.56 0.0103979 0.0786919 0.0191845 0.0218212
3.57 -0.0192879 -0.0455728 0.0188192 0.0269478
3.58 -0.00607847 -0.165526 0.0382397 0.0387198
3.59 -0.00722043 -0.129412 0.038173 0.0388499
3.6 -0.0139368 -0.0983557 0.00709579 0.0156392
3.61 -0.0108498 -0.029005 0.032012 0.0338007
3.62 0.00739806 0.0716671 0.0065526 0.00988271
3.63 0.000315513 -0.0625956 0.0130008 0.0130047
3.64 -0.0299452 -0.146807 -0.00693747 0.0307383
3.65 -0.00828864 -0.0748805 -0.0132462 0.0156258
3.66 -0.00477602 -0.00580619 -0.0194557 0.0200334
3.67 -0.0101343 -0.0649647 0.039179 0.0404685
3.68 -0.0187118 -0.0908292 0.00620145 0.0197127
3.69 -0.0122575 0.110485 0.0198918 0.0233651
3.7 -0.0138065 -0.0757136 0.0317952 0.0346634
3.71 -0.0122297 -0.0366387 -0.0130637 0.0178948
3.72 0.0040197 -0.0379271 1.76984e-05 0.00401974
3.73 -0.013944 -0.0761876 0.00730017 0.0157393
3.74 -0.00654398 -0.0672374 0.00649406 0.00921935
3.75 -0.010693 -0.0868463 0.0254114 0.0275695
3.76 0.000819166 -0.147449 -0.0139958 0.0140198
3.77 0.00576639 -0.173135 0.0184355 0.0193162
3.78 0.00814859 0.0264836 0.0450268 0.0457582
3.79 -0.0144792 -0.134126 0.0254582 0.0292877
3.8 -0.000256616 -0.0616432 -0.013578 0.0135804
3.81 -0.00303228 -0.00240865 0.058492 0.0585705
3.82 -0.0100359 -0.0787207 0.0643328 0.0651109
3.83 0.0122259 -0.0738006 0.0440172 0.0456836
3.84 -0.00183442 -0.15933 0.0253966 0.0254628
3.85 0.00433417 -0.0471127 0.0452797 0.0454866
3.86 -0.00064794 -0.289534 0.0240688 0.0240775
3.87 -0.0222884 -0.017904 0.0390885 0.0449965
3.88 -0.0176531 -0.0868771 0.0509677 0.0539383
3.89 -0.00581547 0.0303961 0.0259376 0.0265815
3.9 0.00894173 -0.103463 0.0320569 0.0332806
3.91 0.00429119 -0.0781341 0.0380231 0.0382645
3.92 -0.00370794 -0.0375169 -0.0257697 0.0260351
3.93 -0.0109702 -0.032963 0.0454602 0.0467651
3.94 -0.00360342 0.0250871 0.0450117 0.0451557
3.95 -0.0033718 -0.0425215 0.0388591 0.0390051
3.96 0.000654241 -0.0716855 0.0510166 0.0510208
3.97 0.000272944 0.0221673 0.0644419 0.0644425
3.98 0.00486121 -0.0520393 0.032368 0.032731
3.99 -0.000433865 -0.0615737 -0.00721373 0.00722677
4 -0.00710437 -0.129176 0.0124587 0.0143419
4.01 -0.00815636 0.0140593 0.0321906 0.0332078
4.02 -0.0113742 -0.0375928 0.0191846 0.0223029
4.03 -0.00347541 -0.0693142 0.00655097 0.00741577
4.04 -0.0200893 0.0479297 0.0261085 0.0329429
4.05 -0.0068531 -0.0403234 0.026119 0.0270031
4.06 -0.010573 -0.0736008 0.0121994 0.0161435
4.07 0.0194511 -0.0331769 0.0374139 0.0421681
4.08 -0.000356469 -0.0303081 -0.0198078 0.019811
4.09 5.36321e-05 -0.0716235 0.032166 0.0321661
4.1 -0.00578326 -0.134912 0.0386999 0.0391296
4.11 -0.00817885 -0.0394856 0.0574553 0.0580345
4.12 -0.0189748 -0.0330557 0.000768429 0.0189904
4.13 -0.00617238 -0.125408 0.0190111 0.019988
4.14 -0.0110218 -0.158738 -0.00072544 0.0110456
4.15 0.00298323 0.00738099 0.0384738 0.0385893
4.16 -0.0113352 -0.0554314 0.0257425 0.0281277
4.17 -0.00723488 -0.0531677 0.0576205 0.0580729
4.18 -0.00726259 -0.0405448 0.0325185 0.0333197
4.19 0.00671822 -0.0128042 0.025493 0.0263634
4.2 -0.00296254 -0.0779699 -0.00712999 0.00772097
4.21 -0.00418029 0.0561954 0.00612305 0.00741394
4.22 0.0148016 0.0359909 0.019059 0.0241316
4.23 0.00832624 -0.0629879 0.0193166 0.0210346
4.24 -0.0181679 -0.0510132 0.00616427 0.0191852
4.25 -0.00724769 -0.0715289 0.0255319 0.0265407
4.26 -0.00808842 -0.124198 -0.00736123 0.0109366
4.27 -0.00875742 0.0328376 0.0127005 0.0154271
4.28 0.00802982 -0.0626504 0.00606263 0.0100615
4.29 -0.0042781 -0.00611748 -0.0198122 0.0202688
4.3 0.00135353 -0.138874 0.0124802 0.0125534
4.31 0.00425183 0.0196775 0.0516844 0.051859
4.32 -0.00675842 -0.0669279 0.0125175 0.0142254
4.33 -0.0108071 -0.0111748 0.0195903 0.0223735
4.34 -0.0021133 -0.0876871 0.0129753 0.0131462
4.35 0.00246718 0.00332962 0.0122875 0.0125328
4.36 -0.0189522 -0.0731975 0.0646479 0.0673686
4.37 -0.00174348 -0.128259 0.0192758 0.0193545
4.38 -0.00252812 -0.176503 -0.0141012 0.014326
4.39 -0.00144345 -0.00326256 -0.0126692 0.0127512
4.4 -0.000908668 0.0855881 0.00665868 0.00672039
4.41 -0.000330006 -0.0440489 -0.000284727 0.000435859
4.42 0.0140208 -0.124086 0.0702643 0.0716496
4.43 0.000548628 -0.048972 0.0315325 0.0315373
4.44 -0.00356315 -0.0688208 0.0507907 0.0509155
4.45 -0.0119825 -0.019286 0.00623983 0.0135099
4.46 -0.014806 -0.0757442 0.0318777 0.0351483
4.47 0.0081303 -0.0579936 -0.000623234 0.00815415
4.48 0.00130201 -0.0942979 0.0125481 0.0126155
4.49 0.00094755 -0.0715192 0.018938 0.0189617
4.5 -0.0118266 -0.0329851 0.00652307 0.0135062
4.51 0.0114166 -0.0607226 0.0124898 0.0169214
4.52 -0.014337 -0.0223789 0.0268085 0.0304014
4.53 -0.00682347 -0.0224992 0.0837604 0.0840378
4.54 0.00902331 -0.116682 0.0316585 0.0329193
4.55 0.00356736 0.0692737 0.0263749 0.0266151
4.56 0.00841775 -0.00947709 0.0833898 0.0838136
4.57 0.0046314 -0.11389 -0.0196563 0.0201945
4.58 0.00769121 -0.0443123 0.0185677 0.0200976
4.59 -0.00217653 -0.0699443 0.0136641 0.0138363
4.6 -0.00661398 -0.0273459 0.0325258 0.0331915
4.61 -0.010717 -0.0999917 0.0118674 0.0159903
4.62 -0.00422479 -0.0682924 -0.0136636 0.0143018
4.63 -0.00715727 -0.03117 0.0196466 0.0209097
4.64 -0.00715556 -0.0714083 0.0322048 0.0329902
4.65 0.000914311 -0.0450588 0.0256343 0.0256506
4.66 5.98389e-05 -0.110906 0.0179874 0.0179875
4.67 -0.00428492 -0.0510532 0.0323577 0.0326402
4.68 -0.00202117 -0.100777 0.025111 0.0251922
4.69 -0.00198457 -0.11437 0.032029 0.0320904
4.7 -0.0074658 0.00909636 0.0326944 0.033536
4.71 3.8154e-05 -0.0445628 0.0448535 0.0448535
4.72 0.00109097 -0.0584806 0.0258472 0.0258702
4.73 -0.00281053 -0.047365 0.0323498 0.0324716
4.74 0.000647204 -0.0136668 0.0394178 0.0394231
4.75 -0.0028649 -0.0825996 0.0445154 0.0446075
4.76 -0.00324784 -0.0512823 0.0577572 0.0578484
4.77 -0.00380136 0.0380901 0.0459841 0.0461409
4.78 -0.00384586 -0.0553056 0.0122936 0.0128811
4.79 -0.0103061 -0.0919432 0.0192066 0.021797
4.8 -0.00165627 0.0595824 -0.00646301 0.00667186
4.81 0.00774275 -0.00893519 0.0638569 0.0643246
4.82 -0.00355371 -0.00189047 0.0387266 0.0388893
4.83 -0.00309908 -0.135977 0.0183504 0.0186103
4.84 -0.0117638 -0.0508695 0.00694679 0.0136618
4.85 0.00140572 -0.0675052 0.0448544 0.0448764
4.86 -0.00705205 0.0355185 0.0584767 0.0589004
4.87 0.00363439 0.00706559 0.0127438 0.0132519
4.88 -0.0188238 -0.0195652 0.0262733 0.0323206
4.89 0.00456455 -0.0424339 0.0444932 0.0447267
4.9 0.0043633 -0.042299 0.0318481 0.0321456
4.91 -0.000860795 0.00534289 0.0255705 0.025585
4.92 0.00122965 -0.0275203 0.0326014 0.0326246
4.93 -0.00699456 -0.0802285 4.9747e-05 0.00699474
4.94 0.0117813 -0.0289863 0.0575872 0.05878
4.95 -0.00935238 -0.234814 0.0311803 0.0325527
4.96 -0.0030758 -0.0692609 0.0379001 0.0380247
4.97 0.000359646 -0.0757359 0.038517 0.0385187
4.98 -0.0219626 -0.0709222 0.0386061 0.0444161
4.99 0.00466942 -0.0247483 0.025166 0.0255956
5 -0.00641867 -0.0362636 0.0581696 0.0585227
5.01 -0.00413508 0.0160278 0.0387297 0.0389498
5.02 -0.00884185 0.117065 0.0391429 0.0401291
5.03 -0.00011524 -0.0443779 0.0188329 0.0188333
5.04 0.00425151 0.0291261 0.025667 0.0260167
5.05 0.00464394 -0.0606745 0.019075 0.0196322
5.06 -0.0180481 -0.140703 0.0315806 0.036374
5.07 0.0040242 -0.0156501 0.0378973 0.0381103
5.08 -0.0102744 -0.0651351 0.0458841 0.0470203
5.09 -0.0175224 -0.0921997 0.025789 0.0311786
5.1 0.00389219 -0.0554063 -0.000778867 0.00396935
5.11 0.00729018 -0.0214425 0.0372211 0.0379284
5.12 -0.00203005 -0.163784 0.0314736 0.031539
5.13 -0.00144187 -0.123898 0.0514854 0.0515056
5.14 -0.0143989 -0.0712764 0.0258388 0.0295799
5.15 -0.0105889 -0.0559494 0.000623963 0.0106073
5.16 -0.00216682 -0.10975 0.0699565 0.0699901
5.17 0.00130482 -0.0853532 0.0318638 0.0318905
5.18 -0.0074534 -0.133445 -0.00748489 0.010563
5.19 -0.00578889 -0.166013 0.00553064 0.0080062
5.2 -0.00883363 -0.266755 0.0117148 0.0146721
5.21 -0.00533256 -0.202055 0.051181 0.0514581
5.22 -0.0145022 -0.075449 0.0123332 0.0190374
5.23 -0.00807834 0.0492482 0.0138925 0.0160705
5.24 -0.00292863 -0.123327 0.0382049 0.038317
5.25 0.00122225 -0.0986774 0.0191637 0.0192026
5.26 -0.0103054 -0.0427405 0.000828069 0.0103387
5.27 -0.00345462 0.0335562 0.0455 0.045631
5.28 -0.011207 -0.0151711 0.0190837 0.0221311
5.29 -0.00361126 0.0112634 0.058135 0.058247
5.3 0.00597917 -0.101479 0.0702872 0.0705411
5.31 -0.0018848 -0.168345 0.0446005 0.0446403
5.32 -0.00775533 -0.0355351 0.0518301 0.0524071
5.33 0.00318971 0.0828108 0.0386605 0.0387918
5.34 0.000202293 -0.0312468 0.0516924 0.0516928
5.35 0.00129547 -0.0361377 -0.000163243 0.00130571
5.36 -0.0182037 -0.0204676 0.0394741 0.0434693
5.37 -0.0184571 -0.0824535 0.0449757 0.0486156
5.38 -0.0150955 0.00503794 0.0322969 0.0356506
5.39 -0.00433837 0.0430293 0.0452472 0.0454547
5.4 -0.00232765 -0.136581 0.0373797 0.0374521
5.41 -0.00285558 -0.0609487 0.0451315 0.0452218
5.42 0.0041468 -0.0245519 0.0579098 0.0580581
5.43 -0.00394185 0.0247285 0.0330127 0.0332472
5.44 0.00279226 -0.175345 0.0509425 0.051019
5.45 0.00784534 -0.0404127 0.0126337 0.0148715
5.46 -0.00719175 -0.0446249 0.0449626 0.0455341
5.47 -0.00661421 -0.120671 0.0188838 0.0200086
5.48 0.00772898 -0.0312 0.0123313 0.0145533
5.49 0.00344054 -0.0244163 0.0259137 0.0261411
5.5 -0.000512093 -0.0260575 0.00592634 0.00594843
5.51 0.000767497 -0.0803944 0.00598654 0.00603554
5.52 -0.00250212 -0.212864 -0.0133788 0.0136107
5.53 0.00564876 -0.0878532 0.0189121 0.0197376
5.54 -0.00542 0.1458 0.0136769 0.0147117
