0 0.0121766 0.0639591 0.000271057 0.0121796
0.01 0.00471947 0.0458452 -0.0256875 0.0261174
0.02 -0.00568705 -0.0281151 -0.00613353 0.00836437
0.03 0.00851756 0.0303958 -0.019442 0.0212259
0.04 0.00431255 0.0290015 -0.00637694 0.00769828
0.05 -0.00669418 0.0353786 -0.0128223 0.0144645
0.06 0.00366799 0.0514519 -0.000225396 0.00367491
0.07 0.00958805 -0.0322859 0.0121794 0.0155006
0.08 -0.00701092 0.0486299 -0.00633267 0.00944752
0.09 0.0198221 0.0728448 0.0321584 0.0377767
0.1 0.0205528 0.0503649 -0.0132833 0.0244717
0.11 0.000839305 0.0129351 0.000118195 0.000847586
0.12 -0.0043636 0.0608347 0.0189064 0.0194034
0.13 -0.00326791 0.0552986 0.0134977 0.0138876
0.14 -0.00424963 0.158803 -0.0190595 0.0195275
0.15 -0.00257261 0.0418429 0.0132839 0.0135307
0.16 0.0157674 0.0748775 -0.01274 0.0202711
0.17 0.00932445 0.0388599 -0.0249718 0.0266559
0.18 -0.0113697 0.104754 0.00726654 0.0134935
0.19 0.00783652 0.0477418 -0.0447101 0.0453916
0.2 0.00743062 0.0668703 -0.0131791 0.0151296
0.21 -0.000280879 0.07587 0.0130773 0.0130803
0.22 0.0119833 0.0777371 0.0258999 0.0285378
0.23 -0.00596469 -0.000633722 -0.000295167 0.00597199
0.24 0.00375015 0.0647958 -0.0126638 0.0132074
0.25 0.0151929 0.0533516 -0.000662685 0.0152073
0.26 0.0103235 0.127398 -0.00657516 0.0122396
0.27 -0.00084397 0.0760141 -0.0579415 0.0579477
0.28 -0.00269363 0.0370698 -0.00621542 0.006774
0.29 -0.00451465 0.14085 -0.0443511 0.0445803
0.3 -0.0040151 0.122779 -0.0122374 0.0128793
0.31 0.00119819 0.0616365 0.0132268 0.013281
0.32 -0.000194701 0.147503 0.000461644 0.000501022
0.33 0.00776386 0.0757414 -0.0255962 0.0267477
0.34 0.0046266 0.0548511 -0.00586878 0.00747315
0.35 -0.00457814 0.0520571 -0.0518421 0.0520439
0.36 -0.0026924 0.00611888 0.00658144 0.00711086
0.37 0.000204901 0.0355341 -0.0063347 0.00633801
0.38 0.00469747 0.050771 0.00657839 0.00808341
0.39 -0.011869 0.145284 0.0202084 0.0234361
0.4 -0.00432555 0.212552 0.0136344 0.0143041
0.41 0.0111776 0.131828 0.006474 0.0129171
0.42 0.0131888 0.0852978 0.0198818 0.0238585
0.43 0.00527053 -0.0168021 0.00635823 0.00825867
0.44 0.00378847 0.0686206 -0.0191414 0.0195127
0.45 0.00054446 0.0531683 -0.00661688 0.00663924
0.46 0.00900896 0.00794955 -0.000220041 0.00901165
0.47 0.00500794 0.0372088 -0.0196263 0.0202551
0.48 8.80574e-05 -0.000513087 -0.0191012 0.0191014
0.49 0.00597297 -0.0750656 0.0122811 0.0136566
0.5 0.00856294 0.0571708 -0.0125455 0.0151893
0.51 0.0115317 0.0691335 0.0187012 0.0219708
0.52 -0.00359147 -0.0692083 -0.0453848 0.0455267
0.53 0.0076152 0.0580045 -0.0514642 0.0520245
0.54 0.00650984 0.192387 0.0197837 0.0208272
0.55 0.00043151 0.0978889 0.000358886 0.000561248
0.56 0.000741009 0.074737 0.00128354 0.00148208
0.57 -0.00213186 -0.0347165 0.0129872 0.013161
0.58 0.0158148 0.0574903 0.0124161 0.0201064
0.59 0.00428329 0.0911111 0.00648061 0.0077682
0.6 -0.00356064 0.0461867 -0.0323119 0.0325075
0.61 0.00404077 0.0331969 -0.00632558 0.00750605
0.62 0.0235722 0.088618 -0.0135185 0.0271735
0.63 0.000615661 -0.0403138 -0.0135133 0.0135273
0.64 -0.00316684 0.0733077 0.000234594 0.00317552
0.65 -0.00175439 0.108335 -0.0260859 0.0261449
0.66 -0.00284186 0.0325241 -0.0124045 0.0127259
0.67 -0.00561416 0.0879166 0.0126258 0.0138177
0.68 0.0135745 -0.0170281 -0.0193996 0.0236772
0.69 -0.0160616 0.174807 0.000696279 0.0160767
0.7 -0.00437917 0.0788084 -0.0451756 0.0453874
0.71 -0.0077487 0.102746 -0.011837 0.0141477
0.72 0.0114837 0.0731684 0.00012231 0.0114844
0.73 -0.00603718 -0.0590891 -0.0129252 0.0142656
0.74 0.0051585 -0.0613421 -0.00712578 0.00879698
0.75 -0.00736119 0.0401347 0.00679261 0.0100163
0.76 0.00664025 0.116379 -0.0253787 0.0262331
0.77 -0.00328958 0.0511176 -0.00586915 0.00672817
0.78 0.00613846 -0.0216734 -0.0257527 0.0264742
0.79 0.00149594 -0.0185133 -0.0199909 0.0200467
0.8 0.0012493 0.00386906 -0.00651686 0.00663553
0.81 0.000496196 0.14252 0.0261065 0.0261112
0.82 0.0039009 0.0558273 -0.0322126 0.032448
0.83 -0.0164034 0.138941 -0.0185809 0.0247855
0.84 0.00400436 0.140114 0.000395312 0.00402383
0.85 0.00449633 0.051067 -0.0323171 0.0326284
0.86 -0.00392673 0.167365 0.0073809 0.00836043
0.87 -0.00670253 0.0176314 0.00599933 0.00899532
0.88 0.00771255 0.120137 0.0258633 0.0269888
0.89 0.00274413 0.199136 -0.0256306 0.0257771
0.9 0.00388059 0.122312 -0.00646282 0.00753837
0.91 -0.0113012 0.0516506 -0.0132993 0.0174524
0.92 0.00380083 0.144657 -0.0381402 0.0383291
0.93 -0.00634631 0.0481203 -0.0255875 0.0263628
0.94 0.00484558 -0.0163455 -0.0139095 0.0147293
0.95 0.0117364 0.131231 0.000326565 0.011741
0.96 -0.00578941 0.0167343 0.013377 0.0145761
0.97 -0.0084396 0.174471 0.0133356 0.0157818
0.98 0.00441951 0.099935 -0.0257599 0.0261363
0.99 0.00880818 -0.00120303 -0.0131038 0.015789
1 0.0015424 0.0838277 0.0330179 0.0330539
1.01 0.0125816 0.0236311 -0.0132822 0.0182952
1.02 0.00335483 0.100372 -0.012713 0.0131482
1.03 -0.00333316 0.0603146 -0.00054282 0.00337707
1.04 -0.00682885 0.0532784 -0.0188773 0.0200745
1.05 -0.00867769 0.188037 0.0200305 0.0218294
1.06 -0.0138431 -0.00068397 -0.0056587 0.014955
1.07 0.00874562 0.155125 0.013688 0.0162434
1.08 -0.0148372 0.0494243 -0.0255531 0.0295483
1.09 -0.0101201 0.0192207 -0.0185932 0.021169
1.1 0.00555395 -0.0526156 -0.0264507 0.0270275
1.11 -0.00856735 0.0542374 -0.00022478 0.0085703
1.12 0.004446 0.0420526 -0.0131163 0.0138493
1.13 0.00211071 0.0341764 0.0326445 0.0327127
1.14 -0.00534043 0.150361 -0.0443358 0.0446563
1.15 0.0169606 -0.0191848 0.0189795 0.0254536
1.16 0.00834508 0.0125436 -0.0129221 0.0153825
1.17 -0.00805112 0.165167 -0.0435063 0.044245
1.18 -0.0104857 -0.00733212 -0.0063589 0.0122632
1.19 0.00309601 0.0431364 -0.0521814 0.0522732
1.2 0.00954384 -0.0191456 -0.0133368 0.0163998
1.21 0.0092355 -0.0322888 -0.0325476 0.0338326
1.22 -0.00860815 0.102885 -0.0184646 0.0203726
1.23 0.00399205 0.0867179 0.0130581 0.0136547
1.24 0.0198939 0.0635812 -0.0127312 0.0236188
1.25 -0.018895 0.0688741 -0.0252771 0.0315587
1.26 -0.00201335 -0.0706346 -0.0321234 0.0321864
1.27 0.00166698 -0.0460815 -0.0127218 0.0128305
1.28 -0.00301848 0.0685857 -0.018956 0.0191949
1.29 0.00780108 0.0981411 -0.0315939 0.0325427
1.3 0.0032379 0.0962327 -0.00643579 0.0072044
1.31 0.0012411 -0.023146 -0.013075 0.0131338
1.32 -0.00664109 0.0439088 -0.0118342 0.0135702
1.33 -0.000686271 0.169788 0.00749512 0.00752647
1.34 -0.0158998 0.11646 -0.0191418 0.024884
1.35 -0.00291503 -0.0205866 0.00604919 0.00671492
1.36 0.00119243 0.0530149 -2.73878e-05 0.00119274
1.37 0.00174182 -0.00130166 0.000421423 0.00179208
1.38 -0.00740201 0.0755719 -0.00598506 0.00951897
1.39 0.00425405 0.0691824 0.00593535 0.00730242
1.4 0.00350663 0.140587 -0.0255012 0.0257411
1.41 -0.00185633 -0.119228 0.0117968 0.011942
1.42 0.0117071 0.0866627 0.00611984 0.0132102
1.43 0.00485773 -0.0166808 -0.00632244 0.00797313
1.44 0.0078613 0.0486526 -0.0190088 0.0205702
1.45 -2.96766e-05 0.0489185 -0.00682071 0.00682078
1.46 0.00200412 0.0973715 -0.0198212 0.0199223
1.47 0.00705225 0.1604 -0.00581603 0.00914114
1.48 0.00839083 0.0129162 -0.0202386 0.0219091
1.49 -0.00807773 0.0629018 -0.0200552 0.0216208
1.5 0.00965152 -0.0102742 0.019127 0.0214242
1.51 0.00330317 0.167427 0.0072718 0.00798687
1.52 0.0148296 0.0624877 -0.0325473 0.0357665
1.53 0.00773405 0.147138 -0.0124999 0.0146991
1.54 0.0121665 0.0864503 0.00653696 0.0138114
1.55 -0.00193595 -0.132875 -0.00696736 0.00723132
1.56 0.00055335 0.276365 0.0070374 0.00705912
1.57 0.0125097 0.0594583 0.0195673 0.0232244
1.58 -0.0026903 -0.0432263 -0.0324956 0.0326067
1.59 -0.00507943 0.110025 -0.018867 0.0195388
1.6 -0.00724884 0.0623571 -0.0258933 0.0268888
1.61 -0.00130485 0.0853532 -0.031867 0.0318937
1.62 -0.000361849 0.178652 0.00656312 0.00657309
1.63 -0.00333261 -0.00254354 -0.00678963 0.00756342
1.64 -0.00155901 0.0994169 -0.000444625 0.00162118
1.65 0.00516074 0.0503962 -0.0253215 0.0258421
1.66 0.000901326 0.039354 -0.0188297 0.0188512
1.67 0.00122468 0.0705356 0.0264114 0.0264398
1.68 -0.00770435 0.0671267 -0.00623775 0.00991295
1.69 0.00348121 0.100576 0.000364712 0.00350026
1.7 -0.00881995 0.214914 -0.00549838 0.0103934
1.71 0.0114409 0.0555188 -0.0388506 0.0405002
1.72 -0.00037281 0.165332 -0.0256468 0.0256495
1.73 0.0132302 0.03683 -0.0132699 0.0187384
1.74 0.00169428 -0.0945354 -0.000953894 0.00194435
1.75 0.00175297 0.0121795 0.00637838 0.00661488
1.76 0.0078247 0.0622448 -0.0259268 0.0270818
1.77 -0.00196886 0.0548298 -0.00564284 0.00597645
1.78 -0.003546 0.0601599 0.000533471 0.00358591
1.79 0.00715275 0.0847616 0.0197879 0.021041
1.8 -0.0036493 0.0333475 -0.00663606 0.00757329
1.81 0.00143786 0.396209 0.00801837 0.00814627
1.82 -0.00565144 -0.0814616 -0.00685124 0.00888134
1.83 0.0133312 -0.0254562 0.0057543 0.0145201
1.84 -0.00600492 -0.0415683 0.0135136 0.0147877
1.85 -0.00135506 0.201572 0.0200171 0.0200629
1.86 0.00558369 -0.0657223 0.0188459 0.0196557
1.87 0.00552759 0.0101476 -0.0129576 0.0140874
1.88 0.00466519 0.0238213 -0.0189865 0.0195513
1.89 0.0237883 0.0346982 0.0247296 0.0343138
1.9 0.0045053 0.0818246 0.0199286 0.0204315
1.91 0.00746726 0.0759178 -0.0125971 0.014644
1.92 0.000198356 0.0936943 -0.019046 0.0190471
1.93 0.00674309 0.0941499 -0.0260861 0.0269435
1.94 0.00867432 0.0261252 -0.0200345 0.0218318
1.95 0.0130338 0.045587 -0.0126607 0.0181707
1.96 0.00355317 0.020607 -0.0393643 0.0395243
1.97 -0.00324384 0.0209012 -0.103175 0.103226
1.98 -0.0304656 0.174013 -0.33947 0.340835
1.99 -0.0875995 0.127858 -0.756676 0.76173
2 -0.0993933 -0.0680921 -1.04128 1.04601
2.01 -0.0283387 -0.0364853 -1.0193 1.0197
2.02 0.0164237 -0.0350784 -0.835572 0.835734
2.03 0.0637142 0.0993637 -0.610557 0.613873
2.04 0.0594491 0.0793579 -0.539675 0.542939
2.05 0.00301458 0.0927876 -0.614268 0.614275
2.06 -0.0770051 0.0862349 -0.829871 0.833436
2.07 -0.156427 0.0255768 -1.08465 1.09587
2.08 -0.186436 0.121015 -1.30166 1.31494
2.09 -0.190587 0.0620326 -1.4183 1.43105
2.1 -0.147729 0.0182258 -1.56202 1.56899
2.11 -0.0525001 0.0526086 -1.5324 1.5333
2.12 -0.00417941 0.0626649 -1.6701 1.6701
2.13 0.03773 0.0144504 -1.77608 1.77648
2.14 0.0867412 -0.0736205 -1.95317 1.9551
2.15 0.13085 -0.141137 -2.17483 2.17876
2.16 0.141643 -0.236939 -2.29341 2.29778
2.17 0.196648 -0.198253 -2.44525 2.45315
2.18 0.226913 -0.338478 -2.59646 2.60636
2.19 0.301502 -0.11116 -2.80033 2.81651
2.2 0.327626 -0.337103 -3.01624 3.03398
2.21 0.352717 -0.446219 -3.22447 3.24371
2.22 0.396605 -0.387689 -3.39419 3.41728
2.23 0.404993 -0.348259 -3.55031 3.57333
2.24 0.410297 -0.53871 -3.73228 3.75476
2.25 0.438333 -0.447829 -3.97194 3.99605
2.26 0.480562 -0.494928 -4.19315 4.2206
2.27 0.492009 -0.502088 -4.3482 4.37595
2.28 0.518327 -0.585456 -4.49046 4.52028
2.29 0.567317 -0.467582 -4.65816 4.69258
2.3 0.590673 -0.433876 -4.78089 4.81724
2.31 0.633994 -0.468608 -4.98253 5.0227
2.32 0.666971 -0.425568 -5.14505 5.1881
2.33 0.686029 -0.445428 -5.28784 5.33215
2.34 0.671104 -0.480608 -5.42212 5.46349
2.35 0.677451 -0.341233 -5.5508 5.59198
2.36 0.697529 -0.415493 -5.68018 5.72285
2.37 0.701564 -0.528678 -5.88227 5.92396
2.38 0.733231 -0.462818 -6.01827 6.06277
2.39 0.757169 -0.459649 -6.1073 6.15406
2.4 0.745427 -0.492624 -6.19035 6.23507
2.41 0.750525 -0.379918 -6.27992 6.32461
2.42 0.737769 -0.407204 -6.38967 6.43212
2.43 0.730417 -0.491632 -6.5572 6.59776
2.44 0.734803 -0.525343 -6.59045 6.63128
2.45 0.748215 -0.435536 -6.66065 6.70254
2.46 0.741098 -0.479796 -6.79655 6.83684
2.47 0.739223 -0.439073 -6.87352 6.91315
2.48 0.763113 -0.578361 -6.92041 6.96236
2.49 0.764618 -0.561427 -7.04332 7.0847
2.5 0.794576 -0.463495 -7.14057 7.18464
2.51 0.791674 -0.5546 -7.25081 7.2939
2.52 0.791304 -0.514028 -7.25711 7.30013
2.53 0.787425 -0.529301 -7.34637 7.38845
2.54 0.798162 -0.521855 -7.47585 7.51834
2.55 0.806383 -0.572032 -7.58574 7.62848
2.56 0.822847 -0.555305 -7.68408 7.72801
2.57 0.847647 -0.530409 -7.80824 7.85412
2.58 0.858945 -0.590542 -7.86788 7.91463
2.59 0.880822 -0.613409 -7.96629 8.01484
2.6 0.925727 -0.601168 -7.99397 8.04739
2.61 0.945278 -0.684709 -8.08653 8.14159
2.62 0.955534 -0.601599 -8.13793 8.19384
2.63 0.946296 -0.578094 -8.15095 8.2057
2.64 0.942453 -0.580416 -8.2202 8.27405
2.65 0.91666 -0.626968 -8.25034 8.30111
2.66 0.928366 -0.607047 -8.29504 8.34683
2.67 0.926977 -0.588306 -8.28927 8.34094
2.68 0.902332 -0.537528 -8.35303 8.40163
2.69 0.918502 -0.725683 -8.42466 8.47458
2.7 0.91876 -0.591774 -8.50761 8.55708
2.71 0.936348 -0.643527 -8.63204 8.68267
2.72 0.97526 -0.632406 -8.69895 8.75345
2.73 1.00079 -0.769541 -8.66866 8.72624
2.74 1.05385 -0.691405 -8.62459 8.68874
2.75 1.05596 -0.751288 -8.69128 8.75519
2.76 1.08306 -0.727745 -8.81039 8.87671
2.77 1.10507 -0.821418 -8.98033 9.04807
2.78 1.10839 -0.873087 -9.0524 9.12001
2.79 1.12632 -0.751011 -8.93444 9.00515
2.8 1.092 -0.76689 -8.8614 8.92843
2.81 1.03746 -0.595281 -8.81906 8.87988
2.82 1.02853 -0.740798 -9.02518 9.0836
2.83 1.02605 -0.980202 -9.29742 9.35386
2.84 1.05244 -0.781906 -9.42704 9.48561
2.85 0.981169 -0.51348 -8.21191 8.27031
2.86 0.907207 -0.234764 -5.59257 5.66568
2.87 0.770166 0.0454809 -5.79726 5.8482
2.88 0.483854 -0.0745262 -6.76869 6.78596
2.89 0.780591 -1.02822 -14.1178 14.1394
2.9 0.719737 -0.986506 -11.6641 11.6863
2.91 1.31282 -0.601424 -8.81123 8.90849
2.92 1.69414 -0.72119 -6.69426 6.90531
2.93 1.74214 -0.953689 -5.94571 6.19568
2.94 1.65086 -0.981544 -5.57865 5.81779
2.95 1.2372 -0.919881 -5.67675 5.81
2.96 0.820988 -0.682726 -5.63694 5.69641
2.97 0.577932 -0.599577 -5.32872 5.35997
2.98 0.424679 -0.607949 -4.84726 4.86583
2.99 0.381659 -0.616627 -4.32557 4.34237
3 0.384571 -0.529599 -3.70434 3.72425
3.01 0.372465 -0.550748 -3.19911 3.22072
3.02 0.353803 -0.414921 -2.82586 2.84792
3.03 0.291746 -0.354937 -2.44731 2.46464
3.04 0.217394 -0.199505 -1.97552 1.98745
3.05 0.175108 -0.0810726 -1.46785 1.47826
3.06 0.0907767 -0.0538594 -1.02479 1.0288
3.07 0.0156022 -0.133736 -0.673198 0.673379
3.08 -0.0318506 0.0239511 -0.378461 0.379799
3.09 -0.0818198 -0.0682496 -0.20323 0.219082
3.1 -0.0725453 0.0588892 -0.0863856 0.112806
3.11 -0.00868801 0.130413 0.00719216 0.0112787
3.12 -0.00699936 0.0179886 -0.0323938 0.0331414
3.13 0.00864009 0.0260421 -0.0264369 0.0278129
3.14 -0.00716326 0.0177027 0.00669663 0.00980597
3.15 0.0121452 0.0464379 -0.0261671 0.0288483
3.16 -0.0178639 -0.113597 0.00551593 0.0186961
3.17 -0.00365883 0.0824018 -0.0124102 0.0129383
3.18 0.0084895 0.0351716 -0.0331417 0.0342117
3.19 0.0106232 0.0786724 -0.00056078 0.010638
3.2 -0.0226053 0.0541198 0.0252089 0.0338598
3.21 -0.00752634 0.000275398 -0.0131455 0.0151476
3.22 -0.0157837 0.0898315 -0.00544378 0.0166961
3.23 0.000249102 0.0223938 0.019179 0.0191806
3.24 -0.00368544 0.0827706 -0.000214364 0.00369167
3.25 -0.00738631 -0.0221939 -0.013512 0.0153991
3.26 -0.0174438 0.228895 -0.018576 0.0254824
3.27 -0.000550815 0.0851064 0.0130073 0.0130189
3.28 0.00239321 0.0878671 -0.00013307 0.00239691
3.29 0.00263054 0.141083 -0.00628445 0.00681278
3.3 -0.00716526 0.0219296 0.0321952 0.0329829
3.31 0.000317114 0.0802351 -0.0191036 0.0191063
3.32 0.00760533 0.0803151 0.00619641 0.00981002
3.33 0.00460896 0.0154532 0.0123398 0.0131725
3.34 -0.00845334 0.0719107 -0.00590021 0.0103088
3.35 -0.00877178 0.077174 0.0131086 0.0157728
3.36 -0.000551241 0.0719153 -0.00666912 0.00669186
3.37 -0.00342189 0.0289205 -0.000482835 0.00345579
3.38 -0.0113433 -0.00215119 -0.0131054 0.0173327
3.39 -0.00286469 -0.0115723 -0.0131516 0.01346
3.4 -0.00677055 0.0532962 0.00653185 0.00940773
3.41 -0.0184703 0.0513027 -0.0189837 0.0264864
3.42 -0.00632258 -0.0227918 -0.000305233 0.00632994
3.43 0.00380001 0.0379793 -0.045205 0.0453645
3.44 -0.00512153 0.128025 0.00689261 0.00858709
3.45 0.0111987 0.0736343 -0.000595016 0.0112145
3.46 -0.00633224 -0.112181 -0.0332998 0.0338965
3.47 -0.0150936 0.0358268 -0.0128144 0.0197997
3.48 -5.49057e-05 0.102233 0.0326841 0.0326841
3.49 -0.00321895 0.104532 0.00687972 0.00759554
3.5 0.0074619 0.134058 -0.000169945 0.00746383
3.51 0.000226205 0.0491636 -0.0129822 0.0129841
3.52 -0.00325521 0.0287221 -0.0193837 0.0196552
3.53 -0.0105649 0.0242804 -0.0126565 0.0164865
3.54 -0.00342349 -0.0109753 -0.00700484 0.00779667
3.55 -0.00838571 0.103008 0.0192462 0.0209937
3.56 -0.0127634 0.0839424 -0.012561 0.0179077
3.57 -0.00473167 0.132034 -0.00625187 0.00784057
3.58 -4.37666e-05 0.0357605 -0.00671365 0.00671379
3.59 -0.00426691 0.176738 0.0257063 0.026058
3.6 -0.0109005 0.0422955 -0.00621552 0.012548
3.61 -0.00618825 0.0619212 0.0196299 0.0205822
3.62 -0.00823109 0.165378 0.0203135 0.0219178
3.63 -0.0163383 0.11681 -0.0185148 0.0246929
3.64 0.000457532 0.070957 0.000203091 0.000500581
3.65 0.00283708 0.158857 0.0198535 0.0200552
3.66 -0.0035597 0.0469822 0.0257766 0.0260213
3.67 -0.0152816 0.0450353 0.00639543 0.0165659
3.68 -0.00723409 0.0312119 -0.00662375 0.00980847
3.69 0.00369844 0.0960002 0.0191199 0.0194743
3.7 -0.00232552 0.0590345 0.0588378 0.0588838
3.71 -0.0150861 0.0760125 0.0385581 0.0414043
3.72 -0.0108752 -0.0113606 0.0319242 0.0337257
3.73 -0.0126806 0.190592 0.0137812 0.0187275
3.74 0.00816591 0.0621193 0.00626615 0.010293
3.75 0.0119047 0.0774224 0.0256997 0.028323
3.76 0.00118796 -0.0411051 -0.0131899 0.0132433
3.77 -0.00317814 0.0690945 0.0196549 0.0199102
3.78 0.01256 0.0458329 0.00670503 0.0142376
3.79 -0.000715963 0.0584579 -0.0123936 0.0124143
3.8 -0.0140059 -0.0674294 -0.0196201 0.0241063
3.81 -0.00115459 0.165626 -0.00581863 0.00593208
3.82 -0.0131201 0.191082 0.0132938 0.0186779
3.83 0.00686513 0.125466 0.0065124 0.00946263
3.84 0.00735957 0.000264943 -0.0456019 0.046192
3.85 -0.0186457 0.0111338 -6.37206e-05 0.0186458
3.86 -0.00322592 0.0465659 0.0131184 0.0135093
3.87 0.0111891 0.0559072 -0.00691259 0.0131522
3.88 0.00738889 0.0980621 0.0322556 0.0330911
3.89 0.00759487 0.0482786 -0.025379 0.026491
3.9 0.00023418 0.0533779 0.026165 0.026166
3.91 0.00361588 0.082676 0.00641973 0.00736801
3.92 -0.00897635 0.0898468 0.019507 0.0214732
3.93 -0.00324523 0.0154987 -0.000269873 0.00325643
3.94 0.00813444 0.0445982 -0.0201727 0.021751
3.95 0.000498585 0.128845 0.0266228 0.0266275
3.96 0.0116503 0.0822379 0.00660367 0.0133917
3.97 0.00460636 0.0998337 0.00666552 0.00810233
3.98 0.00840383 0.0483923 0.0258267 0.0271596
3.99 0.0112325 0.086909 0.0254831 0.0278489
4 -0.00796755 0.111528 0.0200425 0.0215681
4.01 -0.00763608 0.0539211 0.0382827 0.0390369
4.02 0.00392713 0.00233191 -0.020326 0.0207019
4.03 0.00606068 -0.0928548 0.00546109 0.00815815
4.04 -0.0151241 0.063081 -0.0065971 0.0165003
4.05 -0.00664909 -0.0764511 -0.00689265 0.009577
4.06 -0.00832204 0.0543537 -0.0189229 0.020672
4.07 -0.00669811 0.102322 0.0200351 0.0211251
4.08 -3.2804e-05 0.0490804 0.0254963 0.0254963
4.09 -0.00313065 0.0465244 -0.0125231 0.0129085
4.1 -0.00583036 0.141675 0.000633121 0.00586464
4.11 0.00393896 -0.00210741 0.0443548 0.0445293
4.12 -0.00468509 0.105219 0.01978 0.0203273
4.13 -0.0166978 0.0415454 -0.0195815 0.0257343
4.14 0.00687811 0.214513 0.0585809 0.0589833
4.15 -0.00418474 0.123301 0.012725 0.0133954
4.16 -0.0122596 -0.010521 0.0127096 0.0176588
4.17 -0.000579332 0.00048086 -0.0200359 0.0200442
4.18 0.00396774 0.0470287 -0.0135851 0.0141527
4.19 0.00949247 0.164118 -0.00647438 0.0114902
4.2 -0.0148249 -0.000114165 0.000412497 0.0148306
4.21 -0.0128717 0.0881015 0.000906444 0.0129035
4.22 0.00480164 -0.0343168 -0.000375821 0.00481632
4.23 0.0074985 0.0536842 0.00620527 0.00973308
4.24 -0.0125258 0.0345455 -0.0325906 0.0349148
4.25 -0.00812746 0.0895782 0.0136004 0.0158438
4.26 0.000456447 0.146846 0.0523793 0.0523813
4.27 -0.00247479 -0.0116482 0.0056608 0.00617812
4.28 -0.00772803 0.0671725 -0.00010595 0.00772875
4.29 -0.00944156 0.233234 0.0264783 0.0281113
4.3 -0.00480961 0.110056 0.00658339 0.00815312
4.31 0.0117507 0.064255 0.00625634 0.0133124
4.32 0.00442807 0.05072 0.00626722 0.00767372
4.33 0.00459397 -0.0025853 -0.0136872 0.0144376
4.34 0.00737748 0.0489111 -0.013294 0.0152039
4.35 0.000214122 0.111732 0.00698098 0.00698426
4.36 -0.000894567 0.0987462 0.00655412 0.00661488
4.37 0.0145107 0.0760616 -0.0199937 0.0247044
4.38 0.00100123 0.0306585 -0.0189358 0.0189623
4.39 -0.00926418 0.210686 0.000197154 0.00926627
4.4 -0.0133424 0.0749747 -0.00658195 0.0148775
4.41 -0.00146352 0.192701 -0.0124466 0.0125324
4.42 -0.000471055 0.0894859 0.00639169 0.00640902
4.43 0.00103147 0.0354521 -0.00722635 0.00729959
4.44 0.000436125 0.089235 0.0258918 0.0258955
4.45 -0.000506887 0.0495071 -0.00653266 0.0065523
4.46 -0.00111092 -0.14647 0.0249737 0.0249984
4.47 0.010724 0.167387 -0.0189843 0.0218039
4.48 0.0146798 0.0979996 0.000100083 0.0146802
4.49 0.0110568 0.0469209 -0.0069891 0.0130805
4.5 -0.0117258 0.064997 0.0134761 0.0178634
4.51 -0.000650933 0.000476581 -0.000526106 0.000836959
4.52 0.00335368 0.0830965 -0.000432492 0.00338145
4.53 -0.000332755 0.0495995 0.0194182 0.0194211
4.54 0.015104 0.120646 0.0189788 0.0242555
4.55 0.011892 0.0334745 0.0123456 0.0171416
4.56 0.00802666 0.111313 -0.0316603 0.0326619
4.57 -0.00867528 0.197001 0.0142077 0.0166469
4.58 0.00104842 0.0266241 -0.000359363 0.0011083
4.59 -0.00328228 0.00647079 -0.0259905 0.0261969
4.6 0.00614821 0.237334 0.026378 0.0270851
4.61 0.0154653 0.0888912 0.0320603 0.0355955
4.62 -0.00502229 0.163633 -0.0125901 0.0135549
4.63 -0.00506902 0.109993 0.0199232 0.020558
4.64 -0.0242674 0.143878 -0.0187076 0.0306412
4.65 0.00530045 0.0370338 0.0259447 0.0264806
4.66 -0.0145198 -0.0758882 -0.0199116 0.0246434
4.67 0.00557138 0.0505976 -0.00657686 0.00861948
4.68 -0.0127384 0.0877807 0.0258835 0.0288483
4.69 -0.00448363 0.0252914 -0.0391882 0.0394439
4.7 0.000709563 0.0666448 -0.026031 0.0260407
4.71 -0.00780719 0.089356 -0.00553039 0.00956752
4.72 -0.011058 -0.00654089 -0.0066816 0.0129199
4.73 0.00515034 -0.0657173 -0.02002 0.0206718
4.74 -0.00777891 0.0674456 0.0193335 0.0208398
4.75 -0.00884623 0.12588 -0.0126461 0.0154331
4.76 -0.000454191 0.0316353 -0.019755 0.0197602
4.77 -0.00589584 -0.00991608 0.0385245 0.038973
4.78 -0.00681789 0.0665984 0.0133326 0.0149747
4.79 -0.00717098 0.0491583 0.00713967 0.0101192
4.8 -0.0127092 -0.117263 0.00587336 0.0140007
4.81 -0.0114135 -0.0103056 -0.0133909 0.017595
4.82 0.00994926 0.221562 0.026562 0.0283642
4.83 -0.0101333 0.041874 0.0199896 0.0224114
4.84 0.0080623 0.0576245 0.0452665 0.0459789
4.85 -0.0145331 0.0176312 -0.0127447 0.0193297
4.86 -0.0106171 0.0647723 0.0193658 0.0220853
4.87 -0.000984911 0.0810271 0.00609774 0.00617677
4.88 -0.00185326 0.00568205 0.0384161 0.0384607
4.89 -0.00522723 0.105459 8.31048e-05 0.00522789
4.9 -0.00433059 0.10508 0.00705155 0.00827516
4.91 -0.00315968 0.0511396 3.0214e-05 0.00315982
4.92 0.0161104 0.0534102 -0.0200206 0.0256977
4.93 0.00849221 0.0929779 0.0454432 0.0462299
4.94 0.00284118 0.0117792 -0.00697016 0.00752698
4.95 0.00649986 0.205611 0.00066988 0.00653429
4.96 -0.0141063 0.0531466 0.0197484 0.024269
4.97 -0.00297423 0.0780851 0.000221629 0.00298248
4.98 -0.0116528 0.127376 0.0204022 0.0234954
4.99 0.0038258 0.122747 0.0452937 0.045455
5 -0.00410958 0.0560389 0.0128638 0.0135043
5.01 0.00749139 -0.0492193 -0.0525266 0.0530581
5.02 0.00759979 0.0847234 0.0388709 0.0396069
5.03 -0.0124062 0.0701084 0.000364795 0.0124115
5.04 -0.000314634 0.134257 0.0136736 0.0136772
5.05 0.00127239 -0.0227397 -0.000608638 0.00141046
5.06 0.00468093 0.00600888 0.0188443 0.019417
5.07 -0.000407253 0.0888771 -0.0054633 0.00547846
5.08 0.00284858 0.0829363 0.00646752 0.00706705
5.09 0.00583177 -0.0925117 0.0312649 0.0318041
5.1 0.00586353 -0.137205 0.00501421 0.00771514
5.11 -0.0198115 0.052517 0.0130553 0.0237263
5.12 0.0123488 0.090918 0.0453814 0.0470315
5.13 0.0150295 0.0931427 -0.0064455 0.0163533
5.14 0.000855811 0.0350575 -0.00580923 0.00587193
5.15 0.00295008 0.136776 0.00654168 0.00717611
5.16 -0.00434752 0.0697661 -0.00669743 0.00798477
5.17 -0.0117991 0.0827525 0.000513285 0.0118102
5.18 0.00379504 0.0331001 -0.0127686 0.0133206
5.19 0.018754 0.0781727 -0.000879861 0.0187746
5.2 -0.013076 0.226168 0.013732 0.0189618
5.21 -0.000169839 0.0938663 0.0134627 0.0134638
