0 -0.0127338 -0.224056 0.0311945 0.0336934
0.01 -0.00295559 -0.122939 0.0252571 0.0254295
0.02 -0.00984105 -0.140707 -0.0199322 0.0222292
0.03 -0.0111044 -0.0242105 0.0380521 0.0396392
0.04 -0.0101665 -0.185119 0.0239987 0.0260633
0.05 -0.0206667 -0.201846 0.038299 0.0435193
0.06 -0.0121049 -0.0949262 0.0181521 0.0218181
0.07 -0.0256362 -0.238812 -0.0204959 0.0328222
0.08 -0.0112817 -0.0777116 0.0384107 0.0400332
0.09 -0.0154384 0.00500144 0.0263594 0.0305477
0.1 -0.0105489 -0.100514 -0.0130925 0.0168134
0.11 -0.0116378 -0.0598127 0.018669 0.0219993
0.12 0.00184137 -0.206117 0.0241852 0.0242552
0.13 -0.00420182 0.0156988 -0.00639201 0.00764938
0.14 0.00122225 -0.0986774 0.0191637 0.0192026
0.15 -0.0228553 -0.052473 0.01888 0.0296449
0.16 -0.0102461 -0.0788775 0.00683909 0.0123189
0.17 -0.00394627 -0.0599626 0.018977 0.019383
0.18 -0.00368171 0.00623676 -0.0059424 0.00699051
0.19 -0.00192088 -0.204259 0.0248585 0.0249326
0.2 -0.0117842 -0.0819572 0.0186971 0.0221009
0.21 0.000634298 -0.102754 0.0376258 0.0376311
0.22 -0.00700738 -0.120293 0.0312714 0.0320469
0.23 0.000670296 -0.0494032 0.0188337 0.0188456
0.24 -0.0156071 -0.0705268 0.0253992 0.0298111
0.25 -0.00383834 -0.0242071 -0.0131077 0.0136581
0.26 -0.0149875 -0.0846203 0.0189237 0.0241398
0.27 -0.0102688 -0.109602 -0.0256269 0.0276077
0.28 -0.00181382 -0.118977 -0.0195439 0.0196279
0.29 -0.0176205 -0.141162 -0.00672166 0.018859
0.3 -0.0148952 -0.0937677 0.000219315 0.0148968
0.31 -0.0330816 -0.140037 0.0314711 0.0456599
0.32 -0.0174816 -0.190335 0.00606621 0.0185042
0.33 -0.02132 -0.174484 0.031795 0.0382814
0.34 0.00270004 -0.139475 0.0313538 0.0314699
0.35 -0.0118893 -0.0553204 -0.00648851 0.0135446
0.36 -0.0131569 -0.108099 0.0132826 0.0186958
0.37 -0.00628816 -0.112272 0.0130078 0.014448
0.38 -0.0115823 -0.055529 0.0192996 0.0225083
0.39 -0.00256222 -0.140776 0.0179722 0.018154
0.4 0.00118887 -0.15203 -0.0206117 0.020646
0.41 -0.0311237 -0.0120874 0.00617256 0.0317299
0.42 -0.00836549 0.0231501 0.0252127 0.0265643
0.43 -0.0255289 -0.176351 -0.00716757 0.026516
0.44 -0.00326168 -0.149617 0.00544752 0.00634934
0.45 0.00506724 -0.0964787 0.00581399 0.0077123
0.46 -0.0155513 -0.0659208 -0.0264767 0.030706
0.47 -0.00611401 -0.111878 0.01159 0.0131038
0.48 -0.00682714 -0.098046 0.0125071 0.0142491
0.49 0.00430515 -0.09152 0.0248175 0.0251881
0.5 -0.00676274 -0.0985133 -0.000459751 0.00677835
0.51 -0.0111396 -0.0736169 0.0260041 0.0282896
0.52 -0.0104914 -0.113668 -0.0324977 0.0341492
0.53 -0.0194003 -0.0728379 -0.00694355 0.0206054
0.54 -0.0106109 -0.126933 0.00585287 0.0121181
0.55 -0.0149291 -0.120253 -0.020396 0.025276
0.56 -0.0218432 -0.133727 -0.000526021 0.0218495
0.57 -0.0184492 -0.131328 -0.000644229 0.0184604
0.58 -0.0089616 -0.244481 0.0185546 0.0206054
0.59 -0.0100197 -0.109848 -0.000109384 0.0100203
0.6 -0.00772236 -0.0616746 -0.00737461 0.010678
0.61 -0.0146479 -0.0537752 0.0131818 0.0197058
0.62 -0.00666285 -0.107209 -0.000568423 0.00668705
0.63 -0.00779895 -0.0398333 0.00627806 0.0100119
0.64 -0.00338658 -0.0648068 0.0124695 0.0129212
0.65 0.00937969 -0.120908 -0.00768301 0.0121247
0.66 -0.0141106 -0.129258 -0.00717446 0.0158298
0.67 -0.0142025 -0.0401386 0.0317491 0.034781
0.68 -0.000639091 -0.0262624 -0.00715145 0.00717995
0.69 -0.015271 -0.0978293 0.0187196 0.0241583
0.7 -0.0184239 -0.091478 -0.000254665 0.0184257
0.71 -0.0201856 0.0520744 -0.00534545 0.0208814
0.72 -0.00956299 -0.168208 -0.000629484 0.00958368
0.73 -0.0119831 -0.30489 0.0049362 0.01296
0.74 -0.0219635 -0.10285 0.0447066 0.0498104
0.75 -0.0182468 -0.0822797 0.0187584 0.0261691
0.76 -0.00436257 -0.0593583 -0.0138958 0.0145645
0.77 -0.0139841 -0.107392 -0.00713228 0.0156979
0.78 -0.00648461 -0.0807348 0.0061659 0.0089481
0.79 -0.0100344 -0.172209 0.0183737 0.0209352
0.8 -0.0132996 -0.210559 0.0121685 0.0180264
0.81 -0.0144392 -0.0627064 -0.00609646 0.0156735
0.82 -0.00718068 -0.0977463 -0.00101743 0.0072524
0.83 -0.00694035 -0.11572 0.0181831 0.0194626
0.84 -0.00251376 -0.127675 0.0253844 0.0255086
0.85 -0.0101821 -0.163402 0.00560743 0.011624
0.86 -0.00804026 -0.0484032 -0.0260211 0.0272349
0.87 -0.0100101 -0.136263 -0.000673792 0.0100328
0.88 -0.010002 -0.131887 0.0122204 0.0157917
0.89 -0.00298635 -0.140784 -0.00724255 0.00783408
0.9 -0.0296667 -0.0930573 0.011911 0.0319685
0.91 -0.0185868 -0.135745 0.00570081 0.0194414
0.92 -0.0086046 -0.0566086 0.0182631 0.0201886
0.93 -0.00548898 -0.188196 0.0246417 0.0252456
0.94 -0.00334518 -0.0868919 0.0186675 0.0189648
0.95 -0.00605606 -0.0854578 0.0512128 0.0515696
0.96 -0.0201617 -0.326919 -0.00128117 0.0202024
0.97 -0.00714386 -0.0847947 0.0189992 0.0202979
0.98 -0.0195035 0.0161535 0.0194453 0.027541
0.99 -0.0151552 -0.0977545 0.0192607 0.0245082
1 -0.0272707 -0.0592452 0.0259644 0.0376542
1.01 -0.0114198 -0.0244533 -0.00633165 0.0130576
1.02 0.000886255 -0.0938536 0.00592895 0.00599483
1.03 0.00546859 -0.0833775 -0.000616694 0.00550325
1.04 -0.0114529 -0.171291 -0.0334961 0.0354
1.05 -0.000705382 0.0585867 0.000141148 0.000719366
1.06 -0.0164823 -0.0431455 -0.0199306 0.025863
1.07 -0.0152794 -0.102024 -0.0455668 0.0480603
1.08 -0.0118674 -0.0283385 -0.0197132 0.0230097
1.09 0.00152857 -0.134536 -0.019777 0.019836
1.1 -0.00363749 -0.0777698 0.0509823 0.0511119
1.11 0.000720152 -0.0988595 -0.00736582 0.00740094
1.12 -0.0146705 -0.0754126 0.0574846 0.0593271
1.13 -0.00762501 0.0403933 0.0261946 0.0272818
1.14 -0.0249131 -0.171727 0.0442872 0.0508136
1.15 -0.0296138 -0.0711744 0.00632445 0.0302816
1.16 -0.0164967 -0.261933 -0.000907877 0.0165217
1.17 -0.0135014 -0.0985432 0.0387839 0.0410667
1.18 -0.0118918 0.0344042 0.0189159 0.0223434
1.19 -0.0115397 -0.0509095 0.0123432 0.0168973
1.2 -0.0112491 -0.0598686 0.0123429 0.0167
1.21 0.00149293 -0.0587517 0.0511329 0.0511547
1.22 -0.0156586 -0.0259505 0.0254672 0.029896
1.23 -0.0143018 -0.120684 -0.0137387 0.0198317
1.24 -0.00734083 -0.062202 -0.00715781 0.0102529
1.25 -0.0151803 -0.160083 -0.00104333 0.0152161
1.26 -0.0106209 -0.113709 -0.0132585 0.0169879
1.27 -0.0143228 -0.155996 0.0310804 0.0342218
1.28 -0.0145278 -0.0980242 -0.000335026 0.0145316
1.29 -0.0107132 -0.113991 0.00632157 0.0124392
1.3 -0.0068568 -0.0359167 0.000226064 0.00686052
1.31 -0.0214267 -0.200954 0.00555027 0.0221339
1.32 -0.0118854 0.00280754 0.0195872 0.0229112
1.33 -0.0200739 -0.193093 0.0639312 0.0670086
1.34 -0.0227268 -0.00845037 0.0327758 0.0398843
1.35 -0.0114494 0.0430199 0.012466 0.016926
1.36 -0.00687075 -0.0715534 -0.0195838 0.0207541
1.37 -0.020002 -0.032738 0.0381803 0.0431024
1.38 -0.0204697 -0.148229 0.0641231 0.0673111
1.39 -0.0238238 -0.0519167 -0.0199683 0.0310855
1.4 -0.0147975 -0.0980556 -0.0257823 0.029727
1.41 -0.0177466 -0.198859 -0.0201011 0.0268141
1.42 -0.0145593 -0.0893237 0.0388319 0.0414716
1.43 -0.00675509 -0.00489718 0.0580309 0.0584228
1.44 0.000359863 -0.0982146 0.0186001 0.0186036
1.45 -0.0181365 -0.216079 -0.00149631 0.0181981
1.46 0.00911211 -0.138557 -0.00177451 0.00928329
1.47 -0.0217477 -0.13395 0.025224 0.0333048
1.48 -0.0124614 0.0161564 0.0131662 0.0181283
1.49 -0.0218679 -0.182865 -0.00115425 0.0218984
1.5 -0.00206706 -0.114182 -0.0135013 0.0136586
1.51 -0.0103921 -0.104785 -0.013685 0.0171836
1.52 -0.0134939 -0.129818 -0.0130513 0.0187729
1.53 -0.0122211 -0.0723416 -0.0138667 0.0184835
1.54 -0.0139938 -0.10264 0.0064652 0.0154151
1.55 -0.0113748 -0.104375 0.0186392 0.0218359
1.56 -0.0170102 0.0860573 -0.0061731 0.0180957
1.57 -0.0265468 -0.126358 0.00532282 0.0270752
1.58 -0.0174676 -0.12263 0.0186618 0.0255613
1.59 -0.0136556 -0.174105 0.0180427 0.0226277
1.6 -0.0165328 -0.0523209 0.0255238 0.0304105
1.61 -0.0111115 -0.0780916 0.0123364 0.0166027
1.62 0.00427886 -0.0870472 -0.0200822 0.020533
1.63 -0.0104902 -0.113688 -0.00735916 0.0128141
1.64 -0.0162502 -0.177799 0.018936 0.0249528
1.65 -0.0153448 -0.0707863 0.00599786 0.0164753
1.66 -0.0104983 -0.0916803 0.0190982 0.0217935
1.67 6.13038e-05 -0.0711716 0.0507592 0.0507592
1.68 -0.0109469 -0.144749 -0.00104334 0.0109965
1.69 -0.0129684 0.0749313 0.0320115 0.0345386
1.7 -0.0297505 -0.129001 -0.0195892 0.0356206
1.71 -0.002973 -0.0649285 0.0251501 0.0253253
1.72 -0.0154942 -0.0443811 -0.0129856 0.0202162
1.73 -0.02247 -0.0438951 0.0121596 0.0255491
1.74 0.0369242 -0.165585 -0.533642 0.534918
1.75 0.107444 -0.147567 -1.3016 1.30603
1.76 0.207811 -0.39997 -1.28434 1.30104
1.77 0.263163 -0.456708 -1.10097 1.13199
1.78 0.264469 -0.493762 -0.830524 0.871615
1.79 0.26566 -0.458506 -0.739513 0.785783
1.8 0.255548 -0.425199 -0.816788 0.855832
1.81 0.23108 -0.444815 -1.00968 1.03579
1.82 0.186648 -0.434672 -1.2404 1.25437
1.83 0.132758 -0.565965 -1.41431 1.42053
1.84 0.129248 -0.554706 -1.54923 1.55461
1.85 0.13708 -0.442997 -1.75624 1.76158
1.86 0.166598 -0.483403 -1.85965 1.8671
1.87 0.193256 -0.405549 -1.86736 1.87733
1.88 0.204194 -0.403741 -1.93045 1.94122
1.89 0.199138 -0.498275 -1.93095 1.94119
1.9 0.201422 -0.563077 -2.25453 2.26351
1.91 0.191208 -0.426814 -2.3089 2.3168
1.92 0.189607 -0.466195 -2.41295 2.42039
1.93 0.22701 -0.471142 -2.50507 2.51534
1.94 0.239416 -0.470455 -2.69412 2.70474
1.95 0.293744 -0.575095 -2.87105 2.88604
1.96 0.344865 -0.562106 -3.03426 3.0538
1.97 0.373665 -0.549052 -3.09385 3.11633
1.98 0.400921 -0.663728 -3.19309 3.21816
1.99 0.406385 -0.68523 -3.36828 3.3927
2 0.429642 -0.663456 -3.47811 3.50455
2.01 0.443418 -0.729379 -3.56345 3.59093
2.02 0.417466 -0.69054 -3.72313 3.74646
2.03 0.403015 -0.461704 -3.91495 3.93563
2.04 0.356572 -0.713275 -4.15404 4.16931
2.05 0.346093 -0.651493 -4.39152 4.40514
2.06 0.324963 -0.717931 -4.65013 4.66147
2.07 0.324127 -0.730345 -4.83786 4.8487
2.08 0.365074 -0.719022 -5.03252 5.04574
2.09 0.389086 -0.652426 -5.26632 5.28067
2.1 0.396875 -0.763635 -5.59616 5.61022
2.11 0.379514 -0.766299 -5.82169 5.83405
2.12 0.391054 -0.821366 -6.0801 6.09267
2.13 0.372841 -0.766407 -6.23974 6.25087
2.14 0.426781 -0.768209 -6.31707 6.33147
2.15 0.478156 -0.693575 -6.40813 6.42595
2.16 0.541925 -0.742285 -6.51315 6.53566
2.17 0.59318 -0.707299 -6.60522 6.6318
2.18 0.593097 -0.694875 -6.66291 6.68926
2.19 0.611414 -0.760465 -6.72752 6.75525
2.2 0.613125 -0.579393 -6.9083 6.93545
2.21 0.64481 -0.603492 -7.01295 7.04253
2.22 0.682779 -0.67256 -7.10445 7.13718
2.23 0.715298 -0.773276 -7.27429 7.30937
2.24 0.756355 -0.705948 -7.3859 7.42452
2.25 0.820858 -0.755042 -7.44709 7.49219
2.26 0.850673 -0.760937 -7.65691 7.70402
2.27 0.909596 -0.899849 -7.92042 7.97248
2.28 0.991005 -0.972601 -8.14456 8.20463
2.29 1.00017 -1.14895 -8.29664 8.35671
2.3 0.797529 -0.767334 -6.45017 6.49928
2.31 0.876376 -0.634177 -4.66853 4.75007
2.32 0.881079 -0.394879 -4.19516 4.28668
2.33 1.20185 -0.499332 -11.4926 11.5553
2.34 0.180264 -0.767256 -10.7253 10.7268
2.35 1.12669 -1.3171 -9.08112 9.15075
2.36 1.62259 -1.50274 -6.46106 6.66169
2.37 1.86039 -1.45662 -5.2535 5.57318
2.38 1.92781 -1.5334 -4.56553 4.95585
2.39 1.78246 -1.56782 -4.13879 4.5063
2.4 1.31948 -1.40303 -3.72399 3.95084
2.41 0.932182 -1.35258 -3.11478 3.25128
2.42 0.644149 -0.856616 -2.39032 2.47559
2.43 0.447738 -0.698976 -1.60366 1.665
2.44 0.320234 -0.695573 -1.06204 1.10927
2.45 0.239241 -0.534848 -0.629277 0.67322
2.46 0.15638 -0.458707 -0.264911 0.307624
2.47 0.0698651 -0.208935 -0.0213809 0.0730635
2.48 -0.0231067 -0.0483224 0.0713677 0.0750151
2.49 -0.0316295 -0.0163322 0.0450264 0.0550255
2.5 -0.0118643 0.00306523 0.0446556 0.0462048
2.51 -0.000762327 -0.0883666 0.00536144 0.00541537
2.52 -0.00917647 -0.190581 0.00544441 0.01067
2.53 -0.00347472 -0.113316 -0.00144485 0.00376314
2.54 -0.00615009 -0.267822 -0.00863721 0.0106031
2.55 -0.00345762 -0.0778415 -0.0139495 0.0143716
2.56 -0.0219731 -0.12432 -0.00730109 0.0231543
2.57 -0.0015664 0.0188308 -0.0130053 0.0130993
2.58 -0.0242469 -0.0521049 0.00620905 0.0250293
2.59 -0.00715314 -0.187376 -0.0336687 0.0344201
2.6 -0.0131702 -0.0407182 -0.0393262 0.0414729
2.61 -0.0115398 -0.0999321 -0.0206699 0.023673
2.62 -0.0277387 -0.143381 -0.00756616 0.028752
2.63 -2.09501e-05 0.0449813 0.0125317 0.0125318
2.64 -0.0139978 -0.19678 0.0184438 0.0231541
2.65 -0.00490027 -0.041208 -0.0200973 0.0206861
2.66 -0.0163052 -0.0565869 0.00542095 0.0171827
2.67 -0.00339396 -0.0823932 0.00503812 0.00607468
2.68 0.000432573 -0.11581 0.00530745 0.00532505
2.69 -0.0241102 -0.0742316 -0.0132352 0.0275041
2.7 -0.0217115 -0.138093 0.00612769 0.0225596
2.71 -0.00957729 -0.217378 0.03753 0.0387328
2.72 -0.0116466 -0.0775404 0.012352 0.0169769
2.73 -0.0109252 -0.117928 0.0119849 0.0162173
2.74 -0.0112462 -0.180081 0.0046793 0.0121808
2.75 -0.00802472 -0.0663768 0.0380603 0.0388971
2.76 -0.0143773 -0.120526 0.0380856 0.0407089
2.77 -0.00341401 -0.104334 0.0181414 0.0184599
2.78 -0.0188222 -0.135874 0.0380474 0.0424486
2.79 -0.00328953 -0.105087 -0.00061635 0.00334677
2.8 -0.0230855 -0.0796305 -0.000247875 0.0230869
2.81 -0.0107009 -0.154101 0.0314114 0.0331841
2.82 -0.0153862 -0.0487012 -0.000200108 0.0153875
2.83 -0.0129921 -0.00497635 -0.00721457 0.0148609
2.84 -0.014738 -0.0754182 0.0184269 0.0235957
2.85 -0.00966502 -0.136551 -0.000797868 0.00969789
2.86 -0.018555 -0.108776 0.00612465 0.0195397
2.87 -0.00579569 -0.165529 0.0439066 0.0442874
2.88 -0.019022 -0.189007 -0.00796876 0.0206237
2.89 -0.0197577 -0.0591651 0.00638361 0.0207634
2.9 -0.0231601 -0.0793116 0.0253234 0.0343171
2.91 -0.0185043 -0.10921 0.0129381 0.0225788
2.92 -0.0173449 -0.252397 0.0303784 0.0349813
2.93 -0.0151131 -0.026534 0.0642393 0.0659931
2.94 -0.0219188 -0.182592 0.0182852 0.0285444
2.95 -0.0113153 -0.0644425 0.0254311 0.0278348
2.96 -0.0177111 -0.127134 0.0381143 0.0420283
2.97 -0.0263964 -0.113009 0.031942 0.0414375
2.98 -0.0388555 -0.0833382 0.0122781 0.0407493
2.99 -0.0111783 -0.0960176 0.0320018 0.0338979
3 -0.0195699 -0.0817454 0.0188921 0.027201
3.01 -0.00768113 0.0227573 0.0321406 0.0330457
3.02 -0.0151814 -0.0841946 0.0511297 0.053336
3.03 -0.0112342 -0.100282 0.00623264 0.0128473
3.04 -0.0221498 -0.120328 -0.00663835 0.0231232
3.05 -0.0163859 0.00565435 0.038833 0.0421485
3.06 -0.00740707 -0.133557 0.0053876 0.0091592
3.07 0.000156577 -0.0712131 0.0251176 0.0251181
3.08 -0.024789 -0.212395 0.0441473 0.0506308
3.09 -0.0193405 0.0121939 0.0385628 0.043141
3.1 -0.0146183 -0.115904 0.0254622 0.0293601
3.11 -0.00748037 -0.0625323 0.0258003 0.0268628
3.12 -0.00664276 -0.142923 0.012277 0.0139589
3.13 -0.00580068 -0.147426 -0.00764061 0.00959306
3.14 -0.00702233 -0.115692 -0.00109421 0.00710707
3.15 -0.0113917 -0.0465249 0.0447852 0.0462113
3.16 -0.00742872 -0.0845095 0.0696709 0.0700659
3.17 -0.0220812 -0.222935 0.0185392 0.0288319
3.18 -0.0178836 -0.167626 0.0509733 0.0540195
3.19 -0.0127307 -0.0321211 0.0379306 0.04001
3.2 -0.0232576 -0.0616518 0.0196092 0.030421
3.21 -0.00628727 -0.116519 0.0126471 0.0141237
3.22 -0.0116775 -0.0328478 0.0386026 0.0403302
3.23 -0.0183858 -0.033267 0.0322241 0.0371003
3.24 -0.00909599 -0.0341622 -0.000956398 0.00914613
3.25 -0.0184257 -0.144746 0.0249398 0.031008
3.26 -0.0254996 -0.135867 0.0189936 0.031796
3.27 -0.00807686 -0.0615355 0.00535386 0.00969017
3.28 -0.012786 -0.000393228 -0.000754904 0.0128083
3.29 -0.0148086 -0.0930207 0.0441539 0.046571
3.3 -0.00361145 -0.104702 0.050829 0.0509571
3.31 -0.011927 -0.354036 -0.00155323 0.0120277
3.32 -0.00727875 -0.10665 0.00530841 0.00900886
3.33 -0.00356829 -0.0735193 0.0318325 0.0320319
3.34 -0.0181319 -0.131227 -0.0137135 0.0227338
3.35 -0.0184357 -0.118311 0.000365575 0.0184393
3.36 -0.0106395 -0.109126 0.038082 0.0395403
3.37 0.00105981 -0.116241 0.0119647 0.0120116
3.38 -0.0222689 -0.0977617 0.0450494 0.0502529
3.39 -0.0215049 -0.165437 0.0186872 0.0284898
3.4 -0.0179192 -0.207444 0.011796 0.0214533
3.41 -0.00736756 -0.0847743 0.0387414 0.0394358
3.42 -0.0142532 -0.115915 0.0252679 0.0290107
3.43 -0.00336227 -0.122367 0.0311721 0.0313529
3.44 -0.0189413 -0.0198019 0.0519858 0.0553289
3.45 -0.0142398 -0.106841 0.0571178 0.0588661
3.46 -0.00256418 -0.11391 0.0371323 0.0372207
3.47 -0.0262964 -0.153612 0.0127946 0.0292438
3.48 -0.00448334 -0.0325448 0.0381527 0.0384152
3.49 -0.0141687 -0.129457 0.0188079 0.0235476
3.5 -0.0225873 -0.034843 0.0381101 0.0443009
3.51 -0.0192896 0.0119207 0.0191234 0.0271623
3.52 -0.0203142 -0.0854542 0.0185089 0.0274817
3.53 -0.0186776 -0.0998738 -0.0138879 0.023275
3.54 0.000589661 -0.0936772 0.018928 0.0189372
3.55 -0.00593302 -0.179052 -0.00137859 0.00609108
3.56 -0.00768303 -0.0848769 -0.00675672 0.0102314
3.57 -0.0196631 -0.108409 -0.000879405 0.0196827
3.58 -0.0294941 -0.254189 0.0180969 0.0346035
3.59 -0.012307 -0.0280095 0.00605242 0.0137147
3.6 -0.0184971 -0.144589 0.0181966 0.0259472
3.61 -0.0110229 -0.0910003 0.031648 0.0335127
3.62 -0.00345496 -0.1132 0.0247379 0.024978
3.63 -0.014514 -0.178353 0.0121719 0.0189424
3.64 -0.0177981 -0.247789 0.0177169 0.025113
3.65 -0.0218283 -0.164711 -0.00751198 0.0230847
3.66 -0.0102582 -0.225619 0.0309959 0.0326493
3.67 -0.0172233 -0.114383 0.0449001 0.0480901
3.68 -0.017124 -0.159071 0.0577071 0.0601942
3.69 -0.000614975 -0.097194 0.0432669 0.0432713
3.7 -0.00221562 -0.122832 0.0374026 0.0374682
3.71 -0.00328118 -0.0955076 0.044471 0.0445918
3.72 -0.00376721 -0.0776307 0.0188299 0.0192031
3.73 -0.0058848 -0.120693 0.0184951 0.0194087
3.74 -0.0129124 -0.170557 0.0446788 0.0465073
3.75 -0.0105466 -0.104922 0.0128004 0.0165856
3.76 -0.0221514 -0.173434 -0.00769689 0.0234505
3.77 -0.0114953 0.0519151 0.0451604 0.0466005
3.78 -0.017801 -0.154302 0.0636735 0.066115
3.79 -0.0270215 -0.05933 0.0252289 0.0369683
3.8 -0.0116097 0.0116217 0.0320358 0.0340746
3.81 -0.0321609 -0.288193 0.00484926 0.0325244
3.82 -0.0381433 -0.0388405 0.0194742 0.042827
3.83 -0.0156308 0.023025 -0.00621909 0.0168226
3.84 -0.0173837 -0.172164 0.0251176 0.0305465
3.85 -0.018483 -0.0955802 0.00629064 0.0195241
3.86 -0.0118439 -0.0417561 0.0058708 0.0132191
3.87 -0.0168496 -0.0298017 0.0573932 0.0598154
3.88 -0.0116384 -0.0505254 0.0189077 0.0222025
3.89 -0.010401 -0.109501 0.051066 0.0521145
3.9 -0.0248392 -0.185398 0.0252932 0.0354504
3.91 -0.00247581 -0.122895 0.0507425 0.0508029
3.92 -0.0139057 -0.17402 0.0187781 0.0233663
3.93 -0.0137033 -0.147611 0.0445199 0.0465811
3.94 -0.0173999 -0.0339362 0.0248039 0.0302984
3.95 -0.00714348 -0.164768 -0.00121941 0.00724681
3.96 -0.0231808 -0.0569492 0.0190552 0.0300075
3.97 -0.00774503 -0.088656 0.00585011 0.00970614
3.98 -0.0110019 -0.0692002 0.0196591 0.0225282
3.99 -0.0247266 -0.150146 0.0385391 0.0457894
4 -0.0259679 -0.0468655 0.0455773 0.0524559
4.01 -0.0184985 -0.0911592 0.0253166 0.0313548
4.02 -0.00638158 -0.116317 0.0120357 0.0136229
4.03 -0.0107422 -0.0331654 0.018542 0.021429
4.04 -0.00827394 -0.056863 0.03792 0.0388122
4.05 -0.0229837 -0.035239 0.0258406 0.034583
4.06 -0.0196605 -0.0193305 0.012402 0.0232453
4.07 -0.014821 -0.0755508 0.0254025 0.02941
4.08 -0.0116326 -0.0419036 0.0321619 0.0342009
4.09 -0.0184348 -0.0825002 0.038842 0.0429947
4.1 -0.0225601 -0.249866 -0.00096765 0.0225808
4.11 -0.00392075 -0.0867346 -0.00742931 0.00840042
4.12 -0.0113131 -0.0688499 0.051324 0.0525561
4.13 -0.0292466 -0.147254 0.00534857 0.0297317
4.14 -0.0158237 0.0273544 0.0454247 0.0481019
4.15 -0.0233427 -0.0973123 0.0444477 0.0502044
4.16 -0.00316239 -0.118094 0.0179217 0.0181986
4.17 -0.00324319 -0.0913618 -0.01451 0.0148681
4.18 -0.0183928 -0.0912329 0.0384622 0.0426337
4.19 -0.0408726 -0.131313 0.00724756 0.0415102
4.2 -0.00331553 -0.055515 -0.00680159 0.00756666
4.21 -0.0156406 -0.0574383 0.0638112 0.0657001
4.22 -0.0159483 0.0321919 0.0322275 0.0359577
4.23 -0.0113559 -0.0864995 0.0123517 0.0167786
4.24 -0.00824196 -0.0750121 0.024768 0.0261033
4.25 -0.00641163 -0.160885 0.017829 0.0189468
4.26 -0.0224996 -0.106203 0.0252845 0.0338458
4.27 -0.0258768 -0.0864993 0.0446139 0.0515752
4.28 -0.0148238 -0.107135 0.0124253 0.0193425
4.29 -0.0151606 -0.0355296 -0.000266552 0.0151629
4.3 -0.0157418 -0.0752667 0.0256828 0.0301232
4.31 -0.0225208 -0.142311 0.0120175 0.0255266
4.32 -0.0146701 -0.0848612 0.0834995 0.0847784
4.33 -0.000338468 -0.048445 0.0119596 0.0119644
4.34 -0.00624233 -0.125575 0.00620638 0.0088026
4.35 -0.0120232 -0.0415042 0.0194109 0.0228329
4.36 -0.014415 -0.142906 0.0189447 0.0238053
4.37 -0.0190909 -0.077293 0.0184845 0.0265733
4.38 -0.0144562 -0.12066 -0.0135063 0.0197838
4.39 -0.00830149 -0.0440789 -0.0134355 0.0157933
4.4 -0.016187 -0.0833983 0.0119406 0.0201146
4.41 -0.00324621 -0.09134 0.0189189 0.0191953
4.42 -0.015154 -0.07105 0.00610626 0.016338
4.43 -0.00791568 -0.0441535 0.0639444 0.0644324
4.44 0.0042441 -0.0913954 0.0568614 0.0570196
4.45 -0.0124252 -0.103791 -0.0394865 0.0413953
4.46 -0.0118265 0.0388173 0.0320807 0.0341912
4.47 -0.0105226 -0.104987 0.0318072 0.0335026
4.48 -0.0221623 -0.11623 0.00632611 0.0230475
4.49 -0.026952 -0.00998063 0.0447937 0.052277
4.5 -0.0181812 -0.100487 0.013123 0.0224225
4.51 -0.0236813 0.0145318 0.0192001 0.0304869
4.52 -0.0153202 -0.0350207 0.0383419 0.0412893
4.53 -0.0148794 -0.0889405 0.0317092 0.0350267
4.54 -0.00916535 -0.253311 0.0117343 0.0148895
4.55 -0.00698016 -0.10731 0.0125009 0.0143176
4.56 -0.0227633 -0.097632 0.03823 0.0444938
4.57 -0.0261982 -0.0421154 0.0454881 0.052493
4.58 -0.0226579 -0.133376 0.0117854 0.0255397
4.59 -0.00433192 -0.0949441 0.0114838 0.0122737
4.6 -0.0168824 -0.18599 -0.000976171 0.0169106
4.61 0.00124164 -0.147604 0.0374719 0.0374925
4.62 -0.00801106 -0.146363 -0.0270779 0.0282381
4.63 -0.019593 -0.0551367 0.0129838 0.0235046
4.64 -0.0193579 -0.0683796 0.012353 0.0229635
4.65 -0.0159419 -0.0257876 -0.00645273 0.0171984
4.66 -0.0115662 -0.0865332 0.0374522 0.0391975
4.67 -0.0207817 -0.246063 0.0308759 0.0372183
4.68 -0.0188968 -0.157853 -0.00768723 0.0204006
4.69 -0.00514517 -0.175453 0.070447 0.0706347
4.7 -0.0272884 -0.0504166 0.0190974 0.0333072
4.71 -0.0181947 -0.113504 0.0121132 0.0218581
4.72 -0.0224696 -0.106914 0.0321682 0.0392388
4.73 0.00396841 -0.0826126 -0.0203717 0.0207546
4.74 -0.0133332 -0.268156 0.0306005 0.0333791
4.75 -0.0149053 0.0313167 0.0455045 0.0478835
4.76 -0.0131721 0.101952 0.0133904 0.0187832
4.77 -0.00726262 -0.0713355 0.0190568 0.0203938
4.78 -0.0267744 -0.0994521 0.0190865 0.032881
4.79 -0.0181024 -0.122651 -0.00659112 0.019265
4.8 -0.0131645 -0.192628 0.0315613 0.0341968
4.81 -0.00223154 -0.118391 0.03129 0.0313695
4.82 -0.0066477 -0.0715922 0.0443806 0.0448757
4.83 -0.0188924 -0.0958016 0.012687 0.0227571
4.84 -0.0259212 -0.113114 0.0114644 0.0283432
4.85 -0.012046 -0.0683454 0.0315212 0.0337445
4.86 -0.0274621 0.00796158 0.000145853 0.0274625
