0 -0.0164245 0.0678166 -0.0122352 0.0204808
0.01 0.010577 0.0120011 -0.0139787 0.0175293
0.02 0.0120891 -0.0741331 0.0184053 0.0220205
0.03 -0.0056905 0.0485205 -0.0197134 0.0205183
0.04 -0.00767993 -0.0223407 -0.00657388 0.0101093
0.05 0.00309702 -0.0106154 -0.00679559 0.00746803
0.06 -0.0224665 -0.16945 -0.0265827 0.0348049
0.07 -3.89628e-05 0.0404783 -0.0128965 0.0128966
0.08 -0.00699859 -0.0582223 -0.0320604 0.0328153
0.09 -2.70639e-05 -0.0222513 -0.00660673 0.00660679
0.1 -0.00813947 -0.066431 0.01238 0.014816
0.11 -0.00854827 -0.0879742 -0.0458351 0.0466254
0.12 -0.014121 0.00399646 0.0327693 0.0356823
0.13 -0.00331093 -0.0556762 -0.0391167 0.0392566
0.14 0.0119347 -0.0741089 0.0186378 0.0221315
0.15 0.00774201 -0.0221068 0.0190401 0.0205539
0.16 -0.00385655 0.0246996 -0.00627737 0.00736738
0.17 -0.0115804 0.0605979 0.000349525 0.0115857
0.18 -0.0121456 0.0874475 -0.0252531 0.028022
0.19 0.0033777 -0.00635114 -0.0259072 0.0261265
0.2 0.00874733 -0.0849557 -0.0207137 0.022485
0.21 -0.000720821 -0.0488533 -0.0452294 0.0452352
0.22 0.00378576 -0.0152753 0.0249114 0.0251974
0.23 0.00372767 0.0112508 0.0126009 0.0131407
0.24 -0.00065152 -0.0128757 0.00605109 0.00608606
0.25 -0.000156416 -0.0315607 -0.0127448 0.0127457
0.26 -0.014775 -0.0977971 -0.000714603 0.0147922
0.27 -0.0159241 -0.302639 0.0180346 0.0240587
0.28 -0.000440062 0.0580041 -0.0253217 0.0253256
0.29 0.00155843 -0.10334 0.00614548 0.00634001
0.3 -0.00963021 0.0333328 -0.0266509 0.0283374
0.31 0.0107712 -0.0195361 -0.00713738 0.0129213
0.32 0.00161315 -0.0454854 0.0127818 0.0128831
0.33 -0.00999293 -0.0473575 -0.00605834 0.011686
0.34 -0.00264187 -0.0650009 -0.00658505 0.00709524
0.35 -0.00206182 -0.074608 -0.0130414 0.0132034
0.36 0.0113888 -0.0425749 -0.0329287 0.0348426
0.37 -0.016917 0.0729875 -0.0191766 0.025572
0.38 -0.0107753 -0.154557 -0.0262419 0.028368
0.39 -0.0196626 -0.041446 -0.0517287 0.0553397
0.4 -0.00958144 -0.235267 -0.00110205 0.00964461
0.41 -7.01472e-06 0.0129003 -0.0251729 0.0251729
0.42 -0.00762227 -0.062058 -0.0139397 0.0158876
0.43 -0.01879 -0.0779528 0.0256769 0.0318178
0.44 -0.0045622 -0.0326787 -0.0134397 0.014193
0.45 0.00730609 -0.0312272 0.0122526 0.0142655
0.46 0.00160677 -0.0900991 0.0124433 0.0125466
0.47 -0.0113827 0.0153652 0.032845 0.0347615
0.48 -0.00250486 -0.119216 0.00632418 0.00680217
0.49 0.00183171 -0.192873 -0.0200647 0.0201481
0.5 -0.0177387 -0.154245 -0.0197626 0.026556
0.51 -0.00604525 0.0262005 -0.0520379 0.0523879
0.52 -0.00111137 0.125942 0.00659901 0.00669194
0.53 -0.0113417 -0.0199111 0.0193672 0.0224438
0.54 -0.003443 -0.0516325 0.00673615 0.00756505
0.55 0.00273521 0.114466 -0.00623497 0.00680854
0.56 -0.001739 -0.18185 -0.0201594 0.0202343
0.57 0.000577904 0.0133552 -0.00673343 0.00675819
0.58 -0.0296593 -0.147273 -0.00621768 0.030304
0.59 -0.0170987 0.00157673 -0.0323109 0.0365563
0.6 0.005417 -0.0523132 0.0322814 0.0327328
0.61 0.000104656 -0.0266172 4.6975e-05 0.000114715
0.62 0.000962028 -0.0715528 -0.000842325 0.00127867
0.63 -0.0143242 -0.0714342 -0.0259854 0.029672
0.64 -0.00363337 -0.0151961 -0.0576802 0.0577945
0.65 0.00425074 -0.0612325 -0.0255115 0.0258632
0.66 -0.00218235 -0.114416 0.0122106 0.0124041
0.67 0.00813228 -0.00490677 0.0255739 0.0268358
0.68 0.0107712 -0.0195361 -0.00713738 0.0129213
0.69 -0.0175404 -0.163486 -0.00018284 0.0175413
0.7 -0.00303876 -0.0693202 -0.0131531 0.0134996
0.71 -0.00676082 -0.0626816 0.0128775 0.0145444
0.72 -0.00661023 -0.0718112 0.0195823 0.0206679
0.73 -0.00665586 -0.121045 -0.0323672 0.0330445
0.74 -0.00694725 -0.11617 -0.000412491 0.00695949
0.75 -0.0102287 -0.0606776 0.00661254 0.01218
0.76 -0.0078317 -0.0399156 -0.000124278 0.00783268
0.77 0.000483192 -0.0494613 0.0126638 0.012673
0.78 -0.0149223 -0.0665315 0.0315727 0.0349215
0.79 -0.0123885 0.0386401 0.0135709 0.0183751
0.8 -0.00399942 0.0155844 -0.018888 0.0193068
0.81 9.30806e-05 -0.0665003 -0.0201235 0.0201238
0.82 -0.00353092 -0.0735981 0.00592039 0.00689336
0.83 -0.0198738 0.00363914 -0.0130524 0.0237767
0.84 -0.000694901 -0.0438775 -0.026344 0.0263532
0.85 0.00314215 -0.00629941 -0.0449521 0.0450618
0.86 -0.00719398 -0.142811 -0.0199522 0.0212095
0.87 -0.0107854 -0.109426 -0.0263152 0.0284396
0.88 0.00756431 0.0356378 -0.025683 0.0267738
0.89 0.00312782 -0.0554691 -0.00679323 0.00747872
0.9 -0.000177872 -0.0359225 0.01928 0.0192808
0.91 0.0122526 -0.0738277 -0.0458237 0.0474335
0.92 -0.00725499 -0.0265403 -0.0319969 0.0328091
0.93 -0.00617852 -0.0540565 0.0259755 0.0267002
0.94 0.00850466 -0.0363529 -0.000202055 0.00850706
0.95 0.00138225 -0.201799 -0.0333255 0.0333541
0.96 -0.00811838 -0.0526208 -0.045659 0.0463752
0.97 0.00438989 -0.0785184 0.0314562 0.031761
0.98 0.00132048 -0.112253 -0.00707657 0.00719871
0.99 -0.0106399 0.00197912 -0.00588531 0.0121591
1 0.0120368 -0.0200886 -0.0326803 0.0348265
1.01 -0.0254194 0.00250085 -0.0583539 0.06365
1.02 -0.00290807 -0.0692987 -0.00725379 0.00781501
1.03 -0.0185028 -0.0515535 -0.0130106 0.0226193
1.04 -0.00697648 -0.0314211 0.00610652 0.00927151
1.05 -0.0195196 0.0383548 -0.0191375 0.027336
1.06 -0.00986114 -0.216731 -0.0145826 0.0176038
1.07 -0.00840582 -0.0215257 -0.00666728 0.010729
1.08 -0.00800182 0.00885203 -0.025376 0.0266077
1.09 -0.0103153 -0.145502 -0.00044758 0.010325
1.1 0.000954709 -0.0401168 0.0247393 0.0247577
1.11 0.0024367 -0.130883 0.0191602 0.0193145
1.12 -0.00529606 0.127953 -0.0441969 0.044513
1.13 -0.0149014 -0.0528823 -0.000213973 0.014903
1.14 -0.00216348 -0.11918 0.0122617 0.0124511
1.15 -0.0150268 -0.0265424 -0.00019003 0.015028
1.16 -0.0190069 0.0295381 -0.00656546 0.0201089
1.17 -0.00974171 -0.167815 0.0117963 0.0152988
1.18 -0.00337494 -0.0646574 -0.000134905 0.00337763
1.19 -0.00503946 0.0252235 0.0385453 0.0388733
1.2 -0.0132959 -0.144099 0.00664981 0.0148661
1.21 0.00873184 -0.0673239 -0.00714994 0.0112857
1.22 -0.010766 -0.0783587 -0.0129262 0.0168224
1.23 -0.0041444 0.0426035 0.0130386 0.0136814
1.24 -0.000804331 0.0674428 -0.0260038 0.0260163
1.25 0.000394085 -0.00462546 -0.0127477 0.0127538
1.26 0.00376386 -0.0155326 -0.000156873 0.00376713
1.27 -0.00459005 0.0118518 -0.0195036 0.0200365
1.28 0.00107697 -0.1205 -0.0333148 0.0333322
1.29 -0.003504 -0.0288682 0.0324415 0.0326302
1.3 -0.00935629 0.0729564 -0.0258823 0.0275215
1.31 0.00648848 0.0761645 -0.0125875 0.0141614
1.32 -0.00199214 -0.275744 -0.033699 0.0337579
1.33 0.000217763 -0.027035 -0.0262979 0.0262988
1.34 -0.0035089 -0.055884 -0.0326822 0.03287
1.35 -0.00348877 -0.0689589 -0.0261753 0.0264067
1.36 -0.0104044 -0.0780261 -0.0321982 0.0338375
1.37 -0.0148318 -0.0486512 0.00577551 0.0159166
1.38 -0.00271973 -0.141526 -0.00645248 0.00700224
1.39 0.00806065 -0.0312938 0.0057321 0.00989096
1.4 -0.00802824 -0.0482735 -0.0134875 0.015696
1.41 -0.00290546 -0.0337904 2.19545e-05 0.00290554
1.42 0.000208851 -0.0890653 -0.0132439 0.0132456
1.43 -0.00461791 0.0337427 -0.0192283 0.0197751
1.44 -0.0125206 0.0298148 -0.0127592 0.0178763
1.45 -0.0126728 -0.0235909 -0.0196468 0.0233794
1.46 -0.00470361 0.0205804 0.000386014 0.00471942
1.47 -0.00577239 -0.14389 -0.000396781 0.00578601
1.48 0.0057393 -0.00294786 -0.0267677 0.0273761
1.49 -0.0108207 -0.126784 -0.0204388 0.0231265
1.5 -0.00798527 -0.0398918 0.000108154 0.00798601
1.51 -0.00589308 -0.0809248 0.0124824 0.0138035
1.52 -0.00663593 -0.0539861 -0.0318946 0.0325777
1.53 -0.0110434 -0.0867086 -0.0204283 0.0232222
1.54 -0.0185589 -0.0465497 -0.0134025 0.0228924
1.55 -0.0031464 -0.051809 -0.00626287 0.00700881
1.56 0.00744093 -0.0357551 -0.0134088 0.0153351
1.57 -0.00755128 -0.151616 -0.0265394 0.0275928
1.58 -0.004405 0.0961306 0.00724559 0.00847953
1.59 0.0036387 -0.0466871 -0.000438401 0.00366502
1.6 -0.00399862 -0.0285577 -0.0257701 0.0260784
1.61 -0.00809965 -0.0349059 -0.0256935 0.02694
1.62 -0.0151993 -0.0311839 0.000867021 0.015224
1.63 0.00166608 0.0396795 -0.058378 0.0584018
1.64 -0.00761922 -0.0133586 0.0130124 0.015079
1.65 0.0123616 -0.0742441 -0.0136005 0.0183788
1.66 -0.0069196 -0.080567 -0.000382956 0.00693019
1.67 -0.0238 -0.0211717 -0.0126415 0.026949
1.68 0.00486358 -0.0562857 0.0320073 0.0323747
1.69 -0.00715471 -0.0446843 -0.00609064 0.00939605
1.7 -0.00577136 -0.094707 0.00636325 0.00859067
1.71 -0.00824828 -0.0658535 -0.0460956 0.0468277
1.72 -0.0112397 -0.0779516 -0.0198166 0.0227822
1.73 -0.000392735 -0.0488041 0.00562697 0.00564066
1.74 -0.00622471 -0.094003 -0.0257353 0.0264774
1.75 0.0117447 -0.047121 -0.0197642 0.0229905
1.76 -0.0035056 0.0115313 -0.00636712 0.00726838
1.77 -0.00794288 -0.0354335 0.0194047 0.0209674
1.78 -0.00596216 -0.117083 0.0125934 0.0139334
1.79 -0.0104163 -0.154082 0.0119398 0.0158448
1.8 -0.0069614 -0.0716731 -0.0262567 0.0271639
1.81 -0.00680585 -0.0759235 -0.0519884 0.052432
1.82 0.00861127 -0.036266 -0.0133095 0.0158524
1.83 -0.0178344 -0.167395 -0.0137974 0.0225485
1.84 -0.00351398 -0.0288555 0.018793 0.0191187
1.85 -0.0158033 -0.0798405 -0.0197971 0.0253312
1.86 -0.0104276 -0.0647892 -0.00639005 0.0122298
1.87 -1.11503e-05 -0.0266919 -0.000494127 0.000494253
1.88 0.00756552 0.00468688 -0.0128893 0.0149456
1.89 -0.00577912 -0.0858911 0.0131448 0.0143591
1.9 -0.00249512 -0.0786878 -0.0199504 0.0201058
1.91 -0.0032108 -0.0645524 0.0121668 0.0125834
1.92 -0.000193754 -0.022053 0.0122917 0.0122932
1.93 7.17757e-05 -0.0801298 -0.0134761 0.0134763
1.94 -0.00770593 0.0272309 -0.0127591 0.0149056
1.95 0.000517184 -0.0491975 -0.032326 0.0323301
1.96 0.000655273 -0.0315895 -0.0189946 0.0190059
1.97 -0.0107389 -0.0334676 -0.012658 0.0165997
1.98 -0.0182239 -0.0647063 -0.0187292 0.0261322
1.99 0.00138236 -0.0633553 -0.00610751 0.006262
2 -0.0109024 0.059733 0.0138209 0.0176034
2.01 0.00763244 -0.0319344 -0.0452567 0.0458958
2.02 -0.0169898 -0.181669 -0.0137616 0.021864
2.03 0.00768329 0.021998 0.0256509 0.0267769
2.04 0.00482178 -0.0473918 0.00613359 0.00780196
2.05 0.00828043 -0.102954 -0.0072563 0.01101
2.06 0.00616207 -0.240458 -0.026812 0.027511
2.07 0.00101553 -0.0363175 -0.0130061 0.0130457
2.08 0.000260162 -0.0761472 -0.013007 0.0130096
2.09 -0.0199199 0.0117384 -0.0384447 0.0432989
2.1 -0.0099484 -0.0696046 -0.0321748 0.0336778
2.11 -0.00703061 -0.0759236 -0.00710694 0.0099969
2.12 -0.000672408 -0.0838387 -0.0138586 0.0138749
2.13 0.00441173 -0.0647085 -0.0265835 0.0269471
2.14 -0.00409307 0.0781613 0.00693637 0.00805397
2.15 -0.0124444 -0.0814279 -0.0457547 0.0474169
2.16 -0.00273954 -0.060713 0.0194165 0.0196089
2.17 -0.00235424 -0.118916 0.0121533 0.0123792
2.18 -0.00702958 -0.0267406 -0.000346916 0.00703813
2.19 -0.000777998 0.0320391 0.00655172 0.00659775
2.2 0.00423889 -0.0157986 0.00561842 0.0070381
2.21 -0.0106158 0.0019137 0.0131215 0.016878
2.22 -0.0186268 -0.113659 -0.000497153 0.0186334
2.23 -0.00206142 -0.0614168 0.00663433 0.00694721
2.24 -0.00676606 -0.0900196 0.000260317 0.00677106
2.25 -0.0140712 -0.0718426 -0.0327824 0.0356747
2.26 0.00359192 -0.0464154 -0.0395664 0.0397291
2.27 0.00767922 -0.0359492 -0.051817 0.0523829
2.28 -0.0156494 0.0493115 -0.0181888 0.0239946
2.29 -0.0034742 -0.0199701 -0.012942 0.0134002
2.3 -0.0070004 -0.0406236 -0.0382775 0.0389124
2.31 -0.000819373 0.0541241 0.000354385 0.000892727
2.32 -0.000306288 0.112069 0.0386078 0.038609
2.33 0.00965303 -0.17965 -0.0204345 0.0225998
2.34 0.00316826 0.0693618 -0.0060861 0.00686138
2.35 -0.0151821 0.0137197 -0.0125133 0.0196744
2.36 -0.00381026 -0.0377858 -0.0198388 0.0202014
2.37 0.00371549 0.0420926 -0.0378662 0.0380481
2.38 -0.00185206 -0.208792 -0.0398606 0.0399036
2.39 0.00525877 -0.1368 -0.032914 0.0333315
2.4 -0.0141344 -0.120881 -0.0326371 0.0355663
2.41 -0.0037607 -0.0554957 -0.000746651 0.00383411
2.42 0.0231851 -0.00903927 -0.0200801 0.0306718
2.43 0.00305998 -0.0196433 -0.0325137 0.0326573
2.44 -0.0108951 -0.0425693 0.0196502 0.0224685
2.45 0.00445708 -0.127355 -0.0138913 0.0145889
2.46 -0.00744955 -0.00445105 -0.0128232 0.0148301
2.47 -0.0136516 -0.0677296 -0.00609316 0.0149497
2.48 -0.0112296 -0.0778032 -0.032421 0.0343107
2.49 -0.0109357 -0.0778371 0.0120337 0.0162603
2.5 -0.000890028 -0.0125009 -0.0069323 0.0069892
2.51 -0.00621123 -0.116837 -0.0129242 0.0143392
2.52 0.00872902 -0.0762686 -0.0264663 0.0278686
2.53 -0.00891611 -0.0169554 -0.0195993 0.0215321
2.54 0.000665824 0.02211 -0.000454841 0.000806351
2.55 -0.0169513 -0.0296888 -0.0645976 0.0667847
2.56 -0.00709386 -0.0581807 -0.00641878 0.00956679
2.57 -0.00011423 -0.0442173 -0.00742318 0.00742405
2.58 -0.0113869 -0.0333141 -0.019245 0.0223614
2.59 0.00948282 -0.0725916 0.012704 0.0158529
2.6 -0.00320132 -0.100054 -0.065167 0.0652456
2.61 -0.0739922 -0.0324774 -0.527682 0.532844
2.62 -0.175699 -0.0847176 -1.17769 1.19073
2.63 -0.16354 -0.287379 -1.28565 1.29601
2.64 -0.0760174 -0.274637 -1.07022 1.07292
2.65 0.0329475 -0.221887 -0.821605 0.822266
2.66 0.0807086 -0.127791 -0.65233 0.657304
2.67 0.102852 -0.114896 -0.702551 0.71004
2.68 0.06879 -0.0756517 -0.991883 0.994265
2.69 0.0175776 -0.136619 -1.22945 1.22958
2.7 -0.0254851 -0.26492 -1.52109 1.52131
2.71 -0.0429428 -0.320448 -1.79857 1.79909
2.72 -0.0733771 -0.180188 -2.02426 2.02559
2.73 -0.0790599 -0.30976 -2.14753 2.14899
2.74 -0.0504294 -0.224122 -2.30854 2.30909
2.75 -0.0665063 -0.268274 -2.49526 2.49615
2.76 -0.0470313 -0.36497 -2.5797 2.58013
2.77 -0.0312941 -0.244815 -2.66426 2.66444
2.78 -0.0511992 -0.291713 -3.04477 3.0452
2.79 -0.00465892 -0.328043 -3.29191 3.29191
2.8 0.0571663 -0.495346 -3.34201 3.3425
2.81 0.15067 -0.402171 -3.1833 3.18686
2.82 0.208414 -0.384309 -3.83248 3.83815
2.83 0.19966 -0.364365 -4.15882 4.16361
2.84 0.250316 -0.487926 -4.33779 4.34501
2.85 0.297546 -0.467977 -4.37348 4.38359
2.86 0.321357 -0.411801 -4.3668 4.37861
2.87 0.316416 -0.43985 -4.49612 4.50724
2.88 0.328735 -0.643283 -4.6656 4.67716
2.89 0.360599 -0.572344 -4.88754 4.90083
2.9 0.351817 -0.664967 -5.08851 5.10066
2.91 0.389378 -0.628867 -5.30276 5.31703
2.92 0.40697 -0.603757 -5.42688 5.44211
2.93 0.433145 -0.672794 -5.66078 5.67733
2.94 0.477121 -0.587872 -5.93928 5.95841
2.95 0.487356 -0.531081 -6.10761 6.12702
2.96 0.47664 -0.734584 -6.27544 6.29352
2.97 0.481775 -0.737209 -6.34596 6.36423
2.98 0.482094 -0.727763 -6.49278 6.51065
2.99 0.465734 -0.655513 -6.51699 6.53361
3 0.463097 -0.720618 -6.68988 6.70588
3.01 0.466776 -0.606424 -6.77794 6.79399
3.02 0.466366 -0.606284 -6.87433 6.89013
3.03 0.465611 -0.539074 -6.97005 6.98558
3.04 0.438099 -0.562565 -7.02089 7.03455
3.05 0.422034 -0.499437 -7.07742 7.08999
3.06 0.43437 -0.586807 -7.1297 7.14292
3.07 0.421059 -0.552401 -7.24477 7.25699
3.08 0.421731 -0.616254 -7.30864 7.3208
3.09 0.442638 -0.531051 -7.37246 7.38574
3.1 0.420273 -0.562624 -7.38557 7.39751
3.11 0.443054 -0.54987 -7.44285 7.45602
3.12 0.446153 -0.628045 -7.59198 7.60508
3.13 0.470676 -0.509027 -7.70865 7.72301
3.14 0.492661 -0.536195 -7.81941 7.83492
3.15 0.518261 -0.587203 -7.95708 7.97394
3.16 0.544409 -0.572337 -8.06149 8.07985
3.17 0.589995 -0.675609 -8.21251 8.23368
3.18 0.583491 -0.582073 -8.40064 8.42088
3.19 0.633613 -0.693473 -8.57044 8.59383
3.2 0.669618 -0.827378 -8.72304 8.7487
3.21 0.755623 -0.835782 -8.8558 8.88798
3.22 0.838699 -0.696061 -9.05912 9.09787
3.23 0.915858 -0.832907 -9.16548 9.21113
3.24 0.97777 -0.786924 -9.25894 9.31043
3.25 0.979746 -0.815192 -9.38248 9.43349
3.26 0.998011 -0.849397 -9.4667 9.51916
3.27 0.939866 -0.788888 -8.88871 8.93826
3.28 0.742742 -0.352136 -5.37259 5.42369
3.29 0.68435 -0.0968902 -4.68079 4.73055
3.3 0.419304 -0.290268 -10.1318 10.1405
3.31 0.423194 -0.75669 -13.0818 13.0886
3.32 1.04288 -0.958645 -11.4724 11.5197
3.33 1.46837 -0.915464 -8.12256 8.25422
3.34 1.51864 -0.888287 -6.59197 6.76464
3.35 1.44387 -0.563353 -5.63335 5.81544
3.36 1.13533 -0.61942 -5.44701 5.56408
3.37 0.645533 -0.75445 -5.34218 5.38104
3.38 0.321633 -0.693858 -4.89868 4.90923
3.39 0.180571 -0.407047 -3.97558 3.97968
3.4 0.136386 -0.47837 -3.00165 3.00475
3.41 0.116522 -0.332031 -2.08606 2.08931
3.42 0.129225 -0.269021 -1.33499 1.34123
3.43 0.0780481 -0.153051 -0.696773 0.70113
3.44 0.0187073 0.0117803 -0.249951 0.25065
3.45 -0.0293441 0.0491568 0.0445258 0.0533256
3.46 -0.0061203 -0.166061 0.0132417 0.0145877
3.47 -0.0081554 -0.155155 -0.033627 0.0346018
3.48 -0.0116173 -0.0285641 -0.0193349 0.0225565
3.49 0.00698739 -0.0484231 -0.0137916 0.0154607
3.5 0.00223068 0.0304085 -0.0138534 0.0140318
3.51 -0.0191225 -0.0600997 -0.00019652 0.0191235
3.52 -0.00702847 -0.0894184 -0.0579835 0.0584079
3.53 -0.000365635 -0.00391315 0.00589517 0.0059065
3.54 -0.016466 -0.0259022 -0.0519896 0.0545348
3.55 -0.00806524 -0.0346616 -0.0455441 0.0462528
3.56 -0.0236928 -0.0745139 -0.032869 0.0405181
3.57 -0.00450371 -0.0192892 -0.0197464 0.0202535
3.58 -0.00317004 -0.0291235 -0.0064696 0.0072045
3.59 -0.0117398 -0.0505931 -0.0516916 0.0530079
3.6 0.000510397 -0.107002 -0.0523402 0.0523427
3.61 -0.0177322 -0.202976 -0.00792761 0.0194236
3.62 0.00846885 -0.0763317 -0.0131258 0.0156207
3.63 -0.0122972 -0.0329012 -0.00643127 0.0138774
3.64 0.00409229 -0.0113795 -0.00639351 0.00759104
3.65 -0.0180157 -0.202974 -0.0135945 0.0225694
3.66 -0.0154632 -0.00373557 -0.0130781 0.0202521
3.67 -0.015224 -0.0708923 -0.000637545 0.0152373
3.68 2.73869e-05 -0.0803615 -0.00727399 0.00727404
3.69 -0.00919793 -0.0252844 0.00632817 0.0111646
3.7 -0.00778597 -0.039543 -0.00744141 0.0107701
3.71 -0.00700472 -0.0803769 0.0126542 0.0144636
3.72 0.00716582 -0.00857724 -0.0387731 0.0394297
3.73 0.00399335 -0.0960294 0.00521165 0.00656568
3.74 -0.00747306 -0.107179 0.00568146 0.00938753
3.75 -0.0160222 -0.0259395 0.0256615 0.0302527
3.76 -0.01498 -0.0399861 -0.00587644 0.0160914
3.77 -0.00863347 -0.0304704 0.0189003 0.0207788
3.78 -0.0126716 -0.0545419 -0.00685245 0.0144057
3.79 -0.00802938 0.00497539 0.0450247 0.0457351
3.8 0.00356551 -0.00629187 -0.0197373 0.0200568
3.81 -0.0142239 -0.0669384 -0.00641836 0.0156049
3.82 -0.00843068 0.0321108 -0.0196684 0.0213991
3.83 -0.0239268 -0.0345665 -0.0453925 0.0513125
3.84 -0.00816827 -0.0258043 -0.013121 0.0154558
3.85 -0.00373429 -0.0956192 -0.0205757 0.0209119
3.86 -0.00678209 -0.0668822 0.0186493 0.0198442
3.87 0.00136645 -0.0721255 -0.00675728 0.00689406
3.88 0.000422134 -0.0530797 -0.000982977 0.00106979
3.89 -0.0117256 -0.0151372 0.0195105 0.0227629
3.9 -0.00386398 -0.0690972 -0.0133765 0.0139234
3.91 -0.0211718 -0.219101 0.00608488 0.0220288
3.92 -0.000126751 -0.0174796 -0.000797246 0.000807259
3.93 -0.00904 0.0943985 0.000521884 0.00905505
3.94 -0.0151837 -0.0261759 -0.0190353 0.0243493
3.95 -0.0111227 -0.131468 -0.000142563 0.0111236
3.96 -0.0195052 0.0163163 0.0517597 0.055313
3.97 -0.0198922 -0.0103135 -0.0124664 0.0234757
3.98 -0.0233452 -0.0300258 -0.000340057 0.0233477
3.99 -0.00719966 -0.0356284 0.000350107 0.00720816
4 -0.00541749 -0.054384 -0.0142052 0.0152032
4.01 -0.0020875 -0.230584 0.00551908 0.00590067
4.02 -0.0151623 -0.13796 -0.00697137 0.0166882
4.03 -0.00755562 -0.044293 -0.0073522 0.0105424
4.04 -0.0080262 0.027453 0.0063717 0.0102479
4.05 -0.0144399 -0.0265713 0.0384409 0.0410635
4.06 -0.00145302 0.00994124 -0.006642 0.00679908
4.07 0.000288885 -0.0622268 0.0251941 0.0251958
4.08 0.00712605 -0.0174628 -0.0070381 0.0100158
4.09 -0.0162389 0.00141724 -0.000547206 0.0162481
4.1 -0.00336099 -0.0422316 0.0251378 0.0253615
4.11 -0.0186379 -0.0468449 -0.0387414 0.0429915
4.12 0.0106387 -0.0511623 -0.000872875 0.0106745
4.13 -0.0114016 -0.0730352 -0.00710106 0.0134321
4.14 -0.0165735 -0.0566174 -0.0200263 0.0259949
4.15 -0.00466682 0.0165782 -0.0198253 0.0203671
4.16 -0.0161463 -0.0303894 0.0122281 0.0202541
4.17 -0.0274366 -0.117336 -0.0135281 0.0305905
4.18 -0.0168108 -0.0163273 -0.0516269 0.054295
4.19 -0.0157623 -0.0351633 0.0120855 0.0198623
4.2 -0.0185943 -0.0733374 -0.0066505 0.0197478
4.21 -0.00406739 -0.0196173 0.0130561 0.013675
4.22 -0.0107091 -0.198371 0.0119952 0.0160802
4.23 -0.00888861 0.0411268 0.000344646 0.00889529
4.24 -0.0112409 -0.104656 -0.00666217 0.0130668
4.25 -0.0108866 -0.118167 0.0123258 0.0164451
4.26 -0.00732302 -0.107021 0.0126249 0.014595
4.27 -0.0188925 -0.148907 0.0116279 0.0221841
4.28 -0.00548047 0.0566842 0.000121876 0.00548182
4.29 -0.00608505 -0.130005 0.0318669 0.0324427
4.3 0.00519102 -0.078676 0.0126721 0.0136941
4.31 -0.0135164 0.0172266 -0.00658344 0.0150345
4.32 0.00431626 -0.0607433 -0.00664279 0.00792191
4.33 -0.000175859 -0.0175096 -0.0125578 0.0125591
4.34 -0.0107258 -0.046853 -0.0258612 0.0279972
4.35 0.00366043 -0.0198663 0.0125905 0.0131118
4.36 0.00341429 -0.0331541 -0.0135263 0.0139506
4.37 -0.00757946 -0.0176838 -0.0132597 0.0152731
4.38 -0.0133753 -0.241662 -0.00149039 0.0134581
4.39 -0.0237706 -0.00316688 -0.0063948 0.0246157
4.4 -0.0108931 -0.060007 -0.000385568 0.0108999
4.41 -0.000175437 -0.0175292 0.0125814 0.0125826
4.42 -0.0120916 0.0609227 0.0456249 0.0472
4.43 -0.00303938 -0.105312 -0.000237388 0.00304864
4.44 -0.0193533 -0.0685407 -0.0199621 0.0278035
4.45 -0.0179353 -0.207882 -0.0204488 0.0271998
4.46 0.00392055 -0.0251472 -0.0318281 0.0320686
4.47 -0.0195939 0.0520455 -0.025282 0.0319859
4.48 -0.0148176 -0.044761 -0.0197063 0.0246556
4.49 -0.00652413 -0.115982 -0.0265898 0.0273785
4.5 -0.0144256 -0.0803365 0.0389078 0.041496
4.51 -0.0149055 -0.133811 0.0063024 0.0161831
4.52 0.00769541 -0.0047201 -0.00611357 0.00982828
4.53 -0.00783765 0.0448077 -0.0248757 0.0260812
4.54 0.00314839 -0.0459239 0.0185137 0.0187795
4.55 -0.0225172 -0.0439438 0.0255376 0.034047
4.56 -0.00316404 -0.0206825 0.0581768 0.0582628
4.57 -0.0034434 -0.0648236 -0.0129396 0.0133899
4.58 -0.00288161 -0.127181 0.00538669 0.00610902
4.59 -0.0108511 -0.0555289 -0.00622762 0.0125112
4.6 -0.0131693 0.0485236 0.00626973 0.0145856
4.61 -0.0151082 -0.0934573 0.00624273 0.0163471
4.62 0.00465803 -0.0512596 -0.0267203 0.0271232
4.63 -0.0155172 -0.052162 -0.0205901 0.0257824
4.64 0.0224041 -0.0219566 0.00521084 0.0230021
4.65 -0.0265259 -0.104558 -0.00666611 0.0273507
4.66 -0.01185 -0.0327783 -0.0136012 0.0180393
4.67 -0.00666691 -0.11601 0.0375689 0.0381559
4.68 0.000163042 -0.0758026 0.0438371 0.0438374
4.69 -0.0119313 0.0255396 0.0255123 0.0281644
4.7 0.00446467 -0.082761 0.0115863 0.0124168
4.71 -0.00578519 0.075125 -0.00611182 0.00841562
4.72 -0.00436556 0.100912 0.0326036 0.0328946
4.73 0.00102986 -0.080654 -0.0134148 0.0134543
4.74 -0.00749432 -0.0849583 0.000527577 0.00751287
4.75 0.00218628 0.0791995 0.0253642 0.0254582
4.76 -0.0303103 -0.146797 -0.00674379 0.0310514
4.77 -0.016594 -0.0212249 0.0196342 0.0257072
4.78 -0.00686629 -0.142742 0.00576565 0.00896597
4.79 -0.0208564 0.0483511 -9.97703e-05 0.0208566
4.8 -0.00490751 0.0210187 0.0189429 0.0195683
4.81 -0.00789299 0.0139604 -0.0134669 0.0156095
4.82 -0.0075516 -0.0490037 -0.0126587 0.0147401
4.83 -0.00403793 -0.00161244 0.0193028 0.0197206
4.84 -0.0123286 -0.00139988 0.000143571 0.0123295
4.85 -0.0128206 0.0303339 -0.0188372 0.0227861
4.86 -0.0266467 -0.0950226 -0.000907674 0.0266622
4.87 0.00541376 -0.0970888 -0.000371515 0.00542649
4.88 -0.00753628 -0.0667965 3.10968e-05 0.00753634
4.89 -0.0228167 0.0181541 -0.0121907 0.0258692
4.9 -0.0151434 -0.120084 -0.0132588 0.0201276
4.91 -0.00635122 -0.0849388 -0.0134333 0.0148591
4.92 0.000912641 -0.107252 -0.0521937 0.0522017
4.93 -0.00111444 0.00103205 -0.0200202 0.0200512
4.94 0.000944149 -0.0402456 0.0122052 0.0122416
4.95 -0.00796416 -0.0396341 0.0251765 0.0264061
4.96 0.00571571 -0.128559 0.0185009 0.0193637
4.97 -0.00517966 0.0346628 -0.00702 0.00872406
4.98 -0.0175955 -0.131939 0.0125238 0.0215974
4.99 -0.0145225 -0.155699 -0.00781573 0.0164921
5 0.0124189 -0.10077 -0.00129055 0.0124858
5.01 0.0080654 -0.0224909 -0.0324058 0.0333944
5.02 -0.00403006 -0.0423358 -0.00651752 0.00766286
5.03 0.000104469 -0.0399891 0.0317628 0.0317629
5.04 0.00498013 -0.0653373 0.00605681 0.00784134
5.05 -0.018322 -0.0736096 -0.0124034 0.0221255
5.06 0.000746147 -0.187188 -0.027261 0.0272712
5.07 -0.0160511 -0.030592 0.0128376 0.0205534
5.08 -0.0117264 -0.0415195 -0.0198417 0.0230478
5.09 0.00244953 0.101579 -0.00037824 0.00247856
5.1 -0.000443835 -0.0483504 -0.0263251 0.0263288
5.11 -0.00374078 -0.0110763 0.0060651 0.00712593
5.12 0.00368069 -0.0554199 -0.000817625 0.00377041
5.13 -0.005116 0.0433218 0.00650476 0.00827559
5.14 -0.0120072 -0.0684235 0.00560848 0.0132524
5.15 -0.00422916 -0.0371795 0.00585652 0.00722389
5.16 -0.0145352 -0.0356168 -0.0126863 0.0192929
5.17 -0.0124873 0.105948 0.0195639 0.0232095
5.18 0.00400658 -0.0377525 0.0186837 0.0191084
5.19 -0.0195926 -0.0240238 -0.0260641 0.0326069
5.2 -0.0033487 -0.0687885 -0.0328803 0.0330504
5.21 -0.0180597 -0.0646012 -0.00642747 0.0191694
5.22 -0.00734132 -0.0889054 0.005996 0.00947877
5.23 -0.00825358 0.0545198 -0.00611819 0.0102739
5.24 -0.013146 0.012647 -0.0131993 0.018629
5.25 -0.0232878 -0.0752483 -0.012531 0.0264452
5.26 -0.0178976 -0.0696983 0.0322486 0.0368822
5.27 0.000443215 -0.0355263 -0.0133319 0.0133393
5.28 -0.0102622 -0.150182 0.00600586 0.0118904
5.29 0.0036502 -0.122608 -0.0138244 0.0142981
5.3 -0.000679772 0.0184636 -0.0196885 0.0197003
