0 -0.000208134 -0.0708807 -0.0271946 0.0271954
0.01 0.00248927 0.0210436 -0.0263175 0.026435
0.02 -0.00848681 0.00504582 -0.0128461 0.0153963
0.03 0.00320799 -0.0149169 -0.0777161 0.0777823
0.04 -0.00615234 -0.103467 0.00590778 0.00852955
0.05 -0.00166446 0.0325674 -0.0130187 0.0131246
0.06 -0.00691882 -0.0444138 -0.0395523 0.0401529
0.07 0.00568563 0.16184 -0.0190368 0.0198678
0.08 -0.012955 0.035184 -0.0456824 0.0474838
0.09 -0.0142819 -0.18278 -0.0402454 0.0427044
0.1 -0.0117595 -0.014898 -0.0393984 0.041116
0.11 -0.00120638 0.0142834 -0.0584089 0.0584214
0.12 -0.000254076 0.00513764 -0.0716025 0.071603
0.13 -0.00486656 0.0566088 -0.0259464 0.0263989
0.14 -0.00407381 0.0160643 -0.0195703 0.0199898
0.15 -0.000218636 0.0315835 -0.000710078 0.000742976
0.16 -0.00532368 0.101778 -0.0451021 0.0454152
0.17 0.00130622 0.124683 -0.0715153 0.0715272
0.18 -0.00433938 -0.00581214 -0.0391605 0.0394001
0.19 -0.0114824 -0.0463027 -0.0395328 0.0411666
0.2 -0.007859 -0.0751969 -0.0526604 0.0532436
0.21 -0.00489618 0.0478717 -0.00681589 0.0083922
0.22 0.0141168 0.0272775 -0.0395021 0.0419488
0.23 -0.00524797 0.0252287 -0.045202 0.0455056
0.24 -0.00481205 0.0211383 -0.0329516 0.0333011
0.25 0.00742582 0.00483864 -0.0586901 0.059158
0.26 0.00048579 -0.0309069 -0.0202883 0.0202941
0.27 0.00275444 0.0297289 -0.0264031 0.0265464
0.28 0.0024684 0.12354 -0.0386201 0.0386989
0.29 -0.00697928 -0.0403658 -0.0132092 0.0149397
0.3 -0.00439141 0.128005 0.00650398 0.00784769
0.31 -0.00363943 -0.105109 -0.020203 0.0205282
0.32 -0.0104533 -0.14047 -0.0201175 0.0226712
0.33 -0.0111001 -0.0909724 -0.0461974 0.0475122
0.34 -0.00445157 0.0656325 -0.0704802 0.0706206
0.35 -0.00482894 0.0789889 -0.00680555 0.00834471
0.36 -0.0077119 0.0184481 0.000238992 0.0077156
0.37 0.00026531 -0.0711071 -0.0716964 0.0716969
0.38 -0.00127124 -0.0210802 -0.0587799 0.0587937
0.39 0.0059522 0.139735 -0.0325811 0.0331203
0.4 0.00958451 0.0257948 -0.0270188 0.0286684
0.41 -0.00457434 -0.0859141 -0.0270324 0.0274167
0.42 0.000424459 -0.075881 -0.0269589 0.0269622
0.43 -0.0049732 0.0301391 -0.0521905 0.052427
0.44 -0.000729329 0.0361735 -0.0387807 0.0387876
0.45 -0.00743823 0.0224019 -0.0385827 0.0392931
0.46 0.00357345 -0.00173585 -0.0582347 0.0583442
0.47 -0.00320576 -0.114221 -0.0329698 0.0331253
0.48 0.00327308 0.0296949 -0.0268299 0.0270288
0.49 -0.00399955 0.0474919 0.000150048 0.00400237
0.5 0.00133544 0.039934 -0.0780343 0.0780458
0.51 -0.00494491 0.0214394 -0.0327894 0.0331602
0.52 0.00389692 0.00696711 -0.0329112 0.0331411
0.53 -0.00867813 0.0948921 -0.0450031 0.0458322
0.54 -0.00839213 0.0719472 -0.0641977 0.0647439
0.55 -7.38173e-05 0.00440332 -0.00638316 0.00638358
0.56 -0.00457472 -0.00594111 -0.00681382 0.00820708
0.57 -0.00712175 -0.106814 -0.0523777 0.0528596
0.58 -0.0146877 -0.124692 -0.0591648 0.0609606
0.59 -0.0121806 0.0832799 0.000298986 0.0121842
0.6 -0.00430656 0.0250609 -0.0192995 0.0197742
0.61 -0.0151892 -0.0439043 -0.0839197 0.0852832
0.62 -0.00817552 -0.11944 -0.0464731 0.0471867
0.63 -0.00432587 -0.00600635 -0.0326878 0.0329728
0.64 0.0110582 0.016131 -0.0204477 0.0232463
0.65 -0.00403186 -0.00209747 -0.0190739 0.0194953
0.66 0.000319251 -0.0399764 -0.0267672 0.0267691
0.67 -0.00464559 0.0784343 -0.0515458 0.0517547
0.68 0.0119339 -0.00698518 -0.0584645 0.05967
0.69 -0.0039382 -0.0778852 -0.0394354 0.0396316
0.7 -0.00808759 -0.0171792 -0.077944 0.0783624
0.71 -0.00721187 -0.0312083 -0.039192 0.03985
0.72 -0.00435829 -0.0236882 -0.032873 0.0331607
0.73 -0.00691763 -0.0980045 -0.0204194 0.0215593
0.74 0.00243181 0.0568372 -0.0132508 0.0134721
0.75 -0.00556761 0.0614428 -0.0389869 0.0393824
0.76 -0.0196578 -0.0499388 -0.0524488 0.0560116
0.77 -0.0173441 0.126874 -0.0323242 0.0366834
0.78 -0.018516 -0.153972 -0.033364 0.0381576
0.79 -0.00351902 -0.0333928 -0.0264163 0.0266496
0.8 -0.00825602 0.0229157 0.0060432 0.0102314
0.81 -0.0021951 0.0594805 -0.00707786 0.00741044
0.82 -0.0040004 -0.00153017 -0.0328629 0.0331055
0.83 -0.00678072 -0.013595 -0.0316838 0.0324012
0.84 -0.00516038 0.0660718 -0.0712762 0.0714628
0.85 -0.0033983 -0.0737184 -0.0456339 0.0457603
0.86 0.00802388 0.0315017 -0.0195651 0.0211465
0.87 -0.00483691 0.0879855 -0.0514155 0.0516425
0.88 -0.0118181 -0.00580905 -0.0131774 0.0177006
0.89 -0.0117701 -0.0150269 -0.0519326 0.0532497
0.9 0.000102451 -0.0127807 -0.0267223 0.0267225
0.91 0.00332537 0.0118428 -0.0651908 0.0652756
0.92 -0.003897 -0.0198361 -0.0392718 0.0394647
0.93 -0.0120348 -0.00109204 -0.0330469 0.0351701
0.94 0.00291857 0.12334 -0.0518515 0.0519336
0.95 0.000769852 -0.0137745 -0.0257851 0.0257966
0.96 -0.0133043 0.0532321 -0.019461 0.0235741
0.97 -0.0119131 -0.0148743 -0.039166 0.0409377
0.98 0.00687856 0.022679 -0.0260343 0.0269276
0.99 -0.00542482 0.0384894 -0.019162 0.0199151
1 -0.000955062 0.0322697 -0.013337 0.0133712
1.01 -0.0168617 0.0642411 -0.0644747 0.0666431
1.02 -0.00229209 0.193266 -0.0317446 0.0318272
1.03 -0.00373105 -0.024119 -0.0262157 0.0264799
1.04 -0.00446889 -0.00585373 -0.0199212 0.0204163
1.05 -0.000746619 0.0808328 -0.0323104 0.032319
1.06 0.0062412 0.045601 -0.0264256 0.0271527
1.07 -0.0118807 0.00280754 -0.0389808 0.0407511
1.08 -0.00109553 0.018908 -0.0263077 0.0263305
1.09 -0.00128035 0.0279545 -0.0394148 0.0394356
1.1 0.00319051 0.0163707 -0.03953 0.0396586
1.11 -0.0176923 0.0463938 -0.0519374 0.0548681
1.12 -0.00429622 0.0253704 -0.0581569 0.0583154
1.13 -0.0155216 -0.00375336 -0.0384872 0.0414992
1.14 -0.00455622 -0.0012562 -0.032777 0.0330922
1.15 -0.00164002 0.046035 -0.0519806 0.0520065
1.16 -0.000571976 -0.00831556 -0.051956 0.0519592
1.17 -0.000936506 0.139548 -0.000281536 0.000977909
1.18 -0.012327 -0.0320286 -0.039568 0.0414437
1.19 -0.0227207 -0.0845197 -0.0265744 0.0349633
1.2 -0.00344231 -0.153923 -0.0596505 0.0597497
1.21 -0.00406846 0.0114948 -0.0259919 0.0263084
1.22 -0.00810997 0.0677195 -0.025462 0.0267223
1.23 0.00378788 -0.0152562 -0.0587952 0.0589171
1.24 -0.00526818 0.0928509 -0.0390087 0.0393628
1.25 -0.00500182 0.0479455 -0.0199614 0.0205786
1.26 -0.00248072 0.0733186 -0.0395166 0.0395943
1.27 -0.00144109 0.0501464 -0.038978 0.0390047
1.28 -0.00147995 0.0678045 0.005858 0.00604206
1.29 -0.000378997 -0.0129868 -0.0259547 0.0259575
1.3 -0.00505832 0.0303291 -0.0391534 0.0394788
1.31 0.00258018 0.052115 -0.032439 0.0325414
1.32 -0.00957951 0.0328985 -0.0198374 0.0220293
1.33 -0.0166205 0.0633821 -0.0312999 0.035439
1.34 -0.00173238 -0.0474108 -0.0722956 0.0723163
1.35 -0.00592719 0.204756 -0.0188725 0.0197814
1.36 -0.00725005 -0.0575117 -0.0526314 0.0531284
1.37 -0.000312348 0.00477818 -0.0193672 0.0193697
1.38 -0.00426005 -0.117559 -0.026826 0.0271621
1.39 -0.0170169 0.0590432 -0.0127294 0.0212512
1.4 0.00312348 0.0785788 -0.0258989 0.0260866
1.41 -0.00779834 0.00465151 -0.0644857 0.0649555
1.42 -0.00453116 0.118728 -0.0384218 0.0386881
1.43 -0.00928035 0.0418477 -0.0649129 0.0655729
1.44 -0.00410962 -0.0239145 -0.0324941 0.0327529
1.45 -0.0029489 -0.100643 -0.0205724 0.0207827
1.46 0.0117365 0.01937 -0.06407 0.0651361
1.47 -0.0152315 0.0986158 -0.0777416 0.0792196
1.48 -0.00459404 0.0564978 -0.0579522 0.0581341
1.49 -0.0115468 0.0473288 0.0133291 0.017635
1.5 -0.00431413 0.0340379 -0.0387709 0.0390102
1.51 -0.0151513 0.000934825 -0.0197258 0.0248731
1.52 0.00249498 -0.0729278 -0.052082 0.0521417
1.53 0.00420885 0.0022087 -0.0386832 0.0389115
1.54 -0.0127352 0.0393922 0.0186415 0.0225763
1.55 -0.000749853 -0.0574488 -0.0272132 0.0272236
1.56 -0.00919337 0.0237172 0.00591231 0.0109304
1.57 -0.0204081 0.0882282 0.000366033 0.0204114
1.58 -0.00843167 0.00556733 -0.0327669 0.0338344
1.59 -0.00679148 0.119883 0.0129751 0.014645
1.6 -0.00803619 0.0406765 -0.0127403 0.015063
1.61 -0.00461535 0.0296573 -0.0458419 0.0460737
1.62 0.00034569 -0.053717 -0.00724472 0.00725297
1.63 -0.0215341 0.0625879 -0.0452869 0.050146
1.64 -0.0118971 0.096489 0.000503093 0.0119077
1.65 -0.0111631 0.0295249 -0.0327435 0.0345941
1.66 -0.0168841 0.0240681 -0.0709264 0.0729084
1.67 -0.0167568 -0.00767509 -0.0266121 0.0314482
1.68 -0.00457295 0.0473265 -0.0320082 0.0323333
1.69 -0.00517258 0.0034075 -0.0839938 0.0841529
1.7 0.000485976 -0.017535 -0.0520041 0.0520064
1.71 0.000224913 -0.115985 -0.0270457 0.0270467
1.72 -0.013014 0.021814 -0.064515 0.0658145
1.73 -0.00139513 0.0902738 -0.0386587 0.0386839
1.74 0.00225892 0.0257938 -0.0264067 0.0265031
1.75 -0.00082781 0.014079 -0.0521306 0.0521372
1.76 -0.00216105 0.0371046 -0.045731 0.045782
1.77 -0.000621281 0.0318533 -0.0259952 0.0260026
1.78 -0.0116085 0.0118032 -0.0193564 0.0225705
1.79 0.00140949 0.128856 -0.0580091 0.0580262
1.8 -0.00760513 -0.0707249 -0.0333257 0.0341825
1.81 0.00288262 0.0123338 -0.00711072 0.0076728
1.82 -0.00524528 0.066081 -0.00684751 0.00862562
1.83 -0.010116 0.144535 -0.0386505 0.0399524
1.84 -0.00413329 -0.0238688 -0.0263622 0.0266843
1.85 -0.0135246 0.0128513 -0.0194776 0.0237127
1.86 0.00373023 0.0203763 -0.0194756 0.0198296
1.87 0.00335705 0.0254402 -0.0330512 0.0332212
1.88 0.00163185 0.0263857 -0.0593176 0.05934
1.89 -0.000744808 0.0632342 -0.0260932 0.0261039
1.9 -0.00120373 0.0324961 -0.013716 0.0137687
1.91 0.0033449 0.0427293 -0.000410943 0.00337005
1.92 -0.00766578 0.0360968 -0.0193561 0.0208189
1.93 -0.00631499 0.115552 -0.0330037 0.0336024
1.94 0.000270294 -0.0892095 -0.0201492 0.0201511
1.95 -0.00504175 0.155045 -0.00606215 0.00788473
1.96 0.0111827 0.0116354 -0.0848956 0.0856289
1.97 -0.00820727 -0.00796563 -0.019679 0.0213219
1.98 -0.00575557 0.0706514 -0.0197795 0.0205999
1.99 -0.00792378 0.00524339 -0.0194749 0.0210252
2 -0.0020524 0.0687764 -0.0458619 0.0459078
2.01 -0.011297 -0.0287862 -0.0384657 0.0400903
2.02 0.0094552 0.0617649 -0.0458345 0.0467996
2.03 0.00276814 0.0429066 -0.0516463 0.0517204
2.04 0.00697944 0.040527 -0.0130444 0.0147942
2.05 -0.0201261 -0.0183 -0.259972 0.26075
2.06 -0.043417 0.00900423 -1.16424 1.16505
2.07 -0.00575497 -0.0627343 -1.5339 1.53391
2.08 0.0769643 -0.20278 -1.48111 1.48311
2.09 0.136067 -0.149643 -1.24656 1.25396
2.1 0.188146 -0.177425 -1.08075 1.09701
2.11 0.227495 -0.126164 -1.05497 1.07922
2.12 0.21778 -0.00427985 -1.21395 1.23333
2.13 0.218564 -0.103484 -1.70077 1.71476
2.14 0.231438 -0.110266 -2.09395 2.1067
2.15 0.210544 -0.159622 -2.34468 2.35411
2.16 0.203739 -0.186392 -2.59746 2.60544
2.17 0.230164 -0.318392 -2.8132 2.8226
2.18 0.280233 -0.246025 -3.02148 3.03445
2.19 0.316046 -0.254194 -3.26831 3.28356
2.2 0.390873 -0.362793 -3.6342 3.65516
2.21 0.398251 -0.202486 -4.07856 4.09795
2.22 0.433359 -0.241007 -4.39821 4.41951
2.23 0.477162 -0.263398 -4.55556 4.58048
2.24 0.523116 -0.28683 -4.76915 4.79775
2.25 0.550611 -0.214805 -4.89994 4.93078
2.26 0.590998 -0.310519 -5.12735 5.1613
2.27 0.593135 -0.400817 -5.39183 5.42436
2.28 0.578166 -0.261168 -5.65396 5.68344
2.29 0.572728 -0.243445 -5.84699 5.87497
2.3 0.567791 -0.199451 -6.13613 6.16234
2.31 0.555818 -0.33367 -6.38162 6.40578
2.32 0.572237 -0.199832 -6.61283 6.63754
2.33 0.531918 -0.236461 -6.8896 6.9101
2.34 0.517377 -0.230853 -7.10741 7.12621
2.35 0.496515 -0.164179 -7.26072 7.27768
2.36 0.482052 -0.332813 -7.44818 7.46377
2.37 0.516957 -0.233823 -7.57644 7.59405
2.38 0.584717 -0.260755 -7.81037 7.83222
2.39 0.593047 -0.234352 -8.06296 8.08474
2.4 0.610614 -0.190865 -8.28709 8.30956
2.41 0.598573 -0.26696 -8.487 8.50808
2.42 0.596806 -0.162438 -8.64672 8.6673
2.43 0.600121 -0.123981 -8.78788 8.80835
2.44 0.617499 -0.0897179 -8.93583 8.95714
2.45 0.639743 -0.160945 -9.09195 9.11443
2.46 0.66994 -0.278002 -9.25338 9.2776
2.47 0.718495 -0.0933992 -9.32542 9.35306
2.48 0.748381 -0.080505 -9.39812 9.42787
2.49 0.787529 -0.072729 -9.5209 9.55341
2.5 0.774369 -0.117655 -9.728 9.75877
2.51 0.763348 -0.0780307 -9.99926 10.0284
2.52 0.737008 -0.319253 -10.251 10.2775
2.53 0.741749 -0.133741 -10.4504 10.4767
2.54 0.751447 -0.0228271 -10.6127 10.6393
2.55 0.781561 -0.206013 -10.8152 10.8434
2.56 0.803381 -0.352872 -10.9673 10.9967
2.57 0.842511 -0.1813 -11.0254 11.0575
2.58 0.861635 -0.264666 -11.136 11.1693
2.59 0.863595 -0.184724 -11.2965 11.3294
2.6 0.830789 -0.248261 -11.509 11.5389
2.61 0.827271 -0.253983 -11.7745 11.8036
2.62 0.851076 -0.370119 -11.8672 11.8977
2.63 0.89157 -0.282242 -11.9915 12.0246
2.64 0.868042 -0.347125 -12.1973 12.2281
2.65 0.866474 -0.277924 -12.4041 12.4343
2.66 0.863391 -0.27502 -12.7484 12.7776
2.67 0.883914 -0.464507 -13.1462 13.1759
2.68 0.932621 -0.623578 -13.2986 13.3313
2.69 0.970752 -0.46409 -13.3959 13.431
2.7 1.00171 -0.443998 -13.3443 13.3818
2.71 1.01776 -0.468454 -13.2073 13.2465
2.72 0.9902 -0.345583 -13.205 13.242
2.73 0.954242 -0.501577 -13.3737 13.4077
2.74 0.957625 -0.356222 -13.5696 13.6034
2.75 1.02123 -0.498583 -13.6575 13.6956
2.76 1.08652 -0.623707 -13.6862 13.7292
2.77 1.10246 -0.539631 -13.6213 13.6659
2.78 1.06946 -0.506195 -13.5547 13.5968
2.79 1.02509 -0.576604 -13.6099 13.6485
2.8 0.95049 -0.570599 -13.75 13.7828
2.81 0.902712 -0.545325 -13.9178 13.9471
2.82 0.906192 -0.613137 -14.0811 14.1102
2.83 0.930813 -0.606194 -14.0623 14.0931
2.84 0.950024 -0.592248 -13.9657 13.998
2.85 0.956017 -0.561395 -13.9462 13.9789
2.86 0.969634 -0.530556 -13.9665 14.0002
2.87 0.988792 -0.610043 -14.0997 14.1344
2.88 1.06768 -0.766508 -14.1817 14.2218
2.89 1.1454 -0.707418 -14.132 14.1784
2.9 1.1424 -0.661335 -14.085 14.1313
2.91 1.11377 -0.651618 -14.1147 14.1586
2.92 1.04373 -0.567169 -14.2156 14.2539
2.93 0.982262 -0.631956 -14.2848 14.3186
2.94 0.971417 -0.644531 -14.1421 14.1754
2.95 0.99342 -0.614649 -13.9885 14.0237
2.96 1.02372 -0.72727 -14.055 14.0922
2.97 1.04543 -0.583504 -14.4575 14.4952
2.98 1.10547 -0.840539 -14.8707 14.9118
2.99 1.14112 -0.870455 -15.0149 15.0582
3 1.13335 -0.691956 -14.9171 14.9601
3.01 1.08937 -0.782162 -14.7451 14.7852
3.02 0.984436 -0.65714 -14.5845 14.6177
3.03 0.937796 -0.634172 -14.5353 14.5656
3.04 0.991051 -0.707351 -14.7533 14.7865
3.05 1.13513 -0.71661 -14.8121 14.8556
3.06 1.27474 -0.842709 -14.8707 14.9253
3.07 1.29018 -0.918748 -14.9451 15.0007
3.08 1.27855 -0.925714 -14.959 15.0135
3.09 1.19906 -0.939901 -14.898 14.9462
3.1 1.14182 -1.05756 -14.8759 14.9197
3.11 1.19629 -0.949258 -14.9094 14.9574
3.12 1.34398 -0.888308 -15.07 15.1298
3.13 1.45126 -0.881627 -15.1178 15.1873
3.14 1.48719 -0.959804 -15.1817 15.2544
3.15 1.47076 -0.938938 -15.2374 15.3082
3.16 1.37539 -0.874509 -15.5008 15.5617
3.17 1.26619 -0.998093 -15.7119 15.7628
3.18 1.19096 -0.920807 -15.7477 15.7927
3.19 1.20078 -0.927386 -15.5973 15.6434
3.2 1.25205 -0.875309 -15.4625 15.5131
3.21 1.27363 -0.955844 -15.5176 15.5698
3.22 1.39547 -1.11482 -15.8093 15.8708
3.23 1.53241 -1.22527 -16.0102 16.0833
3.24 1.62419 -1.14887 -15.9541 16.0365
3.25 1.67407 -1.22148 -15.6582 15.7474
3.26 1.63117 -1.10723 -15.4746 15.5604
3.27 1.50438 -0.90126 -15.442 15.5151
3.28 1.38142 -0.995822 -15.6592 15.72
3.29 1.38884 -1.14245 -15.9788 16.0391
3.3 1.4728 -1.16333 -15.7365 15.8053
3.31 1.20575 -0.433524 -11.068 11.1335
3.32 1.31828 -0.430531 -8.8712 8.96861
3.33 1.04469 -0.585687 -11.1155 11.1645
3.34 0.673698 -1.36658 -22.3006 22.3107
3.35 1.32974 -1.18442 -19.3272 19.3728
3.36 2.13298 -0.674676 -13.0231 13.1966
3.37 2.26412 -1.2367 -11.8891 12.1027
3.38 2.1866 -1.6247 -11.8919 12.0913
3.39 1.98342 -1.89295 -12.0042 12.1669
3.4 1.53332 -1.69441 -11.2093 11.3137
3.41 1.10381 -1.27282 -9.60075 9.664
3.42 0.874928 -0.862529 -7.79516 7.84411
3.43 0.76864 -0.719091 -6.2882 6.335
3.44 0.680772 -0.612265 -5.40682 5.44951
3.45 0.557787 -0.678142 -4.98488 5.01599
3.46 0.354041 -0.708807 -4.6383 4.65179
3.47 0.145569 -0.571231 -3.79199 3.79478
3.48 -0.0656699 -0.249975 -2.9105 2.91124
3.49 -0.146205 -0.133084 -1.7485 1.7546
3.5 -0.202095 0.0214775 -0.850872 0.874543
3.51 -0.206292 0.134398 -0.144315 0.25176
3.52 -0.0672079 0.0558301 -0.0105117 0.0680249
3.53 -0.00996721 0.0821377 -0.00675124 0.0120385
3.54 -0.0128863 -0.0766915 -0.0458827 0.0476579
3.55 -0.0134999 0.0487779 -0.0133866 0.0190118
3.56 -0.0106946 0.0914446 -0.064692 0.06557
3.57 -0.00242963 0.00612224 -0.0583845 0.0584351
3.58 -0.0137088 0.0352502 -0.039162 0.0414921
3.59 0.00148406 0.04446 -0.0467066 0.0467302
3.6 0.00504504 0.0691201 -0.0206702 0.021277
3.61 -0.00262753 0.0379831 -0.0591643 0.0592226
3.62 -0.000864047 -0.0390909 -0.0847307 0.0847351
3.63 -0.0214367 0.0354992 -0.0386964 0.0442373
3.64 -0.00280973 0.0558132 -0.0267027 0.0268501
3.65 -0.0043828 -0.0594537 -0.065217 0.0653641
3.66 -0.00121174 0.0188529 -0.0519874 0.0520015
3.67 -0.00822212 -0.115264 -0.0661639 0.0666729
3.68 -0.00947276 -0.0430638 -0.0588656 0.0596229
3.69 -0.0074885 0.103052 -0.0456029 0.0462137
3.7 -0.00447503 0.0654976 -0.0129568 0.0137079
3.71 0.00640034 -0.0164867 -0.0333845 0.0339924
3.72 0.014102 0.010035 -0.00744312 0.0159457
3.73 -0.011591 -0.126201 -0.0143295 0.0184306
3.74 -0.016657 0.00610802 -0.00680633 0.017994
3.75 -0.0111902 0.0967773 -0.0393183 0.0408797
3.76 -0.00472792 -0.0858904 -0.0268 0.0272138
3.77 -0.0133786 0.0444443 -0.0455206 0.0474459
3.78 -0.00944003 0.0197167 -0.0199653 0.0220845
3.79 -0.0131631 0.093318 -0.0447833 0.0466778
3.8 -0.00101262 -0.0571697 -0.0329505 0.032966
3.81 -0.00224961 0.0949509 -7.27102e-05 0.00225078
3.82 -0.00877998 0.0369482 0.0120158 0.0148818
3.83 -0.00630126 0.0578629 -0.0268359 0.0275657
3.84 -0.0198733 -0.121452 -0.0468475 0.0508885
3.85 -0.0117454 -0.0820353 -0.00721569 0.0137848
3.86 -0.0108029 0.104871 -0.0258467 0.0280135
3.87 -0.00932028 0.032801 -0.00692428 0.0116109
3.88 -0.00928605 0.0328841 -0.000521932 0.00930071
3.89 -0.00225407 0.0553782 -0.000535041 0.00231671
3.9 -0.00149493 0.0507426 -0.013477 0.0135597
3.91 0.00239998 0.0525077 -0.0200132 0.0201566
3.92 -0.00597442 0.0221204 -0.0395939 0.0400421
3.93 -0.00052158 0.00978592 0.00561193 0.00563611
3.94 -0.0126637 -0.0631968 -0.0398876 0.0418496
3.95 -0.00404851 -0.014952 0.0122308 0.0128835
3.96 0.00163965 0.110734 -0.0262041 0.0262554
3.97 -0.00207889 0.0595356 0.0186018 0.0187176
3.98 0.002917 -0.0100617 -0.0206228 0.0208281
3.99 -0.00152385 0.0234504 -0.0199624 0.0200205
4 0.000966294 0.093516 -0.0132663 0.0133014
4.01 0.00178288 0.0530869 -0.0392755 0.039316
4.02 -0.00178082 0.0417801 -0.0133211 0.0134396
4.03 -0.00819253 -0.0391108 -0.000411994 0.00820288
4.04 0.00281874 -0.0191261 0.011956 0.0122838
4.05 -0.00802371 0.080964 -0.0392462 0.0400581
4.06 -0.00990975 0.0463441 -0.0198179 0.0221575
4.07 0.00848033 0.0976609 -0.039661 0.0405575
4.08 -0.0025374 0.0423304 -0.0269927 0.0271117
4.09 -0.00530997 0.00823879 -0.0271323 0.027647
4.1 -0.00476985 0.0254356 0.0125979 0.0134707
4.11 0.00267634 0.0170185 0.0118069 0.0121064
4.12 0.00278706 -0.0327234 -0.0201836 0.0203751
4.13 -0.00234306 0.0777356 -0.0458616 0.0459214
4.14 -0.00529739 0.097305 -0.000202386 0.00530126
4.15 -0.00209514 0.0507849 -0.00718902 0.0074881
4.16 -0.00972638 -0.0250767 -0.0331472 0.0345447
4.17 0.00609818 0.0457536 -0.0136591 0.0149585
4.18 -0.0088365 0.00990281 -0.00630048 0.0108526
4.19 -0.0085761 0.0365098 -0.00654177 0.0107863
4.2 0.00310556 -0.0862132 -0.01412 0.0144575
4.21 -0.00831649 -0.0435607 -0.0138473 0.0161527
4.22 -0.0091311 -0.0073584 -0.0133372 0.0161635
4.23 -0.00458391 -0.0594995 -0.026468 0.026862
4.24 0.010276 0.0473754 -0.0134139 0.0168976
4.25 -0.0178743 0.0293694 -0.0261192 0.0316497
4.26 0.00208349 0.00826457 -0.0138253 0.0139814
4.27 0.00954922 0.133669 0.0115377 0.0149768
4.28 -0.0125998 -0.0543765 -0.0526158 0.0541034
4.29 -0.00918203 0.0505702 -0.0198465 0.0218676
4.3 -0.00750095 -0.155813 -0.0402774 0.0409699
4.31 0.00100627 0.182516 -0.025897 0.0259165
4.32 -0.00938812 0.0686269 -0.0326447 0.0339678
4.33 -0.00880704 0.0279077 -5.37741e-05 0.0088072
4.34 -0.0168597 0.023822 -0.000527464 0.016868
4.35 -0.0172247 0.0691116 -0.0130102 0.021586
4.36 -0.00134955 0.0237038 -0.0202651 0.02031
4.37 -0.0247044 -0.00254711 -0.0137016 0.0282496
4.38 -0.0013302 -0.0160952 0.0245348 0.0245708
4.39 -0.00734358 -0.107137 -0.0135584 0.0154194
4.4 -0.00323792 -0.109443 0.011898 0.0123307
4.41 -0.0129606 0.0395925 -0.0130079 0.0183625
4.42 0.00292811 -0.00600952 -0.0137901 0.0140976
4.43 0.00721833 -0.0398209 -0.0202796 0.021526
4.44 0.00493353 0.176215 0.0127395 0.0136614
4.45 0.00188816 0.119775 -0.00044793 0.00194057
4.46 -0.00192335 0.0326453 -0.000790686 0.00207954
4.47 -0.0125927 0.0485269 0.00611354 0.0139983
4.48 -0.000562597 -0.048102 -0.0208047 0.0208123
4.49 -0.0116489 -0.113028 -0.0200629 0.0231995
4.5 -0.00889176 0.121584 0.00037183 0.00889953
4.51 -0.023062 -0.0396177 0.0324562 0.0398153
4.52 -0.00583123 0.021787 -0.000965789 0.00591067
4.53 -0.00123796 0.032413 -0.0201183 0.0201564
4.54 -0.000928622 0.0185289 0.00618546 0.00625478
4.55 -0.0095136 0.046579 0.0187046 0.020985
4.56 -0.0101904 0.0647195 -0.00704483 0.0123885
4.57 -0.00120102 -0.083792 -0.0270804 0.027107
4.58 -0.0108934 0.109631 -0.006388 0.0126283
4.59 -0.0042934 -0.0591909 -0.00109105 0.00442987
4.6 -0.00654891 0.0978436 -0.0195784 0.0206447
4.61 -0.00477643 0.060956 0.00622508 0.00784639
4.62 -0.00383049 -0.0730986 0.0249803 0.0252723
4.63 -0.00208782 0.0193489 -0.0327707 0.0328371
4.64 0.0036079 -0.00183345 -0.000440753 0.00363472
4.65 -0.0170712 0.0464481 -0.00690412 0.0184145
4.66 -0.00995606 0.10883 -0.00625712 0.011759
4.67 -0.00298892 0.09596 -0.00664059 0.00728225
4.68 -0.00631812 0.128924 -0.00615202 0.0088185
4.69 0.00241712 0.0171161 -0.00110624 0.00265824
4.7 -0.00866604 -0.0479716 -0.032679 0.0338085
4.71 -0.00809088 -0.00774934 -0.0202523 0.0218086
4.72 -0.00260249 0.00680573 -0.00110767 0.00282841
4.73 -0.0011647 0.0372971 -0.0134965 0.0135466
4.74 -0.0244426 -0.00294811 -0.0319886 0.040258
4.75 -0.00441772 0.0389719 -0.000646247 0.00446473
4.76 -0.0104081 0.0334642 -0.0391378 0.0404981
4.77 -0.00739683 -0.0931891 0.00536542 0.00913788
4.78 -0.00570448 0.0128838 -0.0395239 0.0399334
4.79 -0.0150022 -0.0932088 -0.0331183 0.0363577
4.8 0.00314735 -0.00160109 -0.0259964 0.0261862
4.81 -0.0307697 -0.181458 0.011335 0.0327911
4.82 -0.0200317 0.0215651 0.012163 0.0234352
4.83 -0.000902989 -0.0215942 -0.0136436 0.0136734
4.84 -0.00582168 -0.00462751 -0.00153083 0.00601959
4.85 0.00184696 0.0617264 -0.000611563 0.00194558
4.86 -0.000727669 0.0278426 -0.00718628 0.00722302
4.87 0.00218409 0.00365365 -0.0458891 0.045941
4.88 -0.00202778 0.0017681 -0.00114186 0.00232717
4.89 0.00568582 0.0684951 -0.00753968 0.00944326
4.9 0.00601038 0.0050913 -0.0389764 0.0394371
4.91 -0.010299 0.0332089 -0.0331657 0.034728
4.92 -0.00708444 0.0852036 -0.0392392 0.0398736
4.93 -0.0093074 -0.0739096 -0.0337695 0.0350286
4.94 0.00673097 -0.0393808 -0.00738899 0.00999516
4.95 -0.00604705 0.0664389 -0.0645942 0.0648767
4.96 0.00563745 0.0458249 -0.0129618 0.0141346
4.97 0.00674551 0.00960817 0.00584367 0.00892471
4.98 -0.000443651 -0.0481893 -0.052578 0.0525799
4.99 -0.0183362 0.0471808 -0.0327535 0.0375367
5 -0.0083217 -0.0482591 -0.032803 0.0338421
5.01 -0.0134287 0.0352493 0.0250749 0.0284444
5.02 -0.0150502 -0.0839911 0.00563694 0.0160712
5.03 0.00637901 0.0498371 0.0186234 0.0196856
5.04 -0.00288335 0.0826756 0.0119703 0.0123126
5.05 -0.00780948 -0.115546 -0.0272297 0.0283274
5.06 -0.00871157 -0.0654788 -0.0141982 0.0166577
5.07 -0.000652328 -0.039258 -0.0333004 0.0333068
5.08 -0.0011617 0.116927 0.0257998 0.025826
5.09 6.02675e-05 -0.0268488 0.00624906 0.00624935
5.1 -0.0014802 0.170417 0.0197362 0.0197917
5.11 -0.00440043 -0.00568752 -0.00711653 0.00836712
5.12 -0.00485522 -0.0100442 -0.0139551 0.0147756
5.13 -0.0128705 0.0216417 -0.0521423 0.0537073
5.14 -0.00519318 0.034857 -0.0134926 0.0144575
5.15 0.000728626 -0.0850344 -0.0204865 0.0204995
5.16 -0.00561814 -0.0182571 -0.0397666 0.0401615
5.17 -0.0206078 0.0573926 0.0256564 0.032908
5.18 -0.000438424 0.0496732 0.00627204 0.00628735
5.19 -0.0116657 -0.0325373 -0.000255394 0.0116685
5.2 0.00337179 -0.00570502 -0.0137842 0.0141906
5.21 -0.00166185 0.121646 0.000262738 0.00168249
5.22 -0.0234661 -0.0346378 -0.0460898 0.0517197
5.23 0.00201602 0.0346418 -0.0135314 0.0136808
5.24 -0.017429 0.0469299 -0.0132527 0.0218953
5.25 -0.00883912 -0.0120916 -0.0464063 0.0472406
5.26 0.0132692 0.019235 -0.0271379 0.0302082
5.27 -0.00617633 0.00890298 -0.0456592 0.0460751
5.28 -0.0125985 0.0172656 -0.000802137 0.012624
5.29 -0.00852273 -0.0162363 -0.00126823 0.00861658
5.3 -0.00573308 0.0306902 -0.00729412 0.00927752
5.31 -0.0160302 -0.0207247 -0.014362 0.0215229
5.32 0.00130443 0.0710739 0.0313267 0.0313539
5.33 -0.00013111 -0.0531481 0.01818 0.0181805
5.34 -0.0166091 -0.00327094 -0.0193086 0.0254693
5.35 -0.00346647 -0.0287859 -0.0197242 0.0200265
5.36 -0.0127704 0.0259764 -0.00632229 0.0142497
5.37 -0.00483071 0.0257213 0.0183889 0.0190128
5.38 -0.00171573 0.0996027 0.0321023 0.0321481
5.39 -0.0121967 -0.0056047 -0.0194557 0.0229626
5.4 -0.00874378 0.0101647 -0.00074194 0.0087752
5.41 -0.00241793 -0.0379106 -0.0275907 0.0276964
5.42 -0.00245958 0.0867871 -0.0199104 0.0200618
5.43 0.00395483 -0.0865015 0.00510953 0.00646127
5.44 0.0070845 0.0138901 0.0121412 0.014057
5.45 -0.0158452 -0.0390391 -0.0266321 0.0309893
5.46 -0.0162433 -0.0700629 -0.0200458 0.0258007
5.47 -0.00575081 0.0527295 -0.0196239 0.0204492
5.48 -0.00969444 0.104486 0.00629596 0.0115595
5.49 -0.0214472 0.0221595 -0.0457684 0.0505443
5.5 -0.0158741 -0.0436916 -0.039456 0.0425295
5.51 -0.00235531 0.126932 0.00581798 0.00627665
5.52 0.00205563 0.0395843 -0.0144263 0.0145721
5.53 -0.0040141 -0.0147078 -0.00761978 0.00861244
5.54 0.00318634 -0.0326505 -0.0139756 0.0143342
5.55 -0.0176318 0.0646438 -0.00697386 0.0189609
5.56 0.00629734 -0.00762921 -0.000960671 0.00637019
5.57 -0.00487328 0.0211018 0.0253453 0.0258095
5.58 -0.0245285 0.0281733 -0.00660722 0.0254028
5.59 0.00884666 0.159864 0.012834 0.0155877
5.6 -0.00116473 0.0146573 -0.00715795 0.00725209
5.61 -0.00851483 -0.03432 -0.0334271 0.0344945
5.62 -0.0014665 0.0195644 -0.0139903 0.014067
5.63 0.00236232 0.00748778 -0.0328156 0.0329005
5.64 0.00316748 -0.0278868 -0.0140267 0.0143799
5.65 -0.00602236 -0.000569425 -0.0198767 0.020769
5.66 0.00272582 0.0475353 0.00582597 0.0064321
5.67 -0.00138771 0.0905646 0.00618989 0.00634353
5.68 -0.00714736 0.102927 -0.01341 0.0151958
5.69 0.0134507 0.0904845 0.01225 0.018193
5.7 -0.00551344 0.0350791 0.00563819 0.00788589
5.71 -0.00106965 0.00124395 -0.00108374 0.0015227
5.72 -0.00732141 -0.0444859 0.0128078 0.0147527
5.73 -0.00589441 0.0395299 -0.000280108 0.00590106
5.74 -0.00468411 0.0612376 -0.013355 0.0141526
5.75 0.0030831 -0.0236124 -0.032944 0.0330879
5.76 -0.00934912 0.0507881 -0.0260867 0.0277114
5.77 -0.0127525 0.0972624 0.0196489 0.0234245
5.78 0.0073308 0.0273392 0.0120045 0.0140658
5.79 -0.00475375 0.0343668 -0.0130053 0.0138469
5.8 -0.00677882 0.138425 -0.00633043 0.00927506
5.81 -0.00501057 0.030218 -0.0262784 0.0267518
5.82 -0.00583592 0.0529196 -0.00658675 0.00880019
5.83 0.00550916 0.0951276 -0.0132155 0.0143178
5.84 -0.012748 -0.0362825 -0.0651435 0.0663791
5.85 -0.00105015 0.0324722 -0.0139484 0.0139879
5.86 0.00206277 0.00798724 -0.013755 0.0139088
5.87 -0.00139449 0.0327598 -0.0138244 0.0138945
5.88 -0.0173507 0.0820992 -0.00640972 0.0184968
5.89 -0.00786458 0.224243 -0.0195611 0.0210829
5.9 -0.0131426 0.0443729 -0.00133647 0.0132104
5.91 -0.00161373 0.0415621 -0.00708089 0.00726245
5.92 -0.00630035 -0.178718 0.00487667 0.0079672
5.93 -0.000728257 0.0144903 -0.00060908 0.000949387
5.94 -0.00380321 0.212438 -0.0132768 0.0138108
5.95 -0.0053057 0.102198 0.0122807 0.0133778
5.96 0.0135984 0.0591994 0.0051044 0.0145248
5.97 0.0110314 0.00690981 0.0188743 0.0218616
5.98 -0.00322555 -0.126913 0.0306493 0.0308186
5.99 -0.0163157 -0.00328536 6.85913e-06 0.0163157
6 0.00316448 -0.0502035 -0.00162661 0.00355807
6.01 -0.00373419 -0.0371677 0.0115616 0.0121497
6.02 -0.000901962 0.027589 -0.00688356 0.00694241
6.03 -0.00331071 0.0338079 -0.0139437 0.0143314
6.04 -0.000953483 0.0721653 -0.00681564 0.00688201
6.05 -0.00748124 -0.111554 -0.00721335 0.0103924
6.06 0.00317223 0.0344867 -0.0461583 0.0462672
6.07 -0.0130523 -0.0178613 -0.0462386 0.0480455
6.08 -0.00556599 0.0436831 -0.00651674 0.00857019
6.09 -0.00590435 0.0621823 -0.0202672 0.0211097
6.1 -0.0124666 0.00363188 -0.0195257 0.0231661
6.11 -0.00450087 0.0122954 -0.00676919 0.00812895
6.12 -0.0023237 0.0379365 -0.00106169 0.00255476
6.13 -0.00667361 0.10252 -0.00652211 0.0093314
6.14 0.00173807 0.0393224 0.0248984 0.024959
6.15 -0.00517631 -0.0229937 -0.0396393 0.0399759
6.16 -0.00319307 0.0739395 -0.0331367 0.0332902
6.17 0.00278831 0.0524714 -0.0514779 0.0515534
6.18 -0.00361666 -0.00646513 -0.00675321 0.00766068
6.19 -0.00772451 -0.0932578 -0.0203524 0.021769
6.2 0.00357307 -0.0284797 0.00519692 0.00630673
6.21 -0.00289232 0.122442 0.00595747 0.00662246
6.22 -0.00634917 0.0578129 -0.0134573 0.0148798
6.23 -0.00970125 0.0372518 -0.0128426 0.0160949
6.24 -0.0135511 0.0265921 -0.0390007 0.0412879
6.25 0.000387514 -0.062611 0.0186296 0.0186337
6.26 -0.00948602 -0.0204106 -0.0202852 0.0223936
6.27 -0.00797455 -0.0396018 -0.0136113 0.0157753
6.28 -0.00741287 0.0810504 -0.0330026 0.0338248
6.29 -0.00417646 -0.0550513 -0.0073658 0.00846746
6.3 -0.0117729 -0.117478 -0.0334982 0.0355067
6.31 -0.000188938 0.00530482 -0.000230404 0.000297966
6.32 -0.00469034 0.00735611 -0.0390707 0.0393512
6.33 -0.00181505 0.041697 -0.0197234 0.0198068
6.34 0.00694426 0.0365402 -0.0388838 0.0394991
6.35 -2.9854e-05 -0.00855628 -0.0322616 0.0322616
6.36 0.000217215 0.0850894 -0.00746404 0.0074672
6.37 -0.00460802 -0.0952847 -0.0336734 0.0339873
6.38 -0.00581939 0.0844708 -0.0133899 0.0145998
6.39 -0.00286267 0.0603132 0.0182385 0.0184618
