0 -0.010293 -0.114758 0.00687921 0.0123802
0.01 -0.00478049 -0.237817 0.0186777 0.0192798
0.02 -0.0142901 -0.0715121 0.00666986 0.0157701
0.03 -0.0066429 -0.111952 -0.0256559 0.026502
0.04 -0.0131988 -0.148529 -0.0182374 0.0225125
0.05 -0.000219047 0.0221742 -0.0249723 0.0249733
0.06 -0.0212667 -0.237595 -0.0190281 0.0285366
0.07 -0.0199103 -0.0949714 -0.00671933 0.0210136
0.08 -0.00641019 -0.143588 -0.0195882 0.0206104
0.09 -0.0122146 -0.0768907 -0.0454269 0.0470404
0.1 0.00121228 -0.0854541 5.2345e-05 0.00121341
0.11 -0.0148343 -0.133787 -0.0383466 0.0411159
0.12 -0.00514571 -0.144462 0.00737549 0.00899312
0.13 -0.0174417 -0.14123 -0.0130859 0.0218049
0.14 -0.0094923 -0.163957 -0.0197792 0.021939
0.15 -0.00647607 -0.228135 -0.0267192 0.0274929
0.16 -0.0137468 -0.179549 -0.0448475 0.0469071
0.17 -0.00923603 -0.150521 -0.00626742 0.0111618
0.18 -0.00728532 -0.093909 0.00639104 0.0096913
0.19 -0.00925213 -0.159452 0.0193358 0.0214353
0.2 -0.008872 -0.199714 -0.0132218 0.0159225
0.21 -0.0183098 -0.033585 0.00665217 0.0194808
0.22 0.000716913 -0.111868 -0.0198656 0.0198786
0.23 -0.0135189 -0.148145 -0.0253596 0.0287379
0.24 -0.0106532 -0.100601 1.49316e-05 0.0106532
0.25 -0.00471319 -0.0235295 -0.0452831 0.0455277
0.26 -0.0128107 -0.188358 -0.00706068 0.0146276
0.27 -0.0082428 -0.240222 -0.0202617 0.0218742
0.28 -0.0164723 -0.195196 -0.00649681 0.0177072
0.29 -0.0237571 -0.0833145 -0.0452794 0.0511334
0.3 -0.0137643 -0.228215 -0.0520193 0.0538095
0.31 -0.00444428 -0.0819492 -0.0519731 0.0521628
0.32 -0.0144867 -0.111939 0.000521493 0.0144961
0.33 -0.0134527 -0.237077 -0.00069766 0.0134708
0.34 -0.0134615 -0.19715 -0.0329634 0.0356061
0.35 -0.012532 -0.144017 -0.0124751 0.0176827
0.36 -0.0101702 -0.149881 -0.0387128 0.0400264
0.37 -0.0214188 -0.143128 0.000425931 0.021423
0.38 -0.00970536 -0.203866 -0.0263387 0.0280699
0.39 -0.0250401 -0.163579 -0.025521 0.0357537
0.4 -0.0254015 -0.198766 -0.0128924 0.028486
0.41 -0.00980914 -0.105587 0.000288774 0.00981339
0.42 -0.0120895 -0.0683758 -0.0388074 0.040647
0.43 -0.0195028 0.00298276 -0.0253691 0.0319992
0.44 0.0052007 -0.136998 -0.006931 0.00866522
0.45 -0.0180357 -0.154049 -0.0319022 0.0366475
0.46 -0.00864582 -0.253485 0.0124219 0.0151345
0.47 -0.0133128 -0.166202 -0.0125614 0.0183035
0.48 -0.0191718 -0.0998843 -0.0195935 0.0274129
0.49 -0.0130138 -0.170625 -0.0259204 0.0290039
0.5 -0.0288489 -0.138991 -0.0189234 0.0345015
0.51 -0.0132044 -0.250495 -0.0199945 0.0239611
0.52 -0.0152621 -0.138532 -0.0322368 0.0356671
0.53 -0.0135595 -0.170202 -0.0384389 0.0407604
0.54 0.00581723 -0.12829 0.0125694 0.0138502
0.55 -0.0107399 -0.060011 -0.0257566 0.0279061
0.56 -0.0087387 -0.164184 -4.66886e-05 0.00873883
0.57 -0.00347592 -0.105145 -0.00678377 0.00762244
0.58 -0.00547836 -0.139981 0.0132178 0.0143081
0.59 -0.0176774 -0.1187 -0.0122164 0.0214879
0.6 -0.00207754 -0.150302 -0.0131197 0.0132832
0.61 -0.00617463 -0.14364 -0.000543301 0.00619849
0.62 -0.00587205 -0.192689 -0.000592306 0.00590184
0.63 -0.00125757 -0.177863 -0.0255141 0.0255451
0.64 -0.00583069 -0.143908 -0.0258059 0.0264564
0.65 -0.00239264 -0.15481 0.0258425 0.0259531
0.66 -0.0126657 -0.215377 -0.0389874 0.0409931
0.67 -0.0112562 -0.0868633 -0.0193513 0.022387
0.68 -0.0129932 -0.192987 -0.0196522 0.0235591
0.69 -0.0184145 -0.0963502 -0.0378763 0.0421154
0.7 -0.0165433 -0.181848 0.00643577 0.0177511
0.71 -0.011492 -0.100183 -0.00667797 0.0132914
0.72 -0.0201392 -0.242583 -0.0130873 0.024018
0.73 -0.00159852 -0.155278 -0.0126515 0.0127521
0.74 -0.0166694 -0.146382 0.0329513 0.0369278
0.75 -0.00673963 -0.174285 -0.0264508 0.0272959
0.76 -0.0100097 -0.194874 -0.00655811 0.0119668
0.77 -0.0297705 -0.0624959 -0.018976 0.035304
0.78 -0.0097067 -0.127797 -0.0255572 0.0273384
0.79 -0.0164126 -0.132804 0.0453488 0.0482274
0.8 -0.0242326 -0.24848 0.00558493 0.0248679
0.81 -0.00630218 -0.227862 -0.0521605 0.0525399
0.82 -0.0181837 -0.136136 0.00696171 0.0194708
0.83 -0.0251517 -0.159077 -0.0311306 0.0400215
0.84 -0.00722081 -0.0717366 -0.0129168 0.0147981
0.85 -0.008325 -0.262995 -0.00694759 0.0108432
0.86 0.00135427 -0.13479 -0.0194743 0.0195213
0.87 -0.0102219 -0.105466 -0.0123919 0.0160639
0.88 -0.0133653 -0.125529 -0.0319305 0.0346149
0.89 -0.00705585 -0.102563 -0.0129593 0.0147557
0.9 -0.0127259 -0.18887 0.0324087 0.0348177
0.91 -0.0137945 -0.170351 0.0190488 0.023519
0.92 -0.0204162 -0.165899 -0.02563 0.0327676
0.93 -0.00898755 -0.164119 0.0258273 0.0273464
0.94 -0.0151269 -0.0979615 -0.0191856 0.0244317
0.95 -0.0065781 -0.156542 -0.0706434 0.070949
0.96 -0.0157143 0.0139479 -0.0185592 0.0243184
0.97 -0.0034876 -0.0516834 -0.0384533 0.0386111
0.98 -9.89431e-05 -0.205246 0.0254827 0.0254829
0.99 -0.0225754 -0.0758691 -0.0189103 0.0294491
1 -0.00387167 -0.332673 -0.0133582 0.013908
1.01 -0.0174645 -0.0695227 0.0197204 0.026342
1.02 -0.0098082 -0.181637 -0.0256313 0.0274439
1.03 -0.00717507 -0.124935 -0.0262396 0.0272029
1.04 -0.0154635 -0.10649 -0.0258438 0.0301168
1.05 -0.0141688 -0.0984855 -0.019125 0.0238017
1.06 -0.0175975 -0.217094 -0.00645908 0.0187455
1.07 -0.00270383 -0.052461 -0.03809 0.0381858
1.08 -0.0130454 -0.139284 0.00690739 0.0147613
1.09 -0.0200908 -0.117038 -0.0393466 0.0441791
1.1 -0.00386489 0.0201632 0.0070814 0.00806745
1.11 -0.00198482 -0.136829 -0.013024 0.0131744
1.12 -0.00333819 -0.100728 -0.0131313 0.013549
1.13 -0.0164455 -0.28891 -0.00719296 0.0179497
1.14 -0.0214984 -0.147347 -0.0192114 0.0288316
1.15 -0.0130373 -0.237502 -0.0192171 0.0232222
1.16 -0.0056005 -0.13939 -0.000339466 0.00561077
1.17 -0.0104205 -0.109597 -0.000255892 0.0104236
1.18 -0.0255424 -0.145366 -0.000181601 0.025543
1.19 -0.0138394 -0.138655 0.0191485 0.0236261
1.2 -0.0126039 -0.282626 0.00607036 0.0139895
1.21 0.000854576 -0.107451 -0.0262107 0.0262246
1.22 -0.0109179 -0.118573 -0.000135605 0.0109187
1.23 -0.0173896 -0.159243 -0.0251938 0.0306125
1.24 -0.024475 -0.315662 -0.0325985 0.0407638
1.25 -0.00324865 -0.0162273 -0.0121327 0.0125601
1.26 -0.0137519 -0.152521 0.00662705 0.0152654
1.27 -0.00729705 -0.133953 0.0124741 0.0144517
1.28 -0.00981297 -0.163715 -0.025787 0.027591
1.29 -0.00680585 -0.178859 -0.0133619 0.0149953
1.3 -0.00910074 -0.145639 -0.0076653 0.0118988
1.31 -0.00979883 -0.127917 -0.0322301 0.0336867
1.32 0.000224765 -0.0935059 -0.00713131 0.00713485
1.33 -0.0144129 -0.0937024 0.000566115 0.014424
1.34 -0.0323627 -0.177114 -0.0255076 0.0412066
1.35 -0.0107164 -0.1985 -0.0591063 0.06007
1.36 -0.0145651 -0.0988815 -0.0313946 0.0346087
1.37 -0.00604671 -0.183494 -0.0263039 0.0269899
1.38 -0.0229967 0.00927892 -0.0251422 0.0340732
1.39 -0.0102683 -0.158784 -0.0323869 0.0339758
1.4 -0.0147461 -0.00906738 -0.0247645 0.0288223
1.41 -0.00701732 -0.156232 -0.0197392 0.0209494
1.42 0.00602347 -0.155614 -9.68159e-06 0.00602348
1.43 -0.0127942 -0.166236 -0.0129881 0.0182314
1.44 -0.0255235 -0.114279 -0.0119319 0.0281748
1.45 0.0145175 -0.173399 0.0117557 0.0186803
1.46 -0.00621103 -0.196971 -0.00688982 0.00927613
1.47 -0.0136987 -0.147772 0.0122048 0.018347
1.48 -0.0143013 -0.0849932 0.000712907 0.014319
1.49 -0.00772495 -0.115878 -0.0391524 0.0399073
1.5 -0.0106916 -0.0467699 -0.0194588 0.0222026
1.51 -0.0102776 -0.109911 0.0132305 0.0167534
1.52 -0.0100233 -0.137024 -0.0389795 0.0402476
1.53 -0.00583383 -0.143746 0.00650855 0.00874042
1.54 -0.00860038 -0.0567501 -0.03919 0.0401226
1.55 -0.0139402 -0.147074 0.00528292 0.0149077
1.56 -0.0178654 -0.109491 0.00699097 0.0191845
1.57 -0.0102379 -0.114236 -0.0130417 0.0165801
1.58 -0.0225497 -0.102962 0.00719189 0.0236688
1.59 -0.0211352 -0.152398 -0.0192844 0.0286109
1.6 -0.0185377 -0.144942 -0.0581936 0.0610749
1.61 0.00208417 -0.157611 0.0127286 0.0128981
1.62 -0.0077645 -0.0887519 -0.0454718 0.0461299
1.63 -0.0068389 -0.139026 -0.0383815 0.038986
1.64 -0.00339188 -0.1094 -0.0130075 0.0134425
1.65 -0.0235828 -0.0125365 0.00065146 0.0235918
1.66 -0.00993673 -0.22566 -0.0395271 0.040757
1.67 -0.0179985 -0.0516958 0.00745732 0.0194822
1.68 -0.0173061 -0.119376 0.000604873 0.0173166
1.69 -0.0180387 -0.176366 -0.0195021 0.0265656
1.7 -0.00421254 -0.207496 0.0385237 0.0387533
1.71 -0.0331119 -0.163062 0.000207171 0.0331125
1.72 -0.0125563 -0.157323 0.000233944 0.0125584
1.73 -0.0146721 -0.106816 -0.00688416 0.0162068
1.74 -0.0185125 -0.198598 -0.0200515 0.0272905
1.75 0.000920638 -0.103038 -0.0130459 0.0130784
1.76 -0.0259521 -0.100288 -0.0316009 0.0408917
1.77 -0.00927901 -0.168331 -0.0189868 0.0211328
1.78 -0.0135229 -0.174366 -0.0323966 0.0351057
1.79 -0.0216214 -0.147893 -0.0132096 0.0253373
1.8 -0.0103666 -0.0875535 -0.0320954 0.0337281
1.81 -0.0186537 -0.122538 -0.0388203 0.0430694
1.82 -0.0145498 -0.107246 -0.0195805 0.0243945
1.83 -0.00690089 0.0306539 -0.0181676 0.0194341
1.84 -0.0268796 -0.0550547 -0.0385698 0.0470121
1.85 -0.022505 -0.102569 -0.0252656 0.0338353
1.86 -0.00694248 -0.134092 -0.000256844 0.00694723
1.87 -0.00324071 -0.0116714 -0.0506301 0.0507337
1.88 -0.0253999 -0.136231 -0.0127095 0.0284022
1.89 -0.0093765 -0.163882 -0.0192381 0.0214015
1.9 -0.00734349 0.0086663 0.0199981 0.0213038
1.91 -0.005952 -0.116935 -1.10544e-05 0.00595201
1.92 -0.00526471 -0.237539 -0.000746147 0.00531732
1.93 -0.0252796 -0.212388 -0.0452644 0.0518452
1.94 -0.018395 -0.158628 -0.0129908 0.0225197
1.95 -0.0187438 -0.127227 0.00665579 0.0198904
1.96 -0.014578 -0.156201 -0.0130328 0.0195544
1.97 -0.0141199 -0.152187 0.0128829 0.0191139
1.98 -0.0136482 -0.125386 -0.0387118 0.0410473
1.99 -0.0105361 -0.0830892 -0.0379756 0.0394101
2 -0.00817934 -0.254364 0.0258551 0.0271181
2.01 -0.0114745 -0.0647282 0.005956 0.0129282
2.02 0.00083272 -0.111793 -0.0193245 0.0193425
2.03 -0.00642526 -0.103336 0.012775 0.0142998
2.04 -0.010759 -0.100688 0.0131224 0.0169692
2.05 -0.0188115 -0.194175 -0.00669177 0.0199663
2.06 -0.0189715 -0.113352 -0.0255123 0.0317931
2.07 -0.0286249 -0.165715 -0.0255112 0.0383433
2.08 -0.0159572 -0.0703682 -0.0455789 0.0482915
2.09 -0.0187768 -0.0779663 -0.019242 0.0268853
2.1 -0.00564347 -0.157201 -0.0130588 0.0142261
2.11 -0.010476 -0.10067 -0.0063493 0.0122499
2.12 -0.00171292 -0.172932 -0.0321141 0.0321597
2.13 -0.00248458 -0.141559 -0.0125462 0.0127898
2.14 -0.00687503 -0.0669635 -0.0383008 0.038913
2.15 -0.0147658 -0.156261 -0.0192027 0.0242234
2.16 -0.00644279 -0.161431 0.00647956 0.00913752
2.17 -0.0075015 0.0175051 -0.0315553 0.0324347
2.18 -0.00298507 -0.0606486 -0.0132769 0.0136083
2.19 -0.0188631 -0.127121 0.0132906 0.023075
2.2 -0.00698924 -0.107438 -3.32677e-05 0.00698932
2.21 -0.0185677 -0.13102 -0.0705402 0.072943
2.22 -0.00744822 -0.227571 -0.717438 0.717477
2.23 0.0359166 -0.292239 -1.50912 1.50955
2.24 0.118601 -0.366138 -1.54071 1.54527
2.25 0.257742 -0.363498 -1.48139 1.50364
2.26 0.32282 -0.337221 -1.36153 1.39928
2.27 0.349998 -0.299972 -1.53729 1.57663
2.28 0.305624 -0.441046 -1.94256 1.96645
2.29 0.250709 -0.454546 -2.45192 2.4647
2.3 0.202288 -0.369273 -2.88285 2.88994
2.31 0.238358 -0.601079 -3.16992 3.17887
2.32 0.26303 -0.486595 -3.67356 3.68296
2.33 0.304447 -0.541131 -4.00504 4.01659
2.34 0.3641 -0.415985 -4.3621 4.37727
2.35 0.399397 -0.539422 -4.80453 4.82111
2.36 0.453051 -0.678729 -5.22125 5.24087
2.37 0.519253 -0.759179 -5.51527 5.53966
2.38 0.541215 -0.549662 -5.7856 5.81086
2.39 0.551852 -0.823379 -6.09076 6.11571
2.4 0.535444 -0.79007 -6.31591 6.33856
2.41 0.559991 -0.662344 -6.60068 6.62439
2.42 0.6087 -0.710292 -6.88075 6.90762
2.43 0.699756 -0.775842 -7.116 7.15033
2.44 0.775793 -0.653682 -7.35711 7.3979
2.45 0.85914 -0.874586 -7.58066 7.62919
2.46 0.894869 -0.67903 -7.90422 7.95471
2.47 0.934512 -0.855317 -8.19088 8.24402
2.48 0.976299 -0.827687 -8.46964 8.52572
2.49 1.01052 -0.871363 -8.70373 8.76219
2.5 1.02771 -1.01191 -8.95042 9.00923
2.51 1.07623 -0.716847 -9.07913 9.14269
2.52 1.11266 -0.860276 -9.2548 9.32144
2.53 1.12155 -0.929126 -9.44258 9.50896
2.54 1.14982 -0.870545 -9.60459 9.67317
2.55 1.18145 -0.898587 -9.78752 9.85857
2.56 1.17384 -0.875673 -9.97526 10.0441
2.57 1.14064 -0.949625 -10.2274 10.2908
2.58 1.15411 -0.98795 -10.4484 10.5119
2.59 1.16796 -1.0182 -10.6308 10.6947
2.6 1.19928 -0.92078 -10.832 10.8981
2.61 1.22272 -0.907557 -11.0211 11.0887
2.62 1.23709 -1.00527 -11.158 11.2264
2.63 1.24966 -1.04372 -11.3406 11.4093
2.64 1.24528 -1.06779 -11.4697 11.5371
2.65 1.23409 -1.11909 -11.5652 11.6309
2.66 1.21939 -0.918879 -11.634 11.6978
2.67 1.20952 -1.09532 -11.7251 11.7873
2.68 1.2209 -1.15013 -11.9922 12.0542
2.69 1.26201 -1.07764 -12.0772 12.1429
2.7 1.30075 -1.17731 -12.1636 12.2329
2.71 1.31864 -1.10404 -12.1124 12.184
2.72 1.31456 -1.15128 -12.1568 12.2277
2.73 1.31617 -1.11243 -12.215 12.2857
2.74 1.32301 -1.18786 -12.3386 12.4093
2.75 1.31597 -1.0726 -12.461 12.5303
2.76 1.30597 -1.15514 -12.4682 12.5364
2.77 1.28587 -1.18323 -12.5068 12.5728
2.78 1.25799 -1.20604 -12.5705 12.6333
2.79 1.23774 -1.18476 -12.6284 12.6889
2.8 1.21995 -1.37471 -12.6995 12.7579
2.81 1.23241 -1.217 -12.7517 12.8111
2.82 1.23789 -1.21154 -12.7978 12.8576
2.83 1.2534 -1.24844 -12.8628 12.9237
2.84 1.2203 -1.17512 -12.8878 12.9454
2.85 1.21177 -1.21461 -12.8751 12.932
2.86 1.18928 -1.20598 -12.8344 12.8894
2.87 1.19597 -1.17846 -12.9127 12.968
2.88 1.21091 -1.05907 -12.8728 12.9296
2.89 1.19813 -1.05538 -12.9055 12.961
2.9 1.22969 -1.13284 -13.0082 13.0662
2.91 1.23795 -1.16015 -13.0721 13.1305
2.92 1.25035 -1.20366 -13.0647 13.1244
2.93 1.21517 -1.14237 -13.0242 13.0808
2.94 1.1909 -1.15858 -13.0822 13.1363
2.95 1.16274 -1.29413 -13.1735 13.2247
2.96 1.20383 -1.16779 -13.2668 13.3213
2.97 1.29735 -1.33324 -13.2967 13.3598
2.98 1.34977 -1.3346 -13.402 13.4698
2.99 1.37245 -1.26807 -13.3953 13.4655
3 1.39735 -1.26049 -13.5329 13.6048
3.01 1.3836 -1.26996 -13.6122 13.6823
3.02 1.34785 -1.36046 -13.6759 13.7422
3.03 1.33959 -1.35089 -13.6633 13.7288
3.04 1.33748 -1.33294 -13.643 13.7084
3.05 1.32637 -1.3892 -13.67 13.7342
3.06 1.35914 -1.31711 -13.7807 13.8475
3.07 1.43057 -1.33095 -13.79 13.864
3.08 1.46445 -1.31735 -13.7205 13.7984
3.09 1.48965 -1.23957 -13.5773 13.6588
3.1 1.47419 -1.15928 -13.4462 13.5268
3.11 1.42063 -1.19394 -13.4312 13.5061
3.12 1.40364 -1.29546 -13.5917 13.664
3.13 1.42997 -1.27604 -13.7686 13.8426
3.14 1.47262 -1.28909 -13.8737 13.9517
3.15 1.48212 -1.33028 -13.8667 13.9457
3.16 1.50263 -1.31139 -13.8451 13.9264
3.17 1.47622 -1.17062 -13.9336 14.0116
3.18 1.46695 -1.24925 -14.1462 14.2221
3.19 1.46298 -1.26385 -14.3012 14.3759
3.2 1.45203 -1.17272 -14.2599 14.3337
3.21 1.45802 -1.16327 -14.1937 14.2684
3.22 1.44638 -1.1351 -14.1339 14.2077
3.23 1.4726 -1.22302 -14.1032 14.1799
3.24 1.49115 -1.15418 -14.0656 14.1444
3.25 1.49125 -1.18941 -13.9046 13.9844
3.26 1.45565 -1.14967 -13.8523 13.9286
3.27 1.47378 -1.2671 -14.1259 14.2026
3.28 1.5091 -1.4586 -14.3712 14.4502
3.29 1.58665 -1.50195 -14.5827 14.6687
3.3 1.65752 -1.43727 -14.4938 14.5883
3.31 1.62386 -1.34178 -14.3422 14.4338
3.32 1.62837 -1.35326 -14.3025 14.3949
3.33 1.56207 -1.32233 -14.4693 14.5534
3.34 1.55182 -1.41409 -14.7088 14.7904
3.35 1.56587 -1.38795 -14.7092 14.7923
3.36 1.62397 -1.33471 -14.6506 14.7403
3.37 1.59933 -1.34725 -14.5514 14.639
3.38 1.56031 -1.35068 -14.5815 14.6647
3.39 1.52359 -1.25266 -14.644 14.7231
3.4 1.52318 -1.40822 -14.7805 14.8588
3.41 1.51677 -1.17272 -14.8114 14.8888
3.42 1.53695 -1.27459 -14.8637 14.943
3.43 1.5284 -1.27003 -14.9069 14.9851
3.44 1.53491 -1.32286 -15.0428 15.1209
3.45 1.52671 -1.2872 -15.0552 15.1324
3.46 1.52365 -1.25477 -15.0719 15.1487
3.47 1.52327 -1.25978 -15.0381 15.1151
3.48 1.51152 -1.14215 -15.0877 15.1632
3.49 1.46583 -1.15847 -15.1116 15.1826
3.5 1.39185 -1.08694 -14.6545 14.7205
3.51 1.16478 -0.617297 -10.3111 10.3767
3.52 1.17443 -0.371999 -8.63095 8.71049
3.53 0.926873 -0.568434 -12.0707 12.1062
3.54 0.496666 -1.03339 -20.9179 20.9238
3.55 1.31063 -1.45274 -18.319 18.3658
3.56 2.23353 -0.995342 -12.3328 12.5335
3.57 2.40203 -1.17738 -10.52 10.7907
3.58 2.32677 -1.44682 -10.1098 10.3741
3.59 2.03967 -1.51613 -10.3923 10.5905
3.6 1.44288 -1.38634 -9.84465 9.94982
3.61 0.890539 -1.06422 -8.43948 8.48633
3.62 0.560988 -0.659347 -6.9144 6.93712
3.63 0.403182 -0.499267 -5.82393 5.83787
3.64 0.345094 -0.668465 -5.30449 5.3157
3.65 0.313643 -0.787757 -5.04405 5.05379
3.66 0.281563 -0.902786 -4.61245 4.62103
3.67 0.254199 -0.698995 -3.92361 3.93183
3.68 0.199309 -0.344028 -2.94393 2.95067
3.69 0.12595 -0.318638 -2.00422 2.00818
3.7 -0.0261231 -0.213854 -1.30381 1.30408
3.71 -0.202126 -0.0499982 -0.861779 0.885165
3.72 -0.316323 -0.0279867 -0.383981 0.497495
3.73 -0.294652 -0.0286195 -0.161586 0.33605
3.74 -0.0485396 -0.152045 -0.0839964 0.0970128
3.75 -0.010872 -0.126492 -0.0261379 0.0283089
3.76 -0.030137 -0.159876 -0.0256079 0.0395474
3.77 -0.0237347 -0.145915 -0.0264529 0.03554
3.78 -0.00989256 -0.26144 -0.00767486 0.0125206
3.79 -0.0257777 -0.225448 -0.0131922 0.0289573
3.8 -0.0194928 -0.135312 -0.0651915 0.0680433
3.81 -0.0176335 -0.154299 -0.0317557 0.036323
3.82 -0.0172871 -0.320077 -0.0268631 0.0319448
3.83 -0.0151048 -0.0579496 0.0135184 0.0202707
3.84 -0.0112136 -0.0596041 -0.0326469 0.0345191
3.85 -0.00280064 -0.163182 0.0124418 0.0127531
3.86 -0.021993 -0.240542 -0.0396729 0.0453611
3.87 -0.01962 -0.0239576 0.0134997 0.0238157
3.88 -0.0315738 -0.106168 -0.0260686 0.0409448
3.89 -0.0272777 -0.179585 0.00576914 0.0278811
3.9 -0.00552332 -0.0412606 -0.00656064 0.00857607
3.91 -0.0171283 -0.292763 -0.0144814 0.0224297
3.92 -0.0163008 -0.0436984 -0.00610091 0.0174051
3.93 -0.0144161 -0.209344 -0.000675889 0.0144319
3.94 -0.0155219 -0.0972398 -0.0258757 0.0301742
3.95 -0.0180723 -0.26587 -0.020107 0.0270351
3.96 -0.0121379 -0.0951696 0.0380052 0.0398964
3.97 -0.00671749 -0.134273 0.00625391 0.00917802
3.98 -0.0223722 -0.173737 0.00598629 0.0231592
3.99 -0.0143246 -0.16492 -0.0133745 0.0195978
4 -0.0175788 -0.0426299 -0.0395372 0.043269
4.01 -0.00754127 -0.128989 -0.0192294 0.0206553
4.02 -0.011507 -0.0372918 0.0193442 0.022508
4.03 -0.00352716 -0.118063 -0.00702317 0.00785912
4.04 -0.0192884 -0.0908326 0.00636013 0.02031
4.05 -0.0141438 -0.151961 -0.0323769 0.0353314
4.06 -0.0139664 -0.254804 -0.0263689 0.0298392
4.07 -0.00749317 -0.12912 0.0187873 0.0202264
4.08 -0.0180423 -0.212035 -0.000524882 0.0180499
4.09 -0.00342432 -0.127082 -0.0131934 0.0136305
4.1 -0.00724152 -0.12024 0.012229 0.0142122
4.11 -0.0184191 -0.158562 -0.0319976 0.0369203
4.12 -0.0180467 -0.110055 -0.0124164 0.0219055
4.13 -0.0114111 -0.023981 -0.0128746 0.0172037
4.14 -0.0110422 -0.19387 -0.00729852 0.0132363
4.15 -0.0108615 -0.135792 -0.0127281 0.0167325
4.16 -0.0104933 -0.158604 -0.0388983 0.0402888
4.17 -0.0261443 -0.140101 0.0131609 0.02927
4.18 -0.0259608 -0.108929 0.0388509 0.0467264
4.19 -0.0143059 -0.169845 0.0129301 0.0192833
4.2 -0.0140808 -0.147386 0.0131023 0.0192339
4.21 -0.0271696 -0.0903987 -0.019198 0.0332678
4.22 -0.0300916 -0.168951 -0.00691005 0.0308748
4.23 -0.0160298 -0.00375169 0.000727279 0.0160463
4.24 -0.00660073 -0.111437 0.0244832 0.0253574
4.25 -0.0055619 -0.17042 -0.0134572 0.0145613
4.26 -0.013308 -0.300108 0.00543248 0.0143741
4.27 -0.0243181 -0.0786518 0.0126221 0.0273987
4.28 -0.0175806 -0.172352 0.00641355 0.0187139
4.29 -0.00957383 -0.221604 0.0120308 0.0153752
4.3 -0.0122961 0.0389217 -0.00600914 0.0136859
4.31 -0.00368056 -0.117878 -0.0330437 0.033248
4.32 -0.00343113 -0.104933 0.0121527 0.0126278
4.33 -0.00388173 -0.117924 0.00570779 0.00690266
4.34 -0.0189858 -0.0237361 -0.0377807 0.0422828
4.35 -0.0070859 -0.13392 -0.0126288 0.0144809
4.36 -0.0166185 -0.0343508 -0.0190484 0.0252787
4.37 -0.00981352 -0.154428 -0.0255483 0.0273683
4.38 -0.017979 -0.216567 -0.00667588 0.0191785
4.39 -0.0102951 -0.135937 -0.0002792 0.0102989
4.4 -0.0252204 -0.140708 0.00681917 0.0261261
4.41 -0.0155008 -0.00381792 0.0390901 0.0420513
4.42 -0.0201373 -0.331048 0.0245415 0.0317458
4.43 -0.0217009 -0.187127 -0.0132374 0.0254196
4.44 -0.0167661 -0.186075 0.0258179 0.0307842
4.45 -0.0142788 -0.147594 0.0195369 0.0241986
4.46 -0.0165304 -0.195395 0.0194856 0.0255527
4.47 -0.025055 -0.203461 0.0128765 0.0281701
4.48 -0.0255889 -0.176206 -0.000262222 0.0255902
4.49 -0.0183586 -0.162952 0.0193069 0.026642
4.5 -0.012993 -0.273121 -0.0136178 0.0188219
4.51 -0.0192011 -0.0954302 0.0192159 0.0271649
4.52 -0.0138161 -0.174532 -0.000320517 0.0138198
4.53 -0.013231 -0.156962 0.0320932 0.0347136
4.54 -0.00814887 -0.0975109 0.0126427 0.0150413
4.55 -0.0185391 -0.0824256 0.0256983 0.0316876
4.56 -0.0113788 -0.109234 0.0259389 0.028325
4.57 -0.0173265 -0.154508 -0.00596758 0.0183254
4.58 -0.00639855 -0.151932 0.0256547 0.0264406
4.59 -0.0208091 -0.214865 0.0062506 0.0217276
4.6 -0.00739978 -0.0796553 0.00596411 0.00950407
4.61 -0.0104531 -0.12744 0.0258119 0.0278482
4.62 -0.00254799 -0.127759 0.0189821 0.0191523
4.63 -0.00305804 -0.158043 -0.000593304 0.00311506
4.64 -0.00815262 -0.0530457 0.0255862 0.0268537
4.65 -0.023924 -0.105917 0.00621299 0.0247176
4.66 -0.0237428 -0.0571264 0.000547898 0.0237491
4.67 -0.00350125 -0.122517 0.0127386 0.013211
4.68 -0.019714 -0.0773457 0.0320212 0.0376031
4.69 -0.0277593 -0.0675878 -0.00671186 0.0285592
4.7 -0.0216152 -0.0808007 0.00704328 0.0227337
4.71 -0.0271901 -0.068217 0.0259285 0.0375711
4.72 -0.0149591 -0.142483 0.00642615 0.016281
4.73 -0.0121655 -0.0146274 -0.0061161 0.0136164
4.74 -0.0184045 -0.202918 -0.00726594 0.0197868
4.75 -0.0218465 -0.125234 0.000194045 0.0218474
4.76 -0.0217166 0.196242 -0.00440686 0.0221593
4.77 -0.00476059 -0.193398 0.0254888 0.0259296
4.78 -0.0100644 -0.150136 0.0258243 0.0277162
4.79 -0.0102619 -0.207677 0.00570166 0.0117395
4.8 -0.0191185 -0.0594661 0.0255775 0.0319332
4.81 -0.00761032 -0.155719 -0.0199941 0.0213935
4.82 -0.0137985 -0.174093 0.0319237 0.0347782
4.83 -0.0119804 -0.126287 -0.00688655 0.0138186
4.84 -0.0184821 -0.118361 0.0137436 0.023032
4.85 -0.00992238 -0.199471 0.00629769 0.0117522
4.86 -0.0186352 -0.0957167 0.032776 0.0377033
4.87 -0.0130162 -0.259884 0.0121897 0.0178329
4.88 -0.011363 -0.113494 -0.0193431 0.0224338
4.89 -0.00662044 -0.174553 -0.00683196 0.00951346
4.9 -0.0151676 -0.110751 -0.00688836 0.0166585
4.91 -0.000918316 -0.151122 0.0258371 0.0258534
4.92 -0.014405 -0.124997 -0.0261299 0.0298375
4.93 -0.01171 -0.112903 0.0119835 0.016755
4.94 -0.0109474 -0.104671 0.0126539 0.0167322
4.95 -0.0252817 -0.176253 -0.000727087 0.0252922
4.96 -0.0246495 -0.158594 -0.0319685 0.0403681
4.97 -0.0180585 -0.220966 0.0250808 0.0309056
4.98 -0.00702882 -0.102951 -1.40715e-05 0.00702884
4.99 -0.0110301 -0.131206 0.00541846 0.0122891
5 -0.00265364 -0.127685 0.00583655 0.00641149
5.01 -0.0255761 -0.167274 0.032702 0.0415158
5.02 -0.025379 -0.238728 -0.000406935 0.0253823
5.03 -0.0163504 -0.0968548 0.00621853 0.017493
5.04 -0.016304 -0.0435363 0.0262142 0.0308708
5.05 0.000605909 -0.0849267 0.0447188 0.0447229
5.06 -0.0128853 -0.220108 0.0257248 0.0287715
5.07 -0.0225436 -0.142406 0.0192662 0.0296547
5.08 -0.00641786 -0.182999 0.0122664 0.0138439
5.09 -0.00885273 -0.101622 -0.0197135 0.02161
5.1 -0.0207242 -0.215216 0.0194664 0.0284329
5.11 -0.0082654 -0.00816411 0.00630653 0.0103966
5.12 0.00437232 -0.113973 0.0188247 0.0193258
5.13 -0.0105436 -0.144978 -0.026036 0.0280899
5.14 -0.021974 -0.129502 -0.00606535 0.0227958
5.15 -0.0261298 -0.216345 -0.00628656 0.0268754
5.16 -0.010836 -0.189287 -0.000841343 0.0108687
5.17 -0.00864582 -0.253485 0.0124219 0.0151345
5.18 -0.0255716 -0.220865 -0.0067325 0.026443
5.19 -0.0193609 -0.139859 -0.00714372 0.0206368
5.2 -0.0265425 -0.136109 0.000139502 0.0265429
5.21 -0.00227027 -0.123171 0.00593199 0.00635158
5.22 -0.0176943 -0.154013 -0.0259647 0.0314206
5.23 -0.00634486 -0.14326 0.025531 0.0263076
5.24 -0.015036 -0.160396 0.0124455 0.0195185
5.25 -0.0054457 -0.170365 0.0122225 0.0133807
5.26 -0.00998645 -0.199024 0.0444056 0.0455147
5.27 -0.0155432 -0.00827625 0.0197911 0.025165
5.28 -0.014691 -0.13412 0.000278994 0.0146937
5.29 -0.00594194 -0.232932 0.0314757 0.0320316
5.3 -0.00655178 -0.151586 -0.0266194 0.0274138
5.31 -0.00544333 -0.18404 0.0127381 0.0138524
5.32 -0.00393461 -0.122511 -0.0261254 0.02642
5.33 -0.0174261 -0.123353 0.0391941 0.0428935
5.34 -0.0338394 -0.167127 -0.0260172 0.0426849
5.35 -0.0105959 -0.0339621 0.052223 0.0532871
5.36 -0.00266915 -0.110053 0.0193997 0.0195825
5.37 0.00848836 -0.125399 0.00629687 0.010569
5.38 -0.0194644 -0.0508478 -0.00589535 0.0203376
5.39 -0.0121307 -0.0238318 5.07132e-05 0.0121308
5.4 -0.00688914 -0.0228079 0.0134995 0.0151557
5.41 -0.0114273 -0.055552 0.0190696 0.0222314
5.42 -0.0252817 -0.153613 -0.00706562 0.0262505
5.43 -0.0232172 -0.102129 0.0325083 0.0399478
5.44 -0.0127564 -0.233419 0.0130628 0.0182582
5.45 -0.0191716 -0.0774253 0.0254626 0.0318731
5.46 -0.0148041 -0.102611 0.0127176 0.0195166
5.47 -0.0147731 -0.102185 4.03723e-05 0.0147732
5.48 -0.00929792 -0.199418 -0.00723648 0.0117821
5.49 -0.00421219 0.0207738 0.013267 0.0139196
5.5 -0.00747797 -0.053568 0.0199774 0.0213311
5.51 -0.0101781 -0.131797 -0.00655396 0.0121057
5.52 -0.0144192 -0.151527 0.00569047 0.0155015
5.53 -0.0111172 -0.113578 0.038492 0.0400653
5.54 -0.0166114 -0.0791586 -0.0129117 0.0210393
5.55 -0.0175652 -0.167505 0.0127648 0.0217135
5.56 -0.0106021 -0.158368 -0.0197294 0.0223976
5.57 -0.0254295 -0.131757 0.000958193 0.0254476
5.58 -0.0117864 -0.104073 -0.0454337 0.0469376
5.59 -0.00710721 -0.14755 -0.00598137 0.0092892
5.6 -0.0113038 -0.0869329 0.0191677 0.0222526
5.61 -0.00950718 -0.203839 0.0186183 0.0209052
5.62 -0.0213288 -0.161421 0.0389385 0.0443973
5.63 -0.0131529 -0.215118 0.0252948 0.0285101
5.64 -0.00300612 -0.0386084 0.0329608 0.0330976
5.65 -0.00708081 -0.151861 0.0126679 0.0145125
5.66 -0.0213779 -0.223684 -0.000374787 0.0213812
5.67 -0.0162379 0.0185318 0.0134302 0.0210723
5.68 -0.00438076 0.0385709 0.0259507 0.0263178
5.69 -0.00486779 -0.0636018 0.0249606 0.0254308
5.7 -0.0101214 -0.171675 0.0123338 0.0159551
5.71 -0.00721719 -0.106934 -0.000482499 0.0072333
5.72 -0.0138923 -0.156453 -0.00721935 0.0156562
5.73 -0.0127717 -0.215626 0.000373021 0.0127772
5.74 -0.00987296 -0.104978 0.0121413 0.0156488
5.75 -0.0125033 -0.0857109 0.0121846 0.0174585
5.76 0.00144563 -0.161394 0.0254916 0.0255326
5.77 -0.0117997 -0.104059 -0.000512253 0.0118108
5.78 -0.0108148 -0.127431 -0.0325612 0.0343103
5.79 -0.0106173 -0.243349 -0.0200463 0.0226844
5.8 0.00143846 -0.139225 0.025696 0.0257362
5.81 -0.0145606 -0.120746 -0.000396348 0.014566
5.82 -0.0216937 -0.129342 0.0319161 0.0385908
5.83 -0.0223786 -0.115577 -0.00672755 0.023368
5.84 -0.0145274 -0.124728 0.0128194 0.0193748
5.85 -0.0216975 -0.18747 0.0058403 0.0224698
5.86 -0.0214368 -0.250265 -0.0137439 0.0254643
5.87 -0.00496471 -0.202208 -0.00646946 0.0081549
5.88 -0.0115344 -0.127281 -0.019636 0.0227731
5.89 -0.0183218 -0.0737903 0.0389907 0.0430809
5.9 -0.00380503 -0.0198767 -0.0063453 0.00739872
5.91 -0.0152518 -0.106657 0.025589 0.0297895
5.92 -0.0172387 -0.136485 0.0256883 0.0309364
5.93 -0.00990655 -0.149365 0.0251105 0.026994
5.94 -0.0110914 -0.131061 0.0123213 0.0165781
5.95 -0.0226562 -0.120003 -0.019931 0.0301753
5.96 -0.0198713 -0.11281 -0.000161326 0.019872
5.97 -0.0114039 -0.158352 0.000172126 0.0114052
5.98 -0.0101543 -0.132024 0.0387058 0.0400156
5.99 -0.00768176 -0.0623975 0.0131602 0.0152381
6 -0.0181161 -0.207631 -0.00690804 0.0193885
6.01 -0.0229404 -0.0214923 0.0453783 0.0508473
6.02 -0.00789554 -0.0355249 0.00714109 0.0106459
6.03 -0.00780203 -0.0888341 0.00669393 0.0102801
6.04 -0.0107768 -0.149515 0.0322067 0.0339619
6.05 -0.0143437 -0.125302 -0.00678226 0.0158663
6.06 -0.0211785 -0.161102 0.0196265 0.0288743
6.07 -0.00297867 -0.0963302 0.0193489 0.0195768
6.08 -0.00861281 -0.132786 -0.0201887 0.0219491
6.09 0.00523851 -0.101246 -0.0195059 0.0201971
6.1 -0.00573856 -0.143787 -0.019133 0.0199751
6.11 -0.00249274 -0.145934 -0.0254403 0.0255622
6.12 -0.015104 -0.124731 0.0129781 0.0199139
6.13 -0.0108477 -0.158645 0.0252248 0.0274584
6.14 -0.00315801 -0.171987 0.00585702 0.00665415
6.15 -0.00218876 -0.168459 0.0127478 0.0129343
6.16 -0.0137996 -0.142981 -0.00712364 0.0155298
6.17 -0.0139906 -0.152307 0.0198966 0.0243231
6.18 -0.0226992 -0.115516 0.0386587 0.0448302
6.19 -0.0075516 -0.0490037 -0.0126587 0.0147401
6.2 -0.0184614 -0.0509989 -0.0131512 0.0226667
6.21 -0.00650502 -0.107716 0.0193906 0.0204526
6.22 -0.00885565 -0.168324 0.00622807 0.0108264
6.23 -0.00938284 -0.185856 -0.0259151 0.0275614
6.24 -0.019054 -0.0372938 0.00626965 0.020059
6.25 -0.0103212 -0.154285 0.0125512 0.0162499
6.26 -0.00571425 -0.201347 -0.000430428 0.00573044
6.27 -0.018696 -0.104699 0.0131898 0.0228803
6.28 -0.0077416 -0.115522 -0.0133106 0.0153982
