0 0.0239677 -0.0233495 0.0382526 0.0451411
0.01 0.00118169 -0.040781 0.0514415 0.0514551
0.02 0.00723449 -0.0312315 0.0317623 0.0325758
0.03 0.0165133 -0.0100399 0.0515274 0.0541088
0.04 0.0133699 -0.0301032 0.0319881 0.0346698
0.05 0.0275368 -0.016612 0.00587726 0.028157
0.06 0.0104978 -0.122262 0.00627513 0.0122303
0.07 -0.00387557 -0.27894 0.0249626 0.0252616
0.08 0.0169588 -0.0592415 0.0387111 0.0422629
0.09 0.00828291 0.0086034 0.0259402 0.0272305
0.1 0.0136678 -0.0704984 0.0064062 0.0150947
0.11 0.0172966 -0.0240086 0.0322149 0.0365647
0.12 0.0172944 -0.0772566 0.0322701 0.0366123
0.13 0.00549814 -0.101363 0.0185458 0.0193436
0.14 0.00916868 -0.0502148 -0.0128797 0.0158099
0.15 0.0235639 -0.00533952 0.00563599 0.0242285
0.16 0.0136949 -0.0482471 0.0130129 0.0188914
0.17 0.0117432 0.11817 0.0517524 0.053068
0.18 0.0139093 -0.0617673 0.0124524 0.018669
0.19 -0.00398913 -0.260783 0.0439759 0.0441564
0.2 0.0316811 -0.0499478 0.0182159 0.0365446
0.21 0.0146866 -0.017655 0.0125097 0.0192922
0.22 0.0205849 0.000943155 0.0388656 0.0439804
0.23 0.0217402 -0.151169 0.0118509 0.0247605
0.24 0.0169648 -0.0504587 0.0257124 0.0308047
0.25 0.0151498 -0.00876188 0.00598958 0.0162908
0.26 0.0142624 -0.124623 0.0509332 0.0528925
0.27 0.0209297 -0.0885852 -0.00685493 0.0220237
0.28 0.0165578 -0.0190761 0.0199474 0.0259241
0.29 0.00800379 -0.0357185 0.00621593 0.010134
0.3 0.00549858 -0.0655324 0.031883 0.0323537
0.31 0.0205737 -0.0257488 0.0383708 0.0435385
0.32 0.0136672 -0.119701 0.0247848 0.0283033
0.33 0.023047 -0.183435 0.0699125 0.0736134
0.34 0.00276256 -0.135856 0.045 0.0450847
0.35 0.0142119 -0.110816 0.0124034 0.0188632
0.36 0.0169233 -0.0191059 0.0448923 0.0479762
0.37 0.0102659 -0.0774536 0.0450224 0.046178
0.38 0.0042574 -0.0876658 0.0576326 0.0577896
0.39 0.0245608 -0.00122354 0.032169 0.0404732
0.4 0.0216837 -0.0888321 0.0380168 0.043766
0.41 0.00607227 -0.0971134 0.0187496 0.0197084
0.42 0.0240758 -0.0276696 0.0510381 0.0564317
0.43 0.00984149 -0.117215 0.0121712 0.0156523
0.44 0.00594429 -0.159852 0.00549154 0.00809269
0.45 0.00216763 -0.0726249 0.0521038 0.0521489
0.46 0.021794 -0.0266935 0.0452837 0.0502552
0.47 0.0290355 -0.102391 0.00553503 0.0295584
0.48 0.0171731 -0.0502832 0.0580656 0.0605519
0.49 0.00464217 -0.0204361 0.00651932 0.0080032
0.5 0.0175383 -0.072772 0.0379563 0.0418123
0.51 0.0121895 -0.123047 0.0057138 0.0134623
0.52 0.0079451 0.031026 0.00648824 0.0102578
0.53 0.0105756 -0.0910155 0.0188203 0.0215881
0.54 0.0185253 -0.0780724 0.0517171 0.0549349
0.55 0.0317706 0.0119135 0.025553 0.0407716
0.56 0.0191622 -0.114186 0.0324327 0.0376706
0.57 0.00552149 0.00120372 0.0262947 0.0268682
0.58 0.0124811 -0.047807 -0.00713667 0.0143774
0.59 0.024192 0.0432518 0.0453069 0.0513611
0.6 0.0131498 -0.0703229 0.00571858 0.0143394
0.61 0.00540881 -0.0793281 0.0257258 0.0262882
0.62 0.00478047 -0.0030088 0.0712422 0.0714024
0.63 0.0103732 -0.140064 -0.000582959 0.0103896
0.64 0.00450935 0.0598183 0.0520393 0.0522343
0.65 0.00830599 -0.0180054 0.0318484 0.0329137
0.66 0.0122924 -0.0521119 0.0449008 0.0465531
0.67 0.00934042 -0.036447 0.0125549 0.0156483
0.68 0.00288241 -0.225204 -0.00723377 0.00778689
0.69 0.0137585 -0.0754385 0.0383397 0.0407336
0.7 0.0175324 -0.0909837 0.0518313 0.0547163
0.71 0.00955229 -0.045882 0.0386079 0.0397721
0.72 0.00562863 -0.0747782 0.0124051 0.0136224
0.73 0.00524419 0.0192365 0.0581449 0.0583809
0.74 0.0130225 0.018734 0.0131012 0.0184724
0.75 0.0088377 -0.0408536 0.0190942 0.0210403
0.76 0.0162403 0.070386 0.0261073 0.0307464
0.77 0.00548069 -0.0436541 0.0458068 0.0461336
0.78 0.0164965 -0.0319815 0.00606261 0.0175753
0.79 0.0131319 -0.0390157 0.0187661 0.0229044
0.8 0.0103498 -0.126988 0.0514782 0.0525083
0.81 0.0368163 -0.0622024 0.0250988 0.0445577
0.82 0.00317378 -0.0379815 -0.000134778 0.00317664
0.83 0.0311074 -0.0183667 0.0313493 0.0441638
0.84 0.0133099 -0.0926564 0.00639613 0.014767
0.85 0.0202821 -0.0206934 0.018934 0.0277464
0.86 0.0127789 -0.0567976 0.0902182 0.0911188
0.87 0.0120613 0.01942 0.0453545 0.0469308
0.88 0.0088301 -0.0545164 0.00596136 0.010654
0.89 0.0202874 -0.0479026 0.018851 0.0276937
0.9 0.0123689 0.0325637 0.064566 0.0657401
0.91 0.00586265 -0.0215615 0.0648237 0.0650883
0.92 0.0250529 -0.0195855 0.0194347 0.0317073
0.93 0.0283352 -0.039267 0.0508848 0.0582421
0.94 0.0181136 -0.144753 0.0636322 0.0661601
0.95 0.00993895 -0.144304 0.0187611 0.0212311
0.96 0.0249726 -0.0505281 0.0380897 0.0455461
0.97 0.0183902 -0.0865745 0.0314492 0.0364314
0.98 0.0169169 -0.0410798 0.0382147 0.0417916
0.99 0.0187617 -0.154174 0.0448419 0.0486086
1 0.020848 -0.0660982 0.0189207 0.0281537
1.01 0.00625054 -0.0706395 0.0254846 0.0262399
1.02 0.016672 -0.0147942 0.0711263 0.0730542
1.03 0.00761714 -0.245539 0.0311002 0.0320194
1.04 0.0208385 -0.0302547 0.0186094 0.0279384
1.05 0.00387499 -0.203186 0.0442853 0.0444545
1.06 0.0160121 -0.0450752 0.0183545 0.0243573
1.07 0.0166728 -0.0012808 0.0382962 0.0417682
1.08 0.0216328 -0.111199 0.0637948 0.0673629
1.09 0.00910985 -0.0544977 0.0450571 0.0459689
1.1 0.0204337 -0.0259192 0.0450765 0.0494917
1.11 0.0132364 -0.0657941 0.045066 0.0469696
1.12 0.0135413 -0.0482232 0.0132454 0.0189422
1.13 0.00763453 -0.151755 0.0518472 0.0524063
1.14 0.0255857 -0.0867566 0.0511907 0.0572286
1.15 -0.00122594 -0.200116 0.0184269 0.0184676
1.16 0.0175196 -0.0999159 0.0188665 0.0257464
1.17 0.0134955 -0.110829 -0.00698834 0.0151975
1.18 0.00565452 -0.0792314 0.0321663 0.0326595
1.19 0.00554453 -0.0480448 0.0385415 0.0389382
1.2 0.0250517 -0.0595008 0.0380513 0.0455575
1.21 0.020372 -0.038805 0.00605253 0.0212521
1.22 0.00123601 0.00388257 0.0384021 0.0384219
1.23 0.00199605 -0.0994424 0.00587849 0.00620813
1.24 0.023376 -0.245883 0.0117409 0.0261588
1.25 0.0169996 -0.0370234 0.0255376 0.0306782
1.26 0.0219943 -0.0760115 0.0511662 0.0556931
1.27 0.0295646 -0.0892464 0.0384332 0.0484889
1.28 0.00268474 -0.100017 0.00562857 0.00623607
1.29 0.0138719 -0.0843282 0.0447037 0.0468065
1.3 0.00761829 0.0894082 0.0129077 0.0149882
1.31 0.0111762 -0.0108416 0.0123255 0.0166381
1.32 0.0212845 -0.0662652 0.0254696 0.0331923
1.33 0.0142405 -0.128623 -0.0198258 0.0244101
1.34 0.00189068 -0.0636989 0.0323238 0.032379
1.35 0.00569174 -0.0568318 0.0261686 0.0267804
1.36 0.0202313 -0.0655386 0.0247976 0.0320036
1.37 0.00258693 -0.0732509 0.0515471 0.051612
1.38 0.0135685 -0.141957 0.0376878 0.0400559
1.39 0.012898 -0.034084 0.0258527 0.0288916
1.4 0.00938459 -0.072227 0.0444071 0.0453879
1.41 0.0134564 -0.0705119 0.00636808 0.0148871
1.42 0.00861944 -0.0986721 -0.00095815 0.00867253
1.43 0.014041 -0.0661333 0.0191061 0.0237106
1.44 0.0182306 -0.117973 0.0510189 0.0541782
1.45 0.0154952 0.00822629 -0.00641314 0.0167699
1.46 0.010939 -0.0603969 0.0583375 0.0593542
1.47 0.0202059 -0.0120436 0.0129109 0.0239785
1.48 0.0105625 -0.0776301 0.0320234 0.0337204
1.49 0.020326 -0.0789324 0.00573324 0.0211191
1.5 0.0236974 -0.0273042 0.0185069 0.0300678
1.51 0.0200023 -0.123647 0.0184641 0.0272216
1.52 0.0141657 -0.0708096 0.00604973 0.0154035
1.53 0.0245017 -0.0411763 0.0505157 0.0561442
1.54 0.0207221 -0.0304709 0.0191827 0.0282379
1.55 0.0161444 -0.0360889 0.018431 0.024502
1.56 0.0192402 -0.047822 0.00605347 0.02017
1.57 0.0214888 0.0358699 0.07107 0.0742476
1.58 0.0217437 -0.0130681 0.058146 0.0620785
1.59 0.0153313 -0.062584 -0.0135569 0.0204655
1.6 0.0235637 -0.00550059 0.0318889 0.0396504
1.61 0.018075 -0.10017 -0.00635805 0.0191606
1.62 -0.00110107 0.0233165 0.00636681 0.00646132
1.63 0.00254552 -0.12169 -0.000884433 0.00269479
1.64 -0.0022193 -0.0076404 0.020049 0.0201714
1.65 0.0132428 -0.0211804 0.0454051 0.0472969
1.66 -0.00260448 0.0148737 0.01286 0.0131211
1.67 0.00918961 -0.0501182 0.0384416 0.0395247
1.68 0.0166577 0.0521818 0.0651966 0.067291
1.69 0.013741 -0.110894 0.0257051 0.0291473
1.7 0.0211593 -0.0974198 0.0251887 0.0328966
1.71 0.0205359 -0.038861 0.0446072 0.0491073
1.72 0.0065915 -0.0705843 0.00628286 0.00910616
1.73 0.0128759 -0.0167823 0.0448451 0.0466569
1.74 0.00438637 0.0819119 0.0517026 0.0518883
1.75 0.0169107 -0.0723216 0.0061604 0.0179978
1.76 0.0133038 -0.0571555 0.0251619 0.0284625
1.77 0.0165725 -0.0540031 0.0438015 0.0468319
1.78 0.0124052 0.00594131 0.0255547 0.0284065
1.79 0.0131552 -0.0390419 -0.0125043 0.0181498
1.8 0.000587903 0.0265146 0.0517295 0.0517328
1.81 0.00176834 -0.0859087 0.0513586 0.051389
1.82 0.00897592 -0.0457242 0.0125105 0.0153974
1.83 0.00817623 -0.040506 0.00603458 0.010162
1.84 -0.0108356 -0.0946732 -0.265701 0.265922
1.85 -0.0564382 -0.152745 -1.18298 1.18433
1.86 -0.0173376 -0.203183 -1.58384 1.58394
1.87 0.0504455 -0.290372 -1.51328 1.51412
1.88 0.13492 -0.436821 -1.26523 1.2724
1.89 0.204001 -0.292376 -1.12971 1.14798
1.9 0.200748 -0.219162 -1.11421 1.13215
1.91 0.169427 -0.226356 -1.17714 1.18927
1.92 0.134066 -0.235957 -1.22028 1.22763
1.93 0.103635 -0.328109 -1.44038 1.44411
1.94 0.107508 -0.26306 -1.62103 1.62459
1.95 0.116896 -0.228963 -1.78317 1.787
1.96 0.166653 -0.353011 -1.86881 1.87622
1.97 0.232414 -0.322017 -1.94835 1.96216
1.98 0.258517 -0.343555 -1.98224 1.99903
1.99 0.250021 -0.293823 -2.02525 2.04062
2 0.27722 -0.10931 -2.0493 2.06797
2.01 0.261238 -0.0289344 -2.09883 2.11502
2.02 0.250571 -0.102777 -2.11733 2.1321
2.03 0.253706 -0.144222 -2.21377 2.22826
2.04 0.251724 -0.0631873 -2.31644 2.33007
2.05 0.275608 -0.100476 -2.40036 2.41613
2.06 0.290051 -0.100611 -2.48422 2.5011
2.07 0.305995 -0.209184 -2.59551 2.61348
2.08 0.354928 -0.114007 -2.732 2.75496
2.09 0.387945 -0.17546 -2.84317 2.86951
2.1 0.433875 -0.199569 -2.84506 2.87795
2.11 0.424248 -0.198306 -2.92306 2.95369
2.12 0.463805 -0.186794 -3.079 3.11374
2.13 0.461106 -0.176298 -3.24729 3.27987
2.14 0.458337 -0.21019 -3.38254 3.41345
2.15 0.43276 -0.265452 -3.54438 3.5707
2.16 0.434825 -0.266875 -3.64096 3.66684
2.17 0.441112 -0.249076 -3.88074 3.90573
2.18 0.420223 -0.306372 -4.05368 4.07541
2.19 0.398786 -0.346039 -4.35012 4.36836
2.2 0.377306 -0.384859 -4.5845 4.6
2.21 0.341338 -0.367321 -4.83466 4.84669
2.22 0.351949 -0.453403 -4.99085 5.00324
2.23 0.33869 -0.494364 -5.11944 5.13063
2.24 0.351124 -0.332326 -5.21547 5.22727
2.25 0.367816 -0.383429 -5.26611 5.27894
2.26 0.397467 -0.446513 -5.40891 5.4235
2.27 0.421129 -0.348858 -5.54542 5.56139
2.28 0.431909 -0.369998 -5.65508 5.67155
2.29 0.444407 -0.408874 -5.68783 5.70516
2.3 0.447534 -0.410772 -5.68861 5.70619
2.31 0.454116 -0.406111 -5.83005 5.84771
2.32 0.445715 -0.476621 -6.03714 6.05357
2.33 0.443434 -0.497358 -6.21228 6.22808
2.34 0.458271 -0.510518 -6.43456 6.45085
2.35 0.492246 -0.544673 -6.49467 6.5133
2.36 0.506488 -0.598956 -6.58096 6.60042
2.37 0.545936 -0.624519 -6.63386 6.65629
2.38 0.587935 -0.62014 -6.75789 6.78342
2.39 0.634473 -0.617647 -6.88942 6.91857
2.4 0.659602 -0.624611 -6.98176 7.01285
2.41 0.67265 -0.636942 -7.11927 7.15097
2.42 0.66104 -0.68325 -7.24841 7.27849
2.43 0.644925 -0.695395 -7.41531 7.4433
2.44 0.657208 -0.854114 -7.52511 7.55375
2.45 0.666279 -0.837393 -7.6619 7.69081
2.46 0.667835 -0.68265 -7.67425 7.70325
2.47 0.693698 -0.792319 -7.68104 7.7123
2.48 0.687683 -0.570911 -7.67353 7.70428
2.49 0.703655 -0.643267 -7.67531 7.70749
2.5 0.743845 -0.7752 -7.85823 7.89336
2.51 0.767155 -0.727547 -8.07917 8.11551
2.52 0.807125 -0.975539 -8.15813 8.19796
2.53 0.856151 -0.742624 -8.16289 8.20767
2.54 0.847727 -0.617019 -8.1481 8.19208
2.55 0.822994 -0.664187 -8.08132 8.12312
2.56 0.743705 -0.681938 -8.27997 8.31331
2.57 0.683936 -0.904008 -8.56507 8.59233
2.58 0.653446 -0.898143 -8.85019 8.87428
2.59 0.697562 -0.742132 -8.81945 8.84699
2.6 0.775231 -0.85328 -8.77038 8.80457
2.61 0.831632 -0.768567 -8.68755 8.72726
2.62 0.840187 -0.832713 -8.72698 8.76734
2.63 0.79492 -0.845357 -8.83732 8.873
2.64 0.771773 -0.907112 -9.07068 9.10345
2.65 0.753801 -0.824584 -9.20088 9.23171
2.66 0.761672 -0.950399 -9.1954 9.22689
2.67 0.779429 -0.939322 -9.25308 9.28585
2.68 0.749232 -1.00166 -9.26496 9.29521
2.69 0.730628 -0.852224 -9.31534 9.34395
2.7 0.683113 -0.920768 -9.26311 9.28826
2.71 0.672839 -1.09762 -9.28273 9.30709
2.72 0.639527 -0.965501 -9.37845 9.40023
2.73 0.646675 -0.911074 -9.5413 9.56319
2.74 0.657257 -1.03354 -9.78075 9.80281
2.75 0.692641 -0.881982 -9.79355 9.81802
2.76 0.690957 -0.818854 -9.6692 9.69386
2.77 0.685234 -0.863815 -9.60914 9.63354
2.78 0.636144 -0.842259 -9.63725 9.65822
2.79 0.565455 -0.896243 -9.888 9.90415
2.8 0.508372 -0.91822 -10.2174 10.2301
2.81 0.476253 -0.964308 -10.5082 10.519
2.82 0.469492 -0.977426 -10.6165 10.6269
2.83 0.502395 -0.949151 -10.4985 10.5105
2.84 0.507099 -0.908997 -10.3489 10.3614
2.85 0.493296 -0.879533 -10.3148 10.3266
2.86 0.476611 -0.740963 -10.5275 10.5383
2.87 0.476076 -0.972524 -10.9127 10.9231
2.88 0.487356 -0.907892 -11.1795 11.1901
2.89 0.510296 -1.13065 -11.2332 11.2447
2.9 0.508532 -1.02676 -11.1137 11.1254
2.91 0.456107 -0.879294 -10.8827 10.8922
2.92 0.379299 -0.899404 -10.8347 10.8413
2.93 0.355616 -0.849885 -10.9841 10.9898
2.94 0.354642 -1.06941 -11.2852 11.2908
2.95 0.434828 -1.06445 -11.4381 11.4464
2.96 0.507129 -0.996665 -11.4981 11.5093
2.97 0.540243 -1.00403 -11.4448 11.4575
2.98 0.492798 -1.03425 -11.3575 11.3682
2.99 0.461273 -0.859771 -11.5044 11.5136
3 0.481939 -0.949122 -11.6809 11.6909
3.01 0.519843 -0.888655 -11.806 11.8175
3.02 0.595573 -1.10047 -11.7137 11.7288
3.03 0.62423 -1.00761 -11.6878 11.7044
3.04 0.63444 -1.13207 -11.7479 11.765
3.05 0.670988 -1.1254 -11.9193 11.9382
3.06 0.766725 -1.11992 -11.9294 11.954
3.07 0.878987 -1.10909 -11.6668 11.6999
3.08 0.93058 -0.985281 -11.3625 11.4005
3.09 0.925058 -1.11687 -11.2712 11.3091
3.1 0.894113 -1.03497 -11.6148 11.6492
3.11 0.88733 -1.16085 -12.1288 12.1613
3.12 1.00023 -1.22991 -12.5102 12.5501
3.13 1.10106 -1.37584 -12.6033 12.6513
3.14 1.17253 -1.29055 -12.3845 12.4399
3.15 1.19035 -1.14258 -12.1089 12.1672
3.16 1.12196 -1.0749 -12.0533 12.1054
3.17 1.05619 -1.05327 -12.1988 12.2445
3.18 1.04028 -1.20513 -12.3022 12.3461
3.19 1.13044 -1.27376 -12.2289 12.281
3.2 1.20305 -0.952932 -12.1838 12.2431
3.21 1.16208 -1.14085 -12.2742 12.3291
3.22 1.08725 -1.16513 -12.4282 12.4757
3.23 1.02529 -1.17136 -12.3884 12.4308
3.24 1.05646 -0.94161 -12.2878 12.3332
3.25 1.12369 -0.925893 -11.992 12.0445
3.26 1.20892 -1.08605 -12.0329 12.0935
3.27 1.29129 -1.05572 -12.3201 12.3876
3.28 1.34815 -1.17411 -12.6156 12.6874
3.29 1.37784 -1.15135 -12.6821 12.7567
3.3 1.33726 -1.1838 -12.6874 12.7576
3.31 1.21405 -1.18819 -12.6178 12.676
3.32 1.05842 -1.08843 -12.7554 12.7992
3.33 1.01268 -1.19898 -13.0086 13.048
3.34 1.0707 -1.28473 -13.2255 13.2688
3.35 1.19874 -1.31518 -13.2229 13.2771
3.36 1.26565 -1.34382 -13.0757 13.1368
3.37 1.25553 -1.13773 -12.9315 12.9923
3.38 1.17523 -1.39604 -13.2553 13.3073
3.39 1.08339 -1.23722 -13.5636 13.6068
3.4 1.07357 -1.2487 -13.6543 13.6964
3.41 1.01944 -1.16102 -12.8154 12.8559
3.42 1.0033 -0.684523 -8.30817 8.36853
3.43 0.984246 -0.240941 -6.98978 7.05874
3.44 0.927709 -0.632086 -14.8512 14.8801
3.45 0.355252 -0.911472 -16.9703 16.974
3.46 1.74022 -1.63513 -14.9087 15.0099
3.47 2.31869 -1.55883 -11.5249 11.7558
3.48 2.21454 -1.32024 -9.70531 9.95476
3.49 2.09236 -1.34493 -8.51912 8.77231
3.5 1.86606 -1.50346 -7.69352 7.91659
3.51 1.37399 -1.55355 -6.93213 7.06698
3.52 0.935115 -1.00558 -5.88339 5.95724
3.53 0.714339 -0.594928 -4.69017 4.74426
3.54 0.594163 -0.460174 -3.74508 3.79192
3.55 0.451327 -0.29764 -3.35766 3.38786
3.56 0.235139 -0.236399 -2.74035 2.75042
3.57 0.103 -0.487888 -2.46819 2.47034
3.58 -0.0278027 -0.267514 -1.9231 1.9233
3.59 -0.112728 -0.12365 -1.30703 1.31188
3.6 -0.132088 -0.0115663 -0.539841 0.555766
3.61 -0.0463375 -0.00667304 -0.00119673 0.046353
3.62 0.0273778 -0.0346585 0.0188698 0.0332508
3.63 0.0064302 -0.00793026 -0.00112282 0.00652749
3.64 -0.000762685 -0.00839362 0.0255807 0.0255921
3.65 0.0184177 0.0158929 0.0378491 0.0420924
3.66 0.00550452 -0.0567496 0.0188843 0.0196702
3.67 0.0344807 -0.0162446 0.0313013 0.0465692
3.68 0.0162558 -0.0407517 0.0502936 0.0528555
3.69 0.01318 -0.128529 0.0122981 0.0180265
3.7 0.016895 -0.0812724 0.0569022 0.0593574
3.71 0.0163085 -0.0454127 0.0316085 0.0355677
3.72 0.0204949 -0.0967491 0.0181906 0.0274033
3.73 0.00124001 -0.111288 0.0306178 0.0306429
3.74 0.024816 -0.0596102 0.04526 0.0516168
3.75 0.0207223 -0.0785364 0.0180028 0.0274502
3.76 0.00286549 -0.0325698 0.0062696 0.0068934
3.77 0.0191237 0.00650908 0.0193294 0.0271908
3.78 0.0150621 -0.0176974 0.0511025 0.053276
3.79 0.0241437 -0.0540665 0.0758829 0.0796312
3.8 0.00791761 -0.120562 0.0242944 0.025552
3.81 0.00493696 -0.0833091 0.0195904 0.0202029
3.82 0.0016595 -0.0853311 -0.00711758 0.00730848
3.83 0.0049402 -0.0517441 0.0577062 0.0579173
3.84 0.014805 -0.0220073 0.0640824 0.0657703
3.85 0.00478696 -0.0608272 0.00630844 0.00791905
3.86 0.0192496 -0.042329 0.0245303 0.0311814
3.87 0.0262024 -0.0335019 0.0308941 0.0405094
3.88 0.00815316 -0.107403 0.0378765 0.0387441
3.89 0.0158729 0.0132053 0.0571969 0.0593585
3.9 0.0241886 -0.0499115 0.0639793 0.0683991
3.91 0.0208059 -0.0480976 0.0446772 0.0492842
3.92 0.00426179 -0.096139 0.031774 0.0320585
3.93 0.0194317 -0.0380225 0.0896277 0.0917099
3.94 0.0141493 0.0672573 0.0319896 0.0349791
3.95 0.0165594 -0.027407 0.0515418 0.0541366
3.96 0.000356966 0.0179125 0.0582175 0.0582186
3.97 0.0141498 0.103088 0.0453269 0.0474841
3.98 0.00872833 -0.0539702 0.0448403 0.0456819
3.99 0.0238544 -0.085326 0.0633003 0.0676458
4 0.0127734 -0.074526 0.0253332 0.0283713
4.01 0.015011 0.0494991 0.0699705 0.0715626
4.02 0.0225348 -0.0396939 0.0435804 0.0490619
4.03 0.00809794 0.0269178 0.0382103 0.0390589
4.04 0.00560576 -0.22181 0.0502814 0.0505929
4.05 0.00439291 -0.033562 0.0127176 0.0134549
4.06 0.0136625 -0.0659288 0.0128277 0.0187407
4.07 0.0186684 0.0913932 0.0580867 0.0610129
4.08 0.00879974 -0.0541271 0.0515835 0.0523287
4.09 0.0149053 0.0627836 0.0513621 0.0534812
4.1 0.0214844 -0.106477 0.082983 0.085719
4.11 0.0117825 -0.104875 0.005411 0.0129656
4.12 0.0242097 -0.0364431 0.0835848 0.0870203
4.13 0.0133687 -0.0794475 0.0514817 0.0531891
4.14 0.0204749 -0.0613763 0.0829903 0.0854787
4.15 0.0200719 0.0282955 0.0770481 0.0796197
4.16 0.0248868 -0.0769011 0.0631668 0.0678926
4.17 -0.00340833 -0.0289293 0.0319386 0.0321199
4.18 0.0126186 -0.0567621 0.0182341 0.0221746
4.19 0.0124985 -0.0475288 0.0513605 0.0528594
4.2 0.00493441 -0.0697948 0.0453277 0.0455955
4.21 0.0152152 -0.0309123 0.0311943 0.0347072
4.22 0.0243777 -0.0324155 0.0316176 0.0399242
4.23 0.0071587 -0.0572754 -0.00715711 0.0101228
4.24 0.0152536 -0.00478949 0.0960253 0.0972293
4.25 0.00810817 -0.0406918 0.0183685 0.0200784
4.26 0.00869846 -0.0851662 0.0189179 0.0208218
4.27 0.0201271 -0.0833857 0.0703752 0.0731967
4.28 0.00945454 -0.157398 0.031053 0.0324604
4.29 0.0193746 -0.0113356 0.0510641 0.0546161
4.3 0.0118693 -0.0202316 0.0638633 0.0649569
4.31 0.018556 0.126826 0.0648219 0.0674255
4.32 0.0215327 -0.195828 0.0502615 0.0546797
4.33 0.00728089 0.0315159 0.0508817 0.0514
4.34 -0.000384849 0.00052833 0.0583506 0.0583519
4.35 0.018931 0.0336393 0.0383811 0.0427959
4.36 0.0130918 -0.0120311 0.0135611 0.0188493
4.37 0.0194329 -0.0113179 0.0764733 0.0789037
4.38 0.0168932 -0.121329 0.0766338 0.0784736
4.39 0.00673206 0.00946058 0.0770162 0.0773098
4.4 -0.0018855 -0.0921338 0.0442646 0.0443047
4.41 0.0213511 -0.142006 0.0698073 0.0729995
4.42 0.0204132 -0.0742621 0.0439663 0.048474
4.43 0.0207917 -0.0744664 0.0502446 0.0543766
4.44 0.0283932 -0.0390686 0.0249024 0.0377665
4.45 0.0111225 -0.0195132 0.0124486 0.0166937
4.46 0.00480892 -0.0115474 0.0643897 0.0645691
4.47 0.0155035 0.0443283 0.0769113 0.0784583
4.48 0.00107368 -0.0138212 0.0323175 0.0323353
4.49 0.0116388 0.0646527 0.0577398 0.0589011
4.5 0.00790647 -0.111404 0.0119983 0.0143691
4.51 0.0119646 -0.0202731 0.0382217 0.0400506
4.52 0.0165914 -0.0681958 0.0447283 0.0477063
4.53 0.0187794 0.10939 0.0584721 0.0614138
4.54 0.0196445 -0.0205722 0.0511341 0.0547778
4.55 0.0110853 -0.0645527 0.0247855 0.0271515
4.56 0.011737 -0.0292179 0.0637868 0.0648576
4.57 0.0120532 -0.0558216 0.0638719 0.0649992
4.58 0.0146363 -0.00402959 0.025372 0.029291
4.59 -0.00026979 -0.24464 0.0690592 0.0690597
4.6 0.00985273 -0.0682256 0.0839719 0.084548
4.61 0.0265568 0.0914308 0.0770987 0.0815443
4.62 0.0178316 -0.0729475 0.0835253 0.0854075
4.63 0.0159479 0.0260776 0.0513014 0.053723
4.64 0.035385 -0.04808 0.0378242 0.0517955
4.65 0.0105077 -0.228991 0.0631366 0.064005
4.66 0.00584694 -0.0878261 0.0638691 0.0641362
4.67 0.021165 -0.0795303 0.0638208 0.0672388
4.68 0.0132778 -0.10109 0.0567268 0.05826
4.69 0.0122021 -0.0471914 0.0381065 0.0400125
4.7 -0.00459114 0.0877404 0.0326701 0.0329911
4.71 0.027292 -0.038553 0.0638614 0.0694487
4.72 0.0132777 -0.110519 0.0576025 0.059113
4.73 0.0200491 -0.0250687 0.0509206 0.0547255
4.74 0.00766667 0.0449939 0.0451543 0.0458005
4.75 0.0139165 -0.177442 0.0499981 0.0518987
4.76 0.0163857 -0.0143082 0.0452673 0.0481417
4.77 0.0310622 -0.0226827 0.0695058 0.0761309
4.78 0.0168283 -0.0858266 0.0448518 0.0479049
4.79 0.0210617 -0.0837029 0.0503146 0.054545
4.8 0.0176261 0.0028468 0.0506059 0.0535877
4.81 0.0337974 -0.0108102 0.0242515 0.0415981
4.82 0.0233316 -0.0540181 0.0569942 0.0615849
4.83 0.0131917 -0.056919 0.102899 0.103741
4.84 0.00554529 -0.114827 0.037998 0.0384005
4.85 0.0201886 -0.0608903 0.0571313 0.0605934
4.86 0.00857814 -0.0316495 0.0578113 0.0584443
4.87 0.0238904 -0.0319754 0.0445082 0.0505146
4.88 0.0130735 -0.00746776 0.0900408 0.0909849
4.89 0.00952599 -0.134915 0.0314577 0.0328684
4.9 0.0161848 0.00844678 0.0514248 0.0539116
4.91 0.0021654 -0.161723 0.0639604 0.063997
4.92 0.0231707 0.0709477 0.0450581 0.0506667
4.93 0.0203774 -0.114241 0.0310426 0.0371332
4.94 0.0179221 -0.0550672 0.0577281 0.0604461
4.95 0.00652119 0.138945 0.0263122 0.0271083
4.96 0.0215851 -0.0884478 0.0445807 0.0495313
4.97 0.0321593 -0.0816484 0.056977 0.0654263
4.98 0.0161892 -0.0226662 0.0319047 0.0357771
4.99 0.0139195 -0.155125 0.0375981 0.040092
5 0.0152894 -0.0221244 0.0572533 0.0592596
5.01 0.0288426 -0.0527821 0.0445011 0.0530306
5.02 0.0228874 -0.0223954 0.0508883 0.0557983
5.03 0.0273588 -0.020627 0.044196 0.0519787
5.04 0.0276441 -0.0476564 0.0569558 0.06331
5.05 0.00900405 -0.0451561 0.0572889 0.0579921
5.06 0.012894 -0.105584 0.0314928 0.0340301
5.07 0.0144487 -0.164459 0.0505812 0.0526044
5.08 0.012306 -0.100533 0.0764465 0.0774307
5.09 0.0249815 -0.0902949 0.0441025 0.0506863
5.1 0.0228778 0.00401917 0.0514527 0.0563097
5.11 0.00567941 -0.123439 0.0442917 0.0446543
5.12 0.0252915 -0.0908266 0.0638297 0.0686577
5.13 0.0272327 -0.078325 0.0308165 0.0411251
5.14 0.0100091 -0.207016 0.05046 0.0514432
5.15 0.0199928 0.00536069 0.0580478 0.0613943
5.16 0.00605519 -0.212883 0.0635415 0.0638294
5.17 0.0236499 -0.0273738 0.0570234 0.0617332
5.18 0.003075 -0.0283295 0.031807 0.0319553
5.19 0.0120356 -0.0789005 0.0379662 0.0398282
5.2 0.0128832 -0.119085 0.0506744 0.0522865
5.21 0.0117872 -0.0908891 0.0246054 0.027283
5.22 -0.00802022 0.0358941 0.0710175 0.0714689
5.23 0.0112358 -0.028564 0.0450662 0.0464457
5.24 0.0133566 -0.0300897 0.0769076 0.0780589
5.25 0.00424117 0.0288165 0.0645244 0.0646636
5.26 0.0205439 -0.0346469 0.083755 0.0862377
5.27 0.0199888 -0.0208596 0.0510101 0.0547867
5.28 0.00790336 -0.111242 0.0443134 0.0450127
5.29 0.0198641 -0.0161833 0.0640664 0.0670753
5.3 0.00858294 -0.0401423 0.0570913 0.0577328
5.31 0.0134031 -0.0792032 0.0316304 0.034353
5.32 0.0038431 -0.00220745 0.0711107 0.0712145
5.33 0.0316417 -0.0456421 0.0696266 0.0764792
5.34 0.00703258 -0.0444488 0.025697 0.0266419
5.35 0.0157259 -0.0222915 0.0638021 0.0657116
5.36 0.018733 0.0334315 0.0448156 0.0485733
5.37 0.00647417 -0.110897 0.0768655 0.0771377
5.38 0.0148181 -0.125057 0.0771003 0.0785113
5.39 0.0089402 -0.0634052 0.0708934 0.0714549
5.4 0.0145896 0.0452647 0.0192571 0.0241597
5.41 0.0126995 -0.0608549 0.0443273 0.0461106
5.42 0.0198767 -0.042921 0.0574405 0.0607823
5.43 0.0235295 -0.0538103 0.0505596 0.0557666
5.44 0.00876654 -0.00502708 0.0519412 0.0526758
5.45 0.0132719 -0.14178 0.0506868 0.0523956
5.46 0.0124319 -0.0558649 0.0438972 0.0456237
5.47 0.00380806 -0.0286728 0.0253568 0.0256412
5.48 0.0196427 -0.00297345 0.044917 0.0490242
