0 -0.0229466 -0.075032 -0.0579851 0.0623604
0.01 -0.00714435 0.0355788 0.000409179 0.00715606
0.02 -0.00378198 -0.0691252 0.00590146 0.00700933
0.03 -0.00432883 -0.0151122 -0.02575 0.0261113
0.04 0.0122498 -0.0469606 -0.026663 0.0293423
0.05 -0.0043342 0.0697526 -0.0516157 0.0517974
0.06 -0.000127505 -0.00426837 -0.0062594 0.0062607
0.07 -0.0196242 0.00731659 0.00676433 0.0207573
0.08 -0.0129853 -0.0633592 0.000784215 0.013009
0.09 -0.0101256 -0.069535 -0.0258106 0.0277257
0.1 -0.015611 0.00490986 0.000409207 0.0156164
0.11 -0.00270936 -0.131788 -0.0461856 0.046265
0.12 -0.0022442 -0.0339574 -0.03831 0.0383756
0.13 -0.0141658 -0.0667399 -0.0324008 0.0353621
0.14 0.00420089 -0.024987 0.00615334 0.00745057
0.15 -0.000477621 0.0447112 0.0323062 0.0323097
0.16 0.00423275 -0.0112286 0.01204 0.0127624
0.17 -0.00929153 -0.154804 -0.006898 0.0115722
0.18 -0.0158746 0.139055 -0.0316096 0.0353719
0.19 -0.0110638 -0.0245915 -0.0190601 0.0220385
0.2 -0.00227728 -0.110271 -0.0192409 0.0193752
0.21 -0.0177472 -0.0560074 -0.0187767 0.0258366
0.22 -0.00715531 -0.0712473 0.00594939 0.00930557
0.23 -0.00677359 -0.0584029 -0.0255496 0.0264322
0.24 -0.0051399 0.0209086 -0.0324158 0.0328208
0.25 9.75351e-06 -0.0130426 -0.0322802 0.0322802
0.26 -0.00281955 -0.0875515 -0.0190209 0.0192287
0.27 -0.0108465 0.0293232 -0.0184448 0.0213976
0.28 -0.0141282 -0.0537887 -0.0123842 0.0187876
0.29 -0.00670214 -0.0491308 -0.0196821 0.0207919
0.3 -0.0254636 -0.0872344 -0.052183 0.0580643
0.31 0.00450894 0.0466272 0.0323636 0.0326761
0.32 -0.00657456 0.0709415 0.0201338 0.02118
0.33 -0.00728821 -7.99382e-05 -0.0253001 0.0263289
0.34 0.00589241 -0.0926167 -0.0259177 0.026579
0.35 -0.00292436 -0.0516664 0.0063094 0.00695417
0.36 -0.00576058 -0.0585665 -0.0191569 0.0200043
0.37 -0.00271466 -0.0114144 -0.00620818 0.00677576
0.38 0.0130093 -0.0610448 -0.0135907 0.0188135
0.39 -0.014241 -0.0183359 -0.0307882 0.0339222
0.4 -0.00806342 0.0182641 0.00690657 0.0106169
0.41 -0.0068229 -0.018234 0.000411259 0.00683528
0.42 -0.00930018 0.0905924 -0.0318283 0.0331592
0.43 -0.0071754 -0.0355326 -0.00689606 0.00995199
0.44 0.00531095 -0.0654306 -0.000539855 0.00533832
0.45 -0.0140061 -0.0449508 0.000296775 0.0140092
0.46 -0.017824 -0.0739208 -0.0127598 0.0219205
0.47 -0.00891648 -0.00750674 -0.0456136 0.0464769
0.48 -0.00292218 -0.0557321 -0.0454422 0.045536
0.49 -0.0116351 0.00274314 -0.00628674 0.0132249
0.5 -0.00414838 0.00695419 0.0068773 0.00803158
0.51 0.0171349 -0.0189312 0.0186775 0.0253467
0.52 -0.00313718 0.0243893 0.00705281 0.00771907
0.53 -0.00348972 -0.015549 0.00608402 0.0070138
0.54 -0.0028138 -0.0921405 -0.000303832 0.00283015
0.55 -0.00350859 -0.0107852 0.00603294 0.006979
0.56 -0.0201084 -0.0723587 -0.0580174 0.0614033
0.57 -0.00261502 -0.0425688 -0.0513699 0.0514364
0.58 -0.00413286 0.00253319 -0.0121487 0.0128324
0.59 -0.0147423 -0.0535325 -0.0377074 0.0404868
0.6 0.00348041 -0.00610184 -0.00669951 0.00754962
0.61 -0.0148448 -0.0445336 -0.00639862 0.0161651
0.62 -0.0148259 -0.0492973 -0.00634753 0.0161276
0.63 0.0027748 0.109979 -0.00625417 0.00684209
0.64 0.0126348 -0.025191 -0.0137076 0.0186423
0.65 -0.0141317 -0.0668179 0.000254546 0.014134
0.66 -0.018345 -0.0602115 -0.0128487 0.0223971
0.67 -0.0112468 -0.0199329 -0.0314129 0.0333656
0.68 -0.00525404 0.0257138 -0.00682533 0.00861336
0.69 -0.0119789 0.0163829 -0.0127399 0.0174871
0.7 -0.0261841 -0.0686911 0.0126086 0.0290617
0.71 -0.0189243 -0.04652 -0.0383468 0.0427622
0.72 -0.0152237 0.0677124 0.000327445 0.0152272
0.73 -0.0110744 0.0871406 0.0328023 0.0346213
0.74 -0.00482573 0.0211715 -0.0131706 0.0140269
0.75 -0.0179605 -0.109289 0.00637959 0.0190599
0.76 -0.00998621 -0.105357 -0.0195999 0.0219973
0.77 -0.0191915 -0.0283387 -0.0191011 0.027077
0.78 -0.00976342 -0.181425 -0.00669483 0.0118383
0.79 -0.0212629 -0.0765322 -0.0315781 0.0380695
0.8 -0.0149474 -0.035354 -0.0264814 0.0304087
0.81 -0.0144755 0.0044774 -0.0321474 0.0352561
0.82 0.000769077 -0.0404987 0.0125079 0.0125315
0.83 -0.0108882 -0.100407 -0.0201443 0.0228986
0.84 0.00226979 -0.130504 -0.0133329 0.0135248
0.85 0.00433893 -0.100543 -0.0204103 0.0208664
0.86 -0.00175817 -0.0518341 -0.0126689 0.0127904
0.87 -0.0061581 -0.112089 -0.00734643 0.00958604
0.88 -0.0053932 -0.108103 -0.00703419 0.00886377
0.89 -0.0121987 -0.00137783 0.00604358 0.0136137
0.9 -0.00287108 -0.0561859 -0.0134901 0.0137923
0.91 -0.0141067 -0.0267872 -0.0507474 0.0526716
0.92 -0.00430296 0.0607298 -0.0382761 0.0385172
0.93 -0.00258279 -0.038259 -0.0194689 0.0196395
0.94 -0.00110904 0.0191023 -0.0327803 0.0327991
0.95 -0.0184711 -0.0153163 0.0127905 0.0224673
0.96 -0.0141514 0.00472767 0.000746319 0.0141711
0.97 -0.011948 -0.00583102 -0.0190761 0.0225089
0.98 -0.00504599 -0.0192094 -0.0131872 0.0141196
0.99 -0.00974349 -0.127577 -0.000759421 0.00977304
1 -0.00658637 -0.0716958 -0.0128025 0.0143974
1.01 9.33444e-05 0.0494648 -0.01282 0.0128204
1.02 0.00177479 -0.166367 -0.00723664 0.0074511
1.03 -0.0062243 -0.0808118 -0.00605957 0.00868679
1.04 -0.0150543 -0.048774 -0.0319354 0.0353058
1.05 -0.00302425 -0.0429709 0.00641808 0.00709491
1.06 0.000475033 -0.0538365 -0.000230352 0.000527938
1.07 -0.0102351 -0.105291 0.00627406 0.012005
1.08 -0.013535 -0.134437 -0.00609491 0.014844
1.09 -0.00367959 -0.0204686 -0.0513561 0.0514877
1.1 -0.00700491 -0.000242777 0.00661985 0.00963801
1.11 -0.00441658 0.0468186 -0.0120486 0.0128326
1.12 -0.00104536 0.0277614 -0.0192549 0.0192833
1.13 -0.0142894 -0.0579987 -0.0261603 0.0298085
1.14 -0.00335585 -0.0466203 -0.0326753 0.0328472
1.15 -0.0146276 -0.129062 -0.0330007 0.0360972
1.16 -0.0140773 -0.147568 0.00592646 0.0152739
1.17 -0.0151646 0.0718146 -0.00621786 0.0163899
1.18 -0.0221018 -0.076276 -0.0120206 0.0251591
1.19 -0.00758899 0.0313705 -0.0190339 0.020491
1.2 -0.014358 -0.058326 -0.012712 0.0191768
1.21 -0.0123184 -0.00125136 -0.0124602 0.0175214
1.22 -0.00321738 -0.0158211 0.000331171 0.00323438
1.23 -0.0201491 0.0788825 -0.0372361 0.0423381
1.24 -0.0075579 0.0316156 0.019683 0.0210841
1.25 -0.0132774 -0.139414 -0.0193134 0.0234371
1.26 0.00457424 -0.109843 -0.0518813 0.0520825
1.27 -0.0146522 -0.0623961 -7.30471e-05 0.0146524
1.28 -0.0153023 0.0806086 -0.00533566 0.0162058
1.29 -0.0057286 -0.0767156 -0.032309 0.0328129
1.3 -0.0354366 -0.241334 0.0122686 0.0375003
1.31 -0.0151014 -0.0353106 -0.0513875 0.0535605
1.32 -0.00124478 -0.0792062 -0.0257129 0.025743
1.33 -0.00963407 -0.0786094 -0.0383069 0.0394998
1.34 -0.00764449 0.0270868 -0.0196645 0.0210981
1.35 -0.0109389 -0.0867622 -0.0324206 0.0342163
1.36 -0.00683302 0.00425724 0.00667716 0.00955378
1.37 -0.014287 -0.0490344 -0.0319831 0.0350291
1.38 -0.00982447 -0.101005 -0.0069382 0.0120274
1.39 -0.0144005 -0.0403058 -0.0120942 0.0188054
1.4 -0.010469 -0.042704 -0.012588 0.0163725
1.41 -0.0196042 0.0743757 0.0072369 0.0208973
1.42 -0.00370104 -0.0248304 -0.0193314 0.0196825
1.43 -0.00737373 -0.013081 -0.0319387 0.0327788
1.44 0.000921261 -0.0670463 -0.0259617 0.025978
1.45 -0.0130427 0.0262486 -0.000569433 0.0130552
1.46 -0.00813047 -0.0126919 -0.0193567 0.0209949
1.47 0.00386212 -0.00646823 -0.0327357 0.0329627
1.48 -0.0161461 0.00546105 0.000424839 0.0161517
1.49 -0.0179457 0.0330256 0.0332543 0.0377875
1.5 -0.0062078 -0.0719002 -0.00652416 0.00900563
1.51 -0.00674334 -0.10718 -0.0198458 0.0209601
1.52 -0.0108135 -0.0331487 0.0129133 0.0168429
1.53 -0.0121469 0.0700108 0.0132785 0.0179963
1.54 -0.00581792 -0.148186 0.0126212 0.0138975
1.55 -0.00983259 -0.0695299 -0.0316337 0.0331266
1.56 0.000158344 -0.0179455 -7.67839e-05 0.000175979
1.57 -0.00333876 -0.0111456 -0.0451799 0.0453031
1.58 -0.00628738 -0.0761186 -0.0261615 0.0269064
1.59 -0.00950156 -0.0924435 0.0195003 0.021692
1.6 -0.00700631 -0.0267666 -0.0316173 0.0323843
1.61 -0.00636673 -0.0673069 0.000129822 0.00636806
1.62 -0.0116481 0.00686066 -0.0184609 0.0218284
1.63 -0.0143017 -0.0405289 -0.0449116 0.0471338
1.64 0.00145534 -0.116781 -0.0327373 0.0327697
1.65 -0.00346885 -0.0245395 -0.0193635 0.0196718
1.66 -0.0069011 -0.0626713 -0.031809 0.032549
1.67 -0.0117047 -0.0241276 -0.00593706 0.0131244
1.68 -0.00735246 -0.0220912 -0.0322476 0.0330752
1.69 -0.0217952 -0.0802469 -0.00678392 0.0228265
1.7 -0.00216027 -0.0608518 -0.0381927 0.0382538
1.71 -0.00301686 -0.0291275 -0.0318406 0.0319832
1.72 -0.0186548 -0.0466497 0.0133534 0.0229415
1.73 2.26805e-05 -0.0265892 -0.0192304 0.0192304
1.74 -0.00741292 -0.00861436 -0.00678088 0.0100465
1.75 0.000682925 0.00401414 -0.0189651 0.0189774
1.76 -0.0126381 0.0123231 9.33958e-05 0.0126385
1.77 0.00753681 -0.00923351 -0.0510898 0.0516427
1.78 -0.0154322 -0.0352174 -0.0447909 0.0473748
1.79 -0.0104921 -0.029306 -0.0130334 0.0167318
1.8 -0.00456532 0.0609893 -0.0188748 0.019419
1.81 -0.000290029 0.0449512 -0.0129155 0.0129187
1.82 0.00575017 -0.159246 -0.0136939 0.0148522
1.83 -0.0317371 0.0549515 -0.0186078 0.0367899
1.84 0.00760807 -0.0133333 -0.0135065 0.0155019
1.85 -0.0145251 -0.0581081 -0.0189522 0.0238781
1.86 -0.00609857 -0.0363051 -0.0123559 0.013779
1.87 -0.00971517 0.024255 -0.038991 0.0401831
1.88 0.000845144 -0.0266697 0.0384455 0.0384547
1.89 -0.00422123 -0.0552632 -0.0263017 0.0266383
1.9 -0.020076 -0.228419 0.00526328 0.0207545
1.91 -0.0151696 -0.0130179 -0.0191392 0.0244219
1.92 0.00539533 -0.0564942 0.0129146 0.0139963
1.93 -0.00773864 -0.0355495 -0.0516588 0.0522352
1.94 -0.00204173 -0.110323 -0.000195978 0.00205111
1.95 -0.0109369 -0.0110357 -0.012562 0.0166559
1.96 -0.0144278 -0.0759289 0.0130149 0.0194306
1.97 -0.0142368 -0.0628208 -0.0185925 0.0234173
1.98 -0.0071 0.0131706 0.000545632 0.00712093
1.99 -0.0146992 -0.0582005 -0.0449025 0.0472472
2 -0.0143982 -0.0671919 -0.00611564 0.0156432
2.01 -0.0286298 -0.161165 0.00604894 0.0292619
2.02 -0.00908157 0.0457981 -0.025656 0.0272159
2.03 -0.00834195 -0.0127054 -0.0193948 0.0211127
2.04 -0.0168753 -0.128164 -0.00609983 0.0179439
2.05 -0.00556611 -0.148575 -0.0193144 0.0201004
2.06 -0.00223191 -0.0967066 -0.00688158 0.00723446
2.07 -0.0104413 -0.0779668 0.0188531 0.0215513
2.08 -0.0141682 -0.0624935 -0.0320407 0.0350335
2.09 0.00861031 -0.0364266 0.0129435 0.0155458
2.1 -0.0246631 0.0687127 -0.0190001 0.0311332
2.11 0.0116821 -0.0160258 -0.0256526 0.0281874
2.12 -0.0116747 0.00722957 -0.00626755 0.0132507
2.13 -0.00332657 -0.0287765 -0.00017565 0.0033312
2.14 0.0120941 -0.0202315 0.0189825 0.0225078
2.15 -0.0246041 0.0954547 -0.031884 0.0402734
2.16 0.00128787 -0.0365897 -0.0187589 0.0188031
2.17 -0.0110745 -0.0154525 -0.00621701 0.0127002
2.18 -0.0143128 -0.0222832 0.0195617 0.0242387
2.19 -0.00491546 0.0300154 -0.0256664 0.0261328
2.2 -0.00739999 -0.00895001 0.000806116 0.00744376
2.21 -0.0038349 -0.0510728 -0.0322678 0.0324948
2.22 -0.00709505 -0.00459009 -0.0255517 0.0265184
2.23 -0.00791426 -0.0532398 -0.0128244 0.0150699
2.24 -0.00285872 -0.0242526 -0.0896481 0.0896937
2.25 -0.010786 -0.0134681 -0.260959 0.261182
2.26 0.0193878 0.0101068 -0.616394 0.616699
2.27 0.0513762 -0.0448716 -0.732505 0.734305
2.28 0.0810766 0.0205275 -0.65614 0.66113
2.29 0.0912383 -0.0314034 -0.535498 0.543215
2.3 0.0685325 0.0713288 -0.47023 0.475198
2.31 0.0455351 -0.029017 -0.490039 0.49215
2.32 -0.00327775 -0.0549947 -0.714918 0.714926
2.33 -0.0386999 0.0354222 -1.04934 1.05005
2.34 -0.0963589 -0.0753861 -1.34459 1.34803
2.35 -0.0830686 -0.0912022 -1.48903 1.49134
2.36 -0.0757923 -0.319008 -1.81274 1.81432
2.37 0.00333251 -0.224157 -2.06721 2.06721
2.38 0.0760859 -0.268845 -2.34303 2.34426
2.39 0.119237 -0.268573 -2.64297 2.64565
2.4 0.215778 -0.332617 -2.8213 2.82954
2.41 0.27824 -0.45285 -2.92843 2.94162
2.42 0.405258 -0.490466 -3.54033 3.56345
2.43 0.510372 -0.528543 -3.94144 3.97434
2.44 0.618772 -0.667304 -4.32189 4.36596
2.45 0.745392 -0.892811 -4.72333 4.78178
2.46 0.884962 -0.879943 -5.18924 5.26416
2.47 0.994345 -0.942659 -5.62278 5.71002
2.48 1.0476 -0.948172 -6.01341 6.10398
2.49 1.08286 -1.04109 -6.32518 6.4172
2.5 1.11159 -1.00089 -6.65396 6.74617
2.51 1.16743 -1.08829 -6.99266 7.08944
2.52 1.24144 -1.0481 -7.44064 7.54349
2.53 1.31712 -1.13792 -7.81849 7.92866
2.54 1.39964 -1.19684 -8.17668 8.2956
2.55 1.43903 -1.12286 -8.44209 8.56386
2.56 1.46118 -1.16288 -8.68704 8.80907
2.57 1.47798 -1.06638 -8.86585 8.9882
2.58 1.50057 -1.04958 -9.05861 9.18206
2.59 1.52245 -1.01377 -9.22656 9.35132
2.6 1.55911 -0.936873 -9.51171 9.63864
2.61 1.54766 -0.946519 -9.76221 9.88413
2.62 1.50662 -1.05929 -9.91442 10.0282
2.63 1.47798 -0.911468 -10.027 10.1353
2.64 1.4522 -0.869278 -10.0948 10.1987
2.65 1.50923 -0.818442 -10.2557 10.3662
2.66 1.5118 -0.890191 -10.5143 10.6224
2.67 1.48575 -0.930617 -10.6815 10.7844
2.68 1.45311 -0.847044 -10.8929 10.9894
2.69 1.43393 -0.80305 -11.027 11.1198
2.7 1.45884 -0.858436 -11.0907 11.1862
2.71 1.45047 -0.844319 -11.2062 11.2996
2.72 1.44735 -0.836668 -11.3496 11.4415
2.73 1.47812 -0.965623 -11.6238 11.7174
2.74 1.49166 -1.03654 -11.7751 11.8692
2.75 1.51323 -1.01347 -11.8348 11.9312
2.76 1.52767 -1.02239 -11.9642 12.0614
2.77 1.55575 -1.07074 -12.0629 12.1629
2.78 1.58748 -1.25511 -12.2135 12.3163
2.79 1.62733 -1.04706 -12.3303 12.4372
2.8 1.61372 -1.13172 -12.4218 12.5262
2.81 1.55668 -1.07867 -12.4448 12.5417
2.82 1.50128 -1.04406 -12.4821 12.572
2.83 1.52604 -1.13902 -12.638 12.7298
2.84 1.5692 -0.973973 -12.7489 12.8451
2.85 1.60202 -1.2802 -12.8094 12.9092
2.86 1.61285 -1.01517 -12.6967 12.7987
2.87 1.58626 -1.10083 -12.7474 12.8457
2.88 1.52851 -1.23951 -12.8366 12.9273
2.89 1.52971 -1.04338 -12.9395 13.0296
2.9 1.56812 -1.28037 -13.1623 13.2554
2.91 1.56784 -1.27128 -13.2083 13.3011
2.92 1.53689 -1.32347 -13.2139 13.303
2.93 1.48651 -1.14987 -13.1592 13.2429
2.94 1.44131 -1.19387 -13.1124 13.1914
2.95 1.42534 -1.11334 -13.1853 13.2621
2.96 1.49642 -1.29071 -13.3517 13.4353
2.97 1.52144 -1.30671 -13.4503 13.5361
2.98 1.50718 -1.37794 -13.5023 13.5861
2.99 1.46891 -1.22037 -13.3757 13.4561
3 1.38556 -1.23152 -13.3079 13.3799
3.01 1.32024 -1.21362 -13.2977 13.3631
3.02 1.31551 -1.04994 -13.3664 13.4309
3.03 1.33338 -1.17186 -13.5756 13.6409
3.04 1.35781 -1.29772 -13.6619 13.7292
3.05 1.36605 -1.2224 -13.5969 13.6653
3.06 1.31844 -1.25978 -13.5109 13.5751
3.07 1.25534 -1.17561 -13.54 13.5981
3.08 1.20959 -1.28983 -13.6231 13.6767
3.09 1.20813 -1.42369 -13.7937 13.8465
3.1 1.2985 -1.31369 -13.8043 13.8653
3.11 1.40239 -1.26634 -13.7946 13.8657
3.12 1.44078 -1.3469 -13.7631 13.8383
3.13 1.40971 -1.31362 -13.8447 13.9163
3.14 1.36573 -1.27717 -13.9082 13.9751
3.15 1.34577 -1.50977 -14.1354 14.1993
3.16 1.3617 -1.34086 -14.2454 14.3103
3.17 1.39221 -1.37383 -14.2725 14.3403
3.18 1.38119 -1.30544 -14.2204 14.2873
3.19 1.3569 -1.21461 -14.1869 14.2517
3.2 1.31629 -1.30562 -14.147 14.2081
3.21 1.33224 -1.44539 -14.4214 14.4828
3.22 1.4205 -1.50454 -14.6334 14.7022
3.23 1.50615 -1.42887 -14.6036 14.6811
3.24 1.55233 -1.31022 -14.4741 14.5571
3.25 1.48195 -1.25822 -14.3083 14.3849
3.26 1.34895 -1.43999 -14.1014 14.1657
3.27 1.2157 -1.19692 -14.0563 14.1088
3.28 1.19515 -1.25572 -14.1662 14.2166
3.29 1.25351 -1.32792 -14.2929 14.3478
3.3 1.38389 -1.31129 -14.2914 14.3582
3.31 1.47382 -1.43832 -14.3278 14.4034
3.32 1.47383 -1.34913 -14.2183 14.2944
3.33 1.40444 -1.30136 -14.157 14.2265
3.34 1.30881 -1.32262 -14.1146 14.1751
3.35 1.23586 -1.30001 -14.1062 14.1603
3.36 1.24374 -1.37182 -14.2366 14.2908
3.37 1.33538 -1.45975 -14.312 14.3742
3.38 1.42836 -1.52204 -14.4003 14.4709
3.39 1.49437 -1.51835 -14.3969 14.4743
3.4 1.52019 -1.48986 -14.1892 14.2704
3.41 1.43712 -1.43877 -14.0433 14.1166
3.42 1.33207 -1.53871 -14.1242 14.1869
3.43 1.28667 -1.45718 -14.3163 14.3741
3.44 1.40907 -1.50625 -14.5448 14.6129
3.45 1.56731 -1.46671 -14.4767 14.5613
3.46 1.66305 -1.33796 -14.3672 14.4632
3.47 1.67697 -1.33401 -14.1889 14.2877
3.48 1.59024 -1.12871 -14.1569 14.2459
3.49 1.42933 -1.11931 -14.1499 14.222
3.5 1.28093 -1.16144 -14.2181 14.2757
3.51 1.24632 -1.25667 -14.1337 14.1885
3.52 1.28635 -1.17421 -14.2279 14.286
3.53 1.40722 -1.30726 -14.2998 14.3689
3.54 1.52389 -1.3487 -14.4097 14.49
3.55 1.63037 -1.41974 -14.2898 14.3825
3.56 1.63794 -1.40349 -13.9854 14.081
3.57 1.57785 -1.32197 -13.9191 14.0082
3.58 1.45276 -1.21383 -13.9731 14.0484
3.59 1.45178 -1.41679 -14.2522 14.3259
3.6 1.54527 -1.39341 -14.4745 14.5567
3.61 1.65722 -1.45334 -14.4448 14.5396
3.62 1.69426 -1.4442 -14.3739 14.4735
3.63 1.63154 -1.28934 -14.2791 14.3721
3.64 1.46945 -1.30009 -14.3385 14.4136
3.65 1.33652 -1.34757 -14.5403 14.6016
3.66 1.3067 -1.36017 -14.7472 14.805
3.67 1.38924 -1.26348 -14.8203 14.8853
3.68 1.47961 -1.36919 -14.7062 14.7804
3.69 1.50709 -1.27083 -14.6665 14.7438
3.7 1.48739 -1.34853 -14.7189 14.7939
3.71 1.4775 -1.41394 -14.8826 14.9558
3.72 1.55157 -1.45201 -14.9446 15.025
3.73 1.65178 -1.47398 -14.9985 15.0892
3.74 1.70951 -1.41122 -14.914 15.0117
3.75 1.71964 -1.34548 -14.8592 14.9584
3.76 1.64806 -1.18084 -15.0296 15.1197
3.77 1.56272 -1.32475 -15.228 15.308
3.78 1.52358 -1.28322 -15.26 15.3359
3.79 1.5349 -1.27358 -15.0991 15.1769
3.8 1.57058 -1.21635 -14.7966 14.8797
3.81 1.60568 -1.29217 -14.7411 14.8283
3.82 1.65895 -1.41895 -14.7521 14.8451
3.83 1.5483 -0.788667 -10.8653 10.975
3.84 1.68814 -0.70373 -9.30007 9.45205
3.85 1.44108 -0.659338 -8.83598 8.95272
3.86 1.62832 -3.28653 -26.1865 26.2371
3.87 2.05409 -1.53347 -17.204 17.3262
3.88 2.45277 -0.604432 -11.119 11.3863
3.89 2.0805 -0.925576 -10.7956 10.9942
3.9 2.23865 -1.39702 -10.4432 10.6804
3.91 2.29714 -1.49756 -9.50615 9.77976
3.92 1.65002 -1.62533 -8.83329 8.98608
3.93 1.05063 -1.21425 -8.15652 8.22391
3.94 0.809783 -0.895434 -7.25478 7.29984
3.95 0.748843 -0.735327 -6.20394 6.24898
3.96 0.808717 -0.815803 -5.32385 5.38492
3.97 0.868245 -0.802804 -4.68596 4.76572
3.98 0.84201 -0.875898 -4.15967 4.24404
3.99 0.719199 -0.929489 -3.358 3.43415
4 0.504427 -0.560277 -2.39407 2.44663
4.01 0.256472 -0.183783 -1.84477 1.86251
4.02 0.0684497 -0.272456 -1.21443 1.21635
4.03 -0.0612253 -0.145795 -0.549628 0.553028
4.04 -0.123148 -0.184318 -0.269591 0.296386
4.05 -0.100117 -0.186736 -0.0726178 0.12368
4.06 0.0196642 0.0104755 0.0896642 0.0917951
4.07 0.0315102 -0.00492271 -0.0527259 0.061424
4.08 -0.00744139 -0.0573894 -0.0516254 0.052159
4.09 -0.00465147 -0.0012147 -0.00713481 0.00851714
4.1 -0.00867139 -0.0434021 -0.0262574 0.0276522
4.11 -0.00770854 -0.0618479 -0.0260405 0.0271575
4.12 -0.0134453 -0.0185999 -0.0394304 0.0416597
4.13 0.000555775 -0.0934381 -0.0399809 0.0399848
4.14 -0.00901758 -0.0481556 -0.026012 0.0275307
4.15 -0.00905233 -0.0295223 -0.0330514 0.0342686
4.16 -0.00456178 0.0608076 -0.0260506 0.026447
4.17 -0.00438452 -0.0195571 -0.000127582 0.00438638
4.18 0.00357449 -0.0460587 -0.0137245 0.0141823
4.19 0.000259037 -0.0134694 0.0446289 0.0446296
4.2 -0.025657 0.0292581 -0.0319851 0.041004
4.21 -0.00107772 0.112673 0.0195786 0.0196082
4.22 -0.00531635 -0.0231641 -0.0329336 0.03336
4.23 -0.0109856 -0.153614 0.00555306 0.0123094
4.24 -0.000922021 -0.0169915 0.0125589 0.0125927
4.25 -0.0124507 0.012402 -0.0188753 0.0226119
4.26 0.00352938 -0.0371639 0.0189698 0.0192954
4.27 0.0103244 0.00296108 0.0188332 0.0214775
4.28 -0.0123562 -0.0370034 0.000114671 0.0123568
4.29 -0.0187505 -0.198243 -0.0078981 0.0203461
4.3 -0.00804236 -0.0840712 -0.00704379 0.0106909
4.31 -0.00477854 0.0303478 -5.69909e-05 0.00477888
4.32 -0.0119458 -0.0234493 0.0122797 0.0171316
4.33 -0.0193028 -0.13966 -0.0331286 0.0383419
4.34 -0.011356 -0.0687389 -0.0201184 0.0231021
4.35 -0.00300512 -0.0958001 0.00528926 0.00608334
4.36 -0.00375828 -0.0465312 -0.00656887 0.00756801
4.37 -0.0275375 0.0125277 0.0260772 0.0379254
4.38 -0.0163347 0.0816125 -0.00607793 0.0174288
4.39 -0.0112922 -0.0599186 -0.0328466 0.0347334
4.4 -0.000540863 -0.00807042 -0.0132386 0.0132496
4.41 0.00296535 0.0163903 -0.0197872 0.0200082
4.42 -0.0124557 0.0301627 0.00722203 0.014398
4.43 -0.0114876 -0.108657 -0.0325397 0.0345079
4.44 0.00158669 -0.13468 0.0318851 0.0319246
4.45 -0.00806599 -0.048175 -0.0127134 0.0150562
4.46 -0.0120934 0.0785214 0.0394084 0.0412222
4.47 -0.00950399 -0.0117431 -0.000896044 0.00954613
4.48 -0.00105988 0.0587258 0.0128696 0.0129132
4.49 -0.00805684 -0.030467 0.0187422 0.0204006
4.5 -0.0123942 0.0300184 0.000316699 0.0123983
4.51 -0.00304012 -0.109397 0.0317171 0.0318624
4.52 -0.0199038 -0.0277179 -0.0127212 0.0236219
4.53 0.000466574 -0.0264654 0.0321671 0.0321705
4.54 -0.00694903 -0.075932 -0.0129682 0.0147127
4.55 -0.0155509 -0.0126711 0.0320355 0.0356105
4.56 -0.009643 0.0372696 0.0125697 0.0158425
4.57 -0.00472867 0.00353128 -0.0325957 0.0329369
4.58 -0.0116299 -0.0725119 -0.0326889 0.0346961
4.59 -0.00418254 0.0389398 -0.00673929 0.00793169
4.6 -0.0126878 0.0393007 0.00637849 0.0142009
4.61 -0.000247591 -0.00824591 0.0323298 0.0323308
4.62 -0.0153076 -0.00832798 0.038836 0.041744
4.63 0.000104656 -0.0266172 4.6975e-05 0.000114715
4.64 -0.0127277 -0.072178 -0.000905837 0.0127599
4.65 0.00438357 -0.0778526 0.0184406 0.0189545
4.66 -0.00105847 0.0279359 -0.000588974 0.0012113
4.67 -0.00932758 0.0774478 0.0131952 0.0161591
4.68 -0.008949 -0.230999 0.0245109 0.0260935
4.69 -0.00852452 0.0145732 -0.0129476 0.0155019
4.7 -0.0206747 0.132973 0.00757237 0.0220178
4.71 -0.00362597 -0.0375449 -0.00649236 0.00743629
4.72 -0.0157493 0.00978044 0.00699291 0.0172319
4.73 -0.00893565 0.0863171 0.0513234 0.0520954
4.74 0.00139813 -0.0585281 0.0253824 0.0254208
4.75 -0.0112217 -0.0643211 0.032104 0.0340087
4.76 0.00499287 -0.0692741 -0.0331606 0.0335344
4.77 0.000924814 -0.147523 -0.000850269 0.00125628
4.78 -0.00832338 0.0142773 0.0259479 0.0272502
4.79 -0.0203839 -0.0719246 -0.0199501 0.0285221
4.8 0.00320014 0.00282514 0.0320879 0.0322471
4.81 -0.0174945 -0.0820218 0.0182995 0.0253166
4.82 -0.00376422 -0.055314 0.00642987 0.00745068
4.83 0.00292459 -0.00582786 -0.0066136 0.00723139
4.84 -0.00955798 0.139853 -0.0128428 0.0160091
4.85 -0.00519897 0.0168064 -0.0258711 0.0263884
4.86 -0.00409528 0.00227366 0.0133307 0.0139456
4.87 -0.0115668 -0.0104625 0.0382337 0.0399451
4.88 -0.0177038 -0.118512 0.0513691 0.0543343
4.89 -0.0073528 -0.0129844 0.0193826 0.0207304
4.9 -0.00718757 -0.0981969 -0.019613 0.0208886
4.91 -0.0186543 -0.0240296 0.0321534 0.0371729
4.92 -0.00558769 -0.121029 0.0317491 0.032237
4.93 -0.00185444 -0.0339507 -0.0136699 0.0137951
4.94 -0.00121964 0.0369367 -0.0198286 0.019866
4.95 -0.0112312 -0.0284776 0.0317927 0.0337182
4.96 -0.0127369 0.0928414 0.000623562 0.0127522
4.97 -0.00372502 0.00696184 0.0320921 0.0323076
4.98 -0.00283045 -0.0917844 0.025538 0.0256944
4.99 -0.00827028 0.00959664 0.0324014 0.0334402
5 -0.015503 0.000589651 0.0131947 0.0203579
5.01 -0.00982343 -0.145328 0.037572 0.0388349
5.02 -0.00344891 -0.0509863 0.0188592 0.019172
5.03 -0.00487271 -0.0454993 -0.0265891 0.0270319
5.04 -0.00706317 -0.0711269 0.0126223 0.0144641
5.05 -0.00442666 -0.0015564 0.0256289 0.0260084
5.06 -0.00468943 -0.0144881 0.0253545 0.0257845
5.07 -0.0192229 -0.019477 -0.00618772 0.0201943
5.08 -0.00423287 0.0299254 0.0124615 0.0131608
5.09 0.00424314 -0.0685745 -0.000868617 0.00433114
5.1 -0.0073556 -0.0219293 6.68633e-05 0.0073559
5.11 -0.00772838 -0.00367426 0.00616705 0.00988738
5.12 -0.000755335 -0.0304006 -0.000876641 0.00115716
5.13 -0.0126252 -0.00122344 0.0131432 0.0182247
5.14 -0.00572599 0.2271 0.0136851 0.0148347
5.15 -0.00661462 -0.133862 -0.000791988 0.00666186
5.16 -0.0200884 -0.0188521 0.0255632 0.0325119
5.17 -0.0124102 0.0118194 0.000542628 0.012422
5.18 -0.0112917 -0.0244296 0.0581358 0.0592222
5.19 -0.0174503 -0.252302 -0.00790569 0.0191576
5.2 -0.026747 -0.0141803 0.00568466 0.0273444
5.21 -0.0117954 -0.0101003 0.0388989 0.0406479
5.22 -0.00817756 0.0230694 0.0324971 0.0335102
5.23 -0.0117155 -0.0149887 0.00690604 0.0135995
5.24 0.00529417 -0.212947 -0.00103962 0.00539528
5.25 -0.0160172 -0.0210604 -0.00677435 0.0173909
5.26 -0.0199844 0.0214736 -9.9951e-05 0.0199846
5.27 -0.0108547 -0.0911978 0.0127496 0.0167445
5.28 -0.00351413 -0.0063769 0.0387074 0.0388666
5.29 -0.0142358 -0.120354 0.0313805 0.0344586
5.3 -0.00494046 0.0126244 0.018997 0.019629
5.31 -0.0162629 -0.0211571 -0.0132148 0.0209551
5.32 -0.01853 -0.0995526 0.0253701 0.0314166
5.33 -0.00525963 -0.063042 -0.0140458 0.0149983
5.34 -0.0156705 -0.0350233 -0.00638271 0.0169205
5.35 -0.0233516 0.0185247 0.0392165 0.0456424
5.36 -0.00703792 -0.0312768 0.0130119 0.0147933
5.37 -0.0107178 -0.0426388 0.013286 0.0170701
5.38 -0.0147343 -0.0398894 0.000564035 0.0147451
5.39 -0.000433196 0.0675824 0.0197656 0.0197703
5.4 -0.00427887 -0.0196308 0.013018 0.0137031
5.41 -0.00300394 -0.0558848 -0.013328 0.0136623
5.42 -0.0106141 -0.0290568 0.0510551 0.0521467
5.43 -0.00402762 -0.0239425 -0.0132161 0.0138162
5.44 0.00117282 -0.0492407 0.0705024 0.0705122
5.45 -0.00563587 -0.156749 0.00553687 0.00790063
5.46 -0.0045836 -0.0144007 0.0122471 0.0130767
5.47 -0.0180156 -0.100381 0.0254248 0.0311606
5.48 -0.00650838 -0.120584 0.00577635 0.00870203
5.49 -0.00967381 -0.0204699 -0.0264545 0.0281677
5.5 -0.00879475 -0.0122019 0.0250392 0.0265388
5.51 0.00812239 -0.0399098 0.0315356 0.0325648
5.52 -0.00921555 0.108777 0.032142 0.033437
5.53 -0.0137963 -0.0982048 0.0255293 0.0290187
5.54 -0.0185565 -0.0507962 -0.0137626 0.0231031
5.55 -0.000283486 -0.0132089 -0.000204107 0.000349319
5.56 -0.00920369 -0.033906 -0.00692604 0.0115186
5.57 -0.00193667 -0.136959 0.0249896 0.0250645
