0 0.00613401 0.179239 -0.0384848 0.0389706
0.01 0.0102062 0.123278 -0.0254365 0.0274077
0.02 -0.00531113 0.0882511 -0.0571902 0.0574363
0.03 0.0146259 0.066869 -0.0448267 0.0471524
0.04 0.0106922 0.0601223 0.0128816 0.0167409
0.05 0.00305823 0.0205952 -0.0450687 0.0451724
0.06 0.00978688 0.0880539 -0.0130784 0.0163349
0.07 -0.0038369 -0.046846 -0.00676914 0.00778094
0.08 0.0134708 0.125636 -0.00631548 0.0148777
0.09 0.00309644 0.0563276 -0.032505 0.0326522
0.1 -0.00521568 0.0653892 -0.0251017 0.0256379
0.11 -0.000272592 -0.0221868 -0.0393002 0.0393011
0.12 0.003329 0.0471699 -0.00652291 0.0073233
0.13 0.0177214 0.0963113 -0.0127858 0.0218523
0.14 0.00773116 -0.0805451 -0.0267457 0.0278407
0.15 0.023874 0.00750068 -0.00635259 0.0247047
0.16 0.00311148 -0.00656411 -0.0585297 0.0586124
0.17 0.00311855 0.0963395 0.000198996 0.00312489
0.18 0.0140634 0.111931 -0.0257363 0.0293281
0.19 -0.00202513 0.1044 -0.0709703 0.0709992
0.2 0.00455944 0.100188 -0.0266348 0.0270223
0.21 0.00961439 0.150497 -0.0388458 0.0400179
0.22 0.000358077 0.0355299 -0.0317057 0.0317077
0.23 0.0183186 0.0513126 -0.000335181 0.0183216
0.24 0.00734508 0.0444402 -0.0189396 0.020314
0.25 0.0132674 0.0500445 -0.0388173 0.041022
0.26 0.015787 -0.0898322 -0.0531236 0.0554198
0.27 0.0138489 0.125452 -0.0251757 0.0287334
0.28 0.00411457 0.00615394 0.00639675 0.00760579
0.29 0.00974651 0.159322 -0.0125163 0.0158636
0.3 0.0250253 0.114771 -0.0391038 0.046426
0.31 0.00793691 0.00401097 -6.74091e-05 0.00793719
0.32 0.010289 0.0564686 -0.00670201 0.0122793
0.33 0.00990009 0.159298 -0.0127488 0.0161413
0.34 0.0137118 0.111747 -0.0190694 0.0234873
0.35 -0.0124308 0.0436107 -0.00660133 0.0140749
0.36 0.00180137 0.105657 -0.012666 0.0127935
0.37 0.0155643 0.0443845 -0.00652416 0.0168764
0.38 -0.00865255 0.0227006 -0.0576173 0.0582633
0.39 0.00206093 0.0964523 -0.0513831 0.0514245
0.4 0.00993762 0.0696565 -0.0317509 0.0332697
0.41 0.00660409 0.156373 -0.0180807 0.019249
0.42 0.0128759 0.143749 -0.0127876 0.0181469
0.43 0.0073485 0.0893769 -0.0125396 0.0145341
0.44 0.0112635 0.078067 -0.0125688 0.0168773
0.45 0.00388277 -0.0514703 -0.0201289 0.0204999
0.46 0.0135089 0.0814153 -0.0391096 0.041377
0.47 -0.000973955 0.1079 -0.044799 0.0448096
0.48 0.00730372 0.0891649 -0.0314761 0.0323123
0.49 0.000157434 0.218635 -0.0317893 0.0317897
0.5 0.0159852 -0.0765943 -0.0136294 0.0210069
0.51 0.0216208 0.192196 -0.00616194 0.0224817
0.52 0.00975722 0.150183 -0.0253594 0.0271718
0.53 0.0101753 0.0428993 -0.058119 0.059003
0.54 -0.00912656 0.112509 -0.0451641 0.046077
0.55 0.0129282 -0.0572742 0.0128227 0.0182088
0.56 -0.00890651 0.1433 -0.0180188 0.0200999
0.57 0.0168049 0.248371 -0.0252943 0.0303678
0.58 0.0117776 -0.00681907 -0.00077835 0.0118033
0.59 0.00792299 -0.00898596 -0.0262158 0.0273869
0.6 -0.00187836 0.107666 -0.0441077 0.0441477
0.61 0.00632397 0.0722972 -0.0454406 0.0458786
0.62 0.02265 0.0755503 -0.00666104 0.0236091
0.63 0.00534068 0.126136 -0.00599644 0.00802996
0.64 0.0177085 0.109858 -0.0258356 0.031322
0.65 0.0144374 0.0627252 -0.0190421 0.0238965
0.66 0.0172551 0.190515 -0.012577 0.0213523
0.67 0.0154535 0.0623996 -0.0449639 0.0475454
0.68 0.0154945 0.244968 -0.0643786 0.066217
0.69 0.00901712 0.0929025 -0.0903157 0.0907647
0.7 0.00300746 -0.0242501 -0.0392051 0.0393203
0.71 -0.00560556 0.141676 -0.044247 0.0446007
0.72 0.0185364 0.0959399 4.14183e-05 0.0185365
0.73 0.00159229 0.0440828 -0.0647606 0.0647801
0.74 0.00653483 0.0363187 -0.0324868 0.0331375
0.75 0.0103335 0.0115818 -0.02648 0.0284248
0.76 0.020783 0.139203 -0.045116 0.0496728
0.77 0.00962594 0.19038 -0.0186759 0.0210107
0.78 0.00372982 -0.0154546 -0.0328122 0.0330235
0.79 0.00461634 0.167188 -0.077213 0.0773509
0.8 -0.00403523 -0.0376052 -0.0263489 0.0266561
0.81 0.0056975 0.156766 -0.0386952 0.0391124
0.82 0.00525827 0.0903326 -0.038611 0.0389674
0.83 0.0112111 -0.0516116 -0.078194 0.0789936
0.84 0.00842666 -0.000675526 -0.0133181 0.0157601
0.85 0.0103049 0.145534 -0.0383395 0.0397003
0.86 0.00355163 0.0738754 -0.00599067 0.00696435
0.87 0.0206277 0.179466 -0.0574392 0.0610309
0.88 0.0203649 0.223848 -0.00601789 0.0212354
0.89 0.0113349 0.0552704 0.000513528 0.0113466
0.9 0.0195032 0.0105502 -0.0325997 0.0379883
0.91 0.0143134 0.0356355 -0.0261389 0.0298012
0.92 0.00558698 0.139584 -0.00613317 0.00829639
0.93 0.0102009 0.127848 -0.0190149 0.0215784
0.94 0.00410213 0.238702 -0.0572877 0.0574344
0.95 0.0143553 0.0269027 -0.0265181 0.0301544
0.96 0.013764 0.103163 -0.032053 0.0348833
0.97 0.00629015 0.0854052 -0.0321672 0.0327765
0.98 -3.168e-05 -0.0135973 -0.0321396 0.0321396
0.99 0.00279548 0.0876169 1.40854e-05 0.00279552
1 0.00485785 0.0956238 -0.0388795 0.0391818
1.01 0.0138978 0.152045 -0.0254552 0.029002
1.02 0.018907 0.0820924 -0.0319517 0.0371266
1.03 0.00315253 0.0739636 -0.0384517 0.0385807
1.04 0.0140817 0.116455 -0.0254466 0.029083
1.05 0.0133586 0.18387 -0.0321724 0.0348355
1.06 -0.0120881 0.0837227 -0.045534 0.0471112
1.07 -0.00909233 0.112593 -0.0387617 0.0398138
1.08 0.00557978 0.139113 0.000409747 0.0055948
1.09 -0.0060828 0.106413 -0.0321595 0.0327297
1.1 -0.00694128 -0.0847479 -0.0197498 0.0209341
1.11 0.0128938 0.135081 -0.0321736 0.0346611
1.12 0.0146234 0.0803833 -0.0190894 0.0240468
1.13 0.0145305 0.0988181 -0.000146378 0.0145313
1.14 0.00302724 0.0652878 -0.0188181 0.0190601
1.15 0.0113212 0.135599 -0.0119934 0.0164928
1.16 0.0249254 0.100827 -0.032656 0.0410815
1.17 -0.0139531 0.0402141 -0.0708624 0.072223
1.18 -0.00153834 0.0676256 0.00669997 0.0068743
1.19 0.00113754 0.13289 -0.0317042 0.0317246
1.2 0.00786072 0.0220896 -0.00696624 0.0105033
1.21 0.00348598 0.082654 0.000520359 0.0035246
1.22 0.00298982 0.123022 -0.0188548 0.0190903
1.23 0.0164299 0.088145 -0.051819 0.0543613
1.24 0.0150093 0.0713826 -0.0447312 0.0471822
1.25 0.00246742 0.0969968 -0.051718 0.0517768
1.26 0.0125322 0.180028 -0.0255793 0.0284843
1.27 0.0119083 0.0331379 -0.0386348 0.0404284
1.28 0.0171072 -0.0771745 0.0249865 0.0302817
1.29 0.0075673 0.0579545 -0.0380831 0.0388276
1.3 0.00905203 0.128636 -0.0191839 0.0212123
1.31 -0.000369233 0.044495 -0.0120014 0.012007
1.32 -0.0044801 0.0156809 -0.0454878 0.0457079
1.33 0.0209465 0.196823 -0.0576486 0.0613361
1.34 -0.00696219 -0.00489113 -0.0257138 0.0266397
1.35 0.0114682 -0.00236402 -0.0262064 0.0286059
1.36 0.022015 0.084797 -0.00653673 0.022965
1.37 0.019067 0.055816 -0.000434059 0.0190719
1.38 0.013784 0.0674482 -0.0192076 0.0236417
1.39 0.00900646 0.181995 -0.0321148 0.0333538
1.4 -0.00747026 -0.00472838 -0.0127529 0.0147798
1.41 0.0100994 0.0834369 -0.0199648 0.0223739
1.42 -0.00137147 0.0675884 -0.0384514 0.0384758
1.43 0.00204585 0.0793905 -0.0707163 0.0707459
1.44 0.0137155 0.0991895 -0.0129736 0.0188793
1.45 0.00151274 0.213324 -0.0767902 0.0768051
1.46 -0.0127445 0.0791787 -0.0125093 0.0178579
1.47 0.0209853 0.0856586 -0.0647327 0.0680493
1.48 0.018346 0.0644571 -0.0453587 0.0489283
1.49 0.0169966 0.194697 -0.0574445 0.0599063
1.5 0.019032 0.0425613 -0.0516508 0.0550456
1.51 0.0145543 0.0668648 -0.0253169 0.0292023
1.52 -0.00580531 0.168495 -0.0449054 0.0452791
1.53 0.016848 0.0834542 -0.0455599 0.0485753
1.54 -0.000425728 0.0136678 -0.0257305 0.025734
1.55 0.00276901 0.0919286 -0.0186327 0.0188373
1.56 0.0102012 0.118399 0.00699935 0.0123716
1.57 0.0179146 0.114441 -0.0193759 0.0263886
1.58 0.00563815 0.18441 0.0131418 0.0143002
1.59 0.0101209 0.203603 -0.0184337 0.0210294
1.6 0.0149999 0.00445224 -0.0326697 0.0359486
1.61 0.00951513 0.114889 -0.0193656 0.0215769
1.62 0.00690033 0.0721395 -0.0193439 0.0205378
1.63 0.0103787 0.118491 -0.0256178 0.0276404
1.64 0.00619506 0.0988187 -0.0382415 0.03874
1.65 -0.00146816 0.0278953 -0.0455848 0.0456084
1.66 0.0136638 0.2239 -0.01894 0.0233543
1.67 0.0124215 0.0150337 -0.0263015 0.0290871
1.68 0.00557405 0.153131 -0.019183 0.0199764
1.69 -0.00931629 0.161956 -0.0385124 0.0396232
1.7 0.0216046 0.103312 -0.025916 0.0337401
1.71 0.0172352 0.146096 -0.0193881 0.0259413
1.72 0.00252256 0.0877476 0.0068813 0.00732909
1.73 0.0139458 0.0944394 -0.0128844 0.0189866
1.74 0.0135254 0.103538 -0.0450364 0.0470236
1.75 0.0221598 0.0670456 -0.0130861 0.0257353
1.76 0.00398162 -0.0158429 -0.0647477 0.06487
1.77 0.00970153 0.145738 0.000262942 0.0097051
1.78 0.0132897 0.112857 -0.0387047 0.0409227
1.79 0.00900069 0.093078 -0.0130823 0.0158795
1.8 0.0288675 0.111768 -0.0260785 0.0389027
1.81 0.0100327 0.0430323 -0.0202138 0.0225666
1.82 0.00977691 0.101277 -0.0321897 0.0336418
1.83 -0.0116208 0.0292731 -0.0381071 0.0398396
1.84 0.0216123 0.0718559 -0.026359 0.0340865
1.85 0.0211073 0.116975 -0.0321367 0.0384485
1.86 0.00718992 -0.00864257 -0.0197657 0.0210327
1.87 0.0135038 0.17931 -0.019046 0.0233475
1.88 0.009198 0.114949 -0.0325492 0.0338239
1.89 -0.00654034 0.195705 -0.0192952 0.0203735
1.9 0.0100916 0.0922529 -0.0131832 0.0166024
1.91 -0.00577623 0.106225 -0.03151 0.032035
1.92 -0.0900921 0.0949875 -0.67574 0.681719
1.93 -0.212077 0.0852655 -1.4352 1.45078
1.94 -0.226943 -0.0875556 -1.67742 1.6927
1.95 -0.157753 -0.0238905 -1.50762 1.51585
1.96 -0.0384976 -0.0232545 -1.16232 1.16296
1.97 0.0306431 -0.0899667 -0.937018 0.937519
1.98 0.0749871 0.0422586 -0.794473 0.798004
1.99 0.0723451 0.132836 -0.785004 0.788331
2 0.0135271 0.031451 -0.963679 0.963774
2.01 -0.0422898 0.0985147 -1.24506 1.24578
2.02 -0.0824894 -0.0227029 -1.44492 1.44727
2.03 -0.0918739 -0.0302682 -1.56094 1.56364
2.04 -0.10493 0.0941264 -1.74047 1.74363
2.05 -0.0816928 0.0577868 -1.7729 1.77478
2.06 -0.0845992 0.0590514 -1.84276 1.8447
2.07 -0.059712 0.204441 -1.92027 1.9212
2.08 -0.0539836 -0.00392383 -2.0183 2.01902
2.09 -0.0473898 0.0941914 -2.13356 2.13409
2.1 -0.0202991 0.00190961 -2.25033 2.25042
2.11 0.00492011 0.0261989 -2.40019 2.40019
2.12 0.021699 0.047112 -2.48499 2.48508
2.13 0.0380815 -0.0431958 -2.6467 2.64698
2.14 0.0516055 0.00773827 -2.7967 2.79717
2.15 0.0432438 -0.0230971 -3.02207 3.02238
2.16 0.0586878 -0.0718819 -3.27523 3.27576
2.17 0.0516862 -0.0939798 -3.49545 3.49583
2.18 0.054271 -0.153405 -3.70336 3.70375
2.19 0.0673903 -0.143254 -3.84046 3.84105
2.2 0.0965856 -0.0277671 -4.03365 4.0348
2.21 0.127287 -0.157895 -4.17137 4.17331
2.22 0.155729 -0.122496 -4.32687 4.32967
2.23 0.188787 -0.196766 -4.40646 4.4105
2.24 0.202533 -0.223995 -4.55582 4.56032
2.25 0.266799 -0.227736 -4.67388 4.68149
2.26 0.290616 -0.081899 -4.81056 4.81933
2.27 0.331635 -0.268813 -4.30812 4.32087
2.28 0.355964 -0.431334 -5.36848 5.38027
2.29 0.339733 -0.411325 -5.5694 5.57975
2.3 0.33667 -0.0933602 -5.56793 5.5781
2.31 0.411327 -0.202755 -5.48434 5.49974
2.32 0.422447 -0.169435 -5.53091 5.54702
2.33 0.472836 -0.307326 -5.65494 5.67467
2.34 0.504648 -0.272922 -5.87747 5.8991
2.35 0.502436 -0.435499 -6.22267 6.24292
2.36 0.498889 -0.428637 -6.40449 6.42389
2.37 0.49921 -0.539895 -6.64443 6.66315
2.38 0.499067 -0.401529 -6.73546 6.75393
2.39 0.540769 -0.477249 -6.83934 6.86069
2.4 0.592591 -0.482466 -6.9578 6.98299
2.41 0.634457 -0.683172 -7.08317 7.11153
2.42 0.695571 -0.524136 -7.22074 7.25417
2.43 0.746174 -0.60456 -7.35272 7.39048
2.44 0.769188 -0.623351 -7.58746 7.62635
2.45 0.7901 -0.667307 -7.79539 7.83533
2.46 0.808111 -0.652393 -7.91808 7.95921
2.47 0.856379 -0.672832 -8.01637 8.06198
2.48 0.866027 -0.6483 -8.11444 8.16052
2.49 0.916085 -0.746222 -8.20021 8.25122
2.5 0.944864 -0.763732 -8.31851 8.372
2.51 0.963426 -0.601379 -8.33012 8.38565
2.52 0.941779 -0.824591 -8.45984 8.5121
2.53 0.946476 -0.683794 -8.58227 8.6343
2.54 0.908157 -0.83016 -8.70417 8.75142
2.55 0.914326 -0.753432 -8.77528 8.82278
2.56 0.916784 -0.65737 -8.76683 8.81464
2.57 0.924152 -0.63968 -8.77875 8.82726
2.58 0.916725 -0.577214 -8.84855 8.89591
2.59 0.943956 -0.704674 -9.06413 9.11315
2.6 0.976812 -0.76447 -9.28703 9.33826
2.61 1.02455 -0.788646 -9.45252 9.50789
2.62 1.05642 -0.866347 -9.55135 9.60959
2.63 1.09367 -0.836105 -9.61689 9.67887
2.64 1.11594 -0.823319 -9.73231 9.79608
2.65 1.14405 -0.840591 -9.95991 10.0254
2.66 1.17686 -0.838566 -10.0391 10.1078
2.67 1.20414 -0.86928 -10.0337 10.1057
2.68 1.21761 -0.864489 -10.0735 10.1468
2.69 1.18945 -0.95004 -10.1836 10.2528
2.7 1.21068 -0.824407 -10.4566 10.5264
2.71 1.25473 -0.959086 -10.66 10.7335
2.72 1.2937 -0.938791 -10.8309 10.9079
2.73 1.34557 -1.01982 -10.8074 10.8908
2.74 1.34971 -1.08508 -10.7889 10.873
2.75 1.35858 -0.988571 -10.8071 10.8921
2.76 1.37587 -1.12921 -11.074 11.1592
2.77 1.43418 -1.09767 -11.2904 11.3811
2.78 1.48093 -1.01503 -11.3693 11.4654
2.79 1.47256 -1.05494 -11.3802 11.4751
2.8 1.44866 -0.986613 -11.3647 11.4567
2.81 1.38897 -0.954623 -11.4849 11.5686
2.82 1.40229 -0.935773 -11.7449 11.8283
2.83 1.46588 -1.05462 -11.9308 12.0205
2.84 1.52238 -1.00938 -12.0038 12.1
2.85 1.54361 -1.01703 -12.023 12.1217
2.86 1.54129 -0.976138 -11.9894 12.088
2.87 1.48112 -0.934884 -11.9744 12.0656
2.88 1.46419 -0.924543 -12.1485 12.2365
2.89 1.4698 -1.1068 -12.3776 12.4645
2.9 1.54052 -0.981535 -12.5207 12.6151
2.91 1.5976 -1.1054 -12.5412 12.6426
2.92 1.619 -1.0066 -12.4163 12.5214
2.93 1.56505 -0.901261 -12.4901 12.5878
2.94 1.48612 -1.0033 -12.5648 12.6524
2.95 1.40239 -0.911491 -12.7954 12.872
2.96 1.44038 -1.06453 -13.1151 13.194
2.97 1.55914 -0.960178 -13.2466 13.338
2.98 1.62285 -0.915779 -13.2283 13.3274
2.99 1.62014 -0.949281 -13.2874 13.3858
3 1.52998 -0.929067 -13.3899 13.4771
3.01 1.47645 -1.16748 -13.6256 13.7053
3.02 1.47179 -1.17084 -13.7573 13.8358
3.03 1.54469 -1.24363 -13.8153 13.9014
3.04 1.62994 -1.25733 -13.7734 13.8695
3.05 1.67357 -1.34253 -13.9054 14.0058
3.06 1.69183 -1.21489 -14.1067 14.2078
3.07 1.76277 -1.4004 -14.3963 14.5038
3.08 1.81636 -1.41088 -14.6455 14.7577
3.09 1.90901 -1.60937 -14.6183 14.7424
3.1 1.92599 -1.67822 -14.3981 14.5263
3.11 1.82733 -1.53303 -14.5035 14.6182
3.12 1.66731 -1.56318 -14.9003 14.9933
3.13 1.60261 -1.57626 -15.2692 15.3531
3.14 1.59908 -1.61339 -15.2242 15.3079
3.15 1.40218 -0.69714 -10.2507 10.3462
3.16 1.55153 -0.62022 -8.49436 8.63489
3.17 1.29058 -0.88542 -13.3701 13.4322
3.18 0.709824 -1.47125 -19.6222 19.635
3.19 1.20261 -1.51495 -16.9456 16.9882
3.2 2.07744 -1.26035 -11.941 12.1204
3.21 1.98261 -1.2869 -10.0991 10.2918
3.22 1.86719 -1.3032 -9.25912 9.44551
3.23 1.70175 -1.54735 -8.73255 8.89682
3.24 1.2131 -1.48372 -7.94691 8.03896
3.25 0.873263 -1.10649 -6.86393 6.91926
3.26 0.684125 -0.720896 -5.66997 5.7111
3.27 0.525863 -0.61767 -4.71135 4.7406
3.28 0.413893 -0.414103 -3.74679 3.76958
3.29 0.270954 -0.438743 -2.81481 2.82782
3.3 0.117145 -0.330645 -2.26341 2.26644
3.31 0.0243084 -0.193936 -1.41007 1.41028
3.32 -0.0788013 0.126815 -0.716059 0.720382
3.33 -0.131682 0.162712 -0.218401 0.255028
3.34 -0.0136633 0.0760319 0.0203584 0.0245184
3.35 0.00202735 0.0614949 -0.0392903 0.0393425
3.36 0.0116395 0.158744 -0.0780809 0.0789437
3.37 0.0057773 0.10349 -0.019362 0.0202055
3.38 0.00617848 -0.0391077 -0.0658705 0.0661596
3.39 0.0216525 0.0807218 -0.0329554 0.0394321
3.4 0.00890795 0.159901 -0.0454653 0.0463298
3.41 -0.00118647 0.0454921 -0.0461344 0.0461496
3.42 0.0059024 0.0414801 -0.0589761 0.0592707
3.43 0.0180785 0.0920869 -0.0521272 0.0551732
3.44 0.0249717 0.060981 -0.052556 0.0581869
3.45 -0.000994902 0.0142971 -0.0583708 0.0583793
3.46 0.0180289 0.0162908 -0.0334699 0.0380168
3.47 0.00407683 0.163002 -0.0458759 0.0460567
3.48 0.0128787 0.0595294 -0.0333669 0.035766
3.49 -0.00307988 0.135755 -0.0319307 0.0320789
3.5 0.0130386 0.0946904 -0.0323845 0.0349107
3.51 0.00483913 0.0779089 -0.058845 0.0590437
3.52 0.0142354 0.0230863 -0.0141818 0.0200941
3.53 -0.00952532 0.100041 -0.0129618 0.0160854
3.54 0.0024555 0.0567915 -0.019382 0.0195369
3.55 0.00261583 0.0919328 0.00673835 0.00722827
3.56 0.00533548 0.108226 -0.0194893 0.0202065
3.57 0.00870586 0.133311 -0.0198149 0.0216431
3.58 -0.00266409 0.14474 -0.0261873 0.0263224
3.59 -0.00517705 0.056999 -0.044558 0.0448578
3.6 -0.0063328 0.182709 -0.0317569 0.0323822
3.61 -0.00274804 0.162205 -0.0254282 0.0255763
3.62 0.00204031 0.0705881 -0.032579 0.0326428
3.63 0.017549 -0.0148858 0.00523376 0.0183129
3.64 0.013279 0.0993566 -0.0195224 0.0236105
3.65 0.00923023 0.0619455 -0.0523446 0.0531522
3.66 0.00190458 0.016665 -0.0390555 0.0391019
3.67 0.0164325 0.106358 -0.00712606 0.0179111
3.68 0.00968565 0.159608 -0.00672537 0.0117916
3.69 -0.0170513 0.0908676 -9.23704e-05 0.0170515
3.7 0.0216844 0.0850513 -0.026193 0.0340042
3.71 -0.00630503 0.0928993 -0.013016 0.0144627
3.72 0.00655491 0.0808994 -0.0519286 0.0523407
3.73 0.00222375 0.0923314 -0.00601261 0.00641065
3.74 0.00462356 0.144678 0.000227776 0.00462917
3.75 -0.00189679 0.0415443 0.0123914 0.0125357
3.76 0.00212484 0.0570459 -0.0390389 0.0390967
3.77 -0.0050311 -0.0728332 -0.0138346 0.014721
3.78 -0.000864315 0.0631801 0.00679513 0.00684988
3.79 -0.00258526 0.135445 0.0262809 0.0264077
3.8 -0.00801246 0.107656 -0.038754 0.0395736
3.81 0.00917237 0.155072 -0.0127202 0.0156823
3.82 0.00369303 -0.0020234 -0.0134773 0.0139741
3.83 0.0127208 0.0906661 -0.0136143 0.0186324
3.84 0.0206625 0.099395 -0.0198646 0.0286625
3.85 -0.00237166 0.095542 -0.0136318 0.0138366
3.86 -0.00360954 -0.0739127 0.00572012 0.00676376
3.87 0.0214618 0.103625 -0.039403 0.0448687
3.88 0.0214833 0.107645 0.00621744 0.0223649
3.89 0.0328865 0.0923963 -0.000444923 0.0328895
3.9 0.00231024 0.0519227 -0.0316326 0.0317169
3.91 0.00778083 0.187509 -0.032606 0.0335216
3.92 0.00490749 0.193718 0.0137691 0.0146175
3.93 0.00554424 0.224528 -0.00608679 0.00823332
3.94 0.00657922 0.0365504 -0.0386889 0.0392443
3.95 0.00271291 0.0610818 -0.00722323 0.00771589
3.96 -0.0034799 0.131598 -0.00618431 0.00709616
3.97 0.0143884 0.000281311 -0.00696137 0.0159839
3.98 0.0103737 0.0657272 -0.0457541 0.0469153
3.99 -0.00662273 0.102247 -0.0259616 0.026793
4 -0.00515716 0.0882078 -0.0322841 0.0326934
4.01 0.00154797 0.146444 -0.0195392 0.0196004
4.02 0.0018239 0.0883351 -0.00651915 0.00676949
4.03 0.0011854 -0.107544 -0.0328073 0.0328288
4.04 0.0043192 0.233965 -0.0122789 0.0130164
4.05 0.00568939 0.094735 -0.0256406 0.0262642
4.06 0.00867563 0.182088 -0.0255181 0.0269526
4.07 0.00810765 0.129127 -0.0390255 0.0398588
4.08 0.0113463 -0.0113825 0.0125042 0.0168847
4.09 0.0167552 0.101889 -0.0266169 0.0314515
4.1 0.0137874 0.0897452 -0.00646905 0.0152296
4.11 -0.00176984 0.148606 -0.0188607 0.0189435
4.12 0.00390585 -0.0780791 -0.0142207 0.0147473
4.13 0.00689833 0.0763663 0.00615473 0.00924487
4.14 0.00979984 0.0971472 -0.0063671 0.0116866
4.15 0.013565 0.10848 -0.045932 0.0478932
4.16 0.01787 -0.00175579 -0.0204767 0.0271778
4.17 0.00528458 0.188795 -0.0323371 0.0327661
4.18 0.00128424 0.200133 0.00698225 0.00709937
4.19 0.00520203 0.0951751 -0.01275 0.0137704
4.2 0.0335598 0.0869744 -0.00704426 0.0342912
4.21 -0.00500756 0.0525346 -0.0386778 0.0390006
4.22 0.0107575 0.0834319 -0.0259822 0.0281212
4.23 0.0047097 0.193671 -0.00604934 0.00766654
4.24 0.0112826 0.162787 0.0126552 0.0169544
4.25 0.00524458 0.0997946 -0.019707 0.0203929
4.26 0.00531901 0.121954 -0.0253633 0.025915
4.27 0.0135074 0.121473 -0.000273154 0.0135101
4.28 0.00427742 0.171993 -0.0067417 0.00798416
4.29 -0.000890794 0.0410702 -0.000925969 0.00128489
4.3 -0.00667062 0.124837 -0.0189222 0.0200635
4.31 0.00564906 0.095137 0.00633306 0.00848643
4.32 0.00956859 0.0302355 -0.0331314 0.0344855
4.33 0.00618988 0.0100432 -0.0203234 0.0212451
4.34 0.0186588 0.0472834 0.0124182 0.0224134
4.35 0.00666277 0.0632073 -0.00742735 0.00997788
4.36 0.00630252 0.0811462 -0.0188788 0.019903
4.37 0.00554813 0.157242 0.0387029 0.0390985
4.38 0.015131 -0.0264768 -0.0139759 0.0205979
4.39 0.0212033 0.107465 -0.00662539 0.0222144
4.4 0.00602283 0.0902147 0.0187943 0.0197357
4.41 -0.000702796 0.0677122 -0.0319347 0.0319424
4.42 0.00485718 0.287638 -0.00565589 0.00745529
4.43 0.00897405 0.0840178 -1.26581e-05 0.00897406
4.44 0.00562897 0.130852 -0.00651239 0.00860793
4.45 0.00509682 0.13108 -0.0125583 0.0135532
4.46 0.00944192 0.0523494 -3.86308e-05 0.00944199
4.47 0.0103797 0.0873789 0.0134295 0.0169732
4.48 0.0251447 0.114322 0.0319065 0.0406237
4.49 0.017408 0.0613352 -0.0397887 0.0434302
4.5 0.00988875 0.132445 0.0130101 0.0163416
4.51 0.00166836 0.115225 0.0128734 0.012981
4.52 0.0217208 0.0807269 0.00610226 0.0225617
4.53 -0.00135669 0.0590829 -0.0255229 0.0255589
4.54 0.0125443 0.0465935 -0.0141315 0.018896
4.55 0.0044882 -0.12711 0.0248261 0.0252286
4.56 -0.00395443 -0.0775485 0.0115456 0.0122041
4.57 0.00657544 0.0810156 -0.025746 0.0265724
4.58 0.0141467 0.0811133 -0.0199176 0.0244303
4.59 0.00584238 0.081359 -0.0192958 0.0201609
4.6 0.0104923 0.0294672 -0.0132195 0.0168773
4.61 0.0118721 0.126946 -0.0457596 0.0472746
4.62 -0.00229175 0.0906536 -0.0456247 0.0456822
4.63 0.0168916 0.0569616 -0.013469 0.0216042
4.64 0.00920838 0.114917 0.00623788 0.0111223
4.65 0.0106803 0.122852 0.0065918 0.0125507
4.66 0.0166999 0.204141 -0.0190683 0.0253473
4.67 0.0229424 0.0263527 0.00589439 0.0236875
4.68 0.0112339 -0.024176 0.0443118 0.0457137
4.69 -0.000113646 -0.107075 -0.0136668 0.0136673
4.7 0.0102132 0.0877384 0.00607491 0.0118833
4.71 0.0404725 0.0963646 0.00504025 0.0407851
4.72 0.0137578 0.0810082 0.0126615 0.0186974
4.73 0.00304453 0.00741753 -0.0198256 0.020058
4.74 -0.000991671 0.0364329 -0.0193787 0.019404
4.75 0.00792295 -0.0316257 -0.0198773 0.0213981
4.76 0.00589492 0.0727551 -0.00714089 0.00925972
4.77 0.0221978 2.38002e-05 -0.0132882 0.0258712
4.78 0.0146968 0.049578 -0.0269192 0.0306698
4.79 0.0178546 0.0386769 -0.0395057 0.0433531
4.8 0.0162758 0.186839 -0.0068658 0.0176647
4.81 0.0103576 0.0567959 -0.0201503 0.0226564
4.82 0.00557245 0.113235 -0.025705 0.0263021
4.83 0.00569297 0.036898 -0.00686771 0.00892051
4.84 0.00513082 0.188657 -0.00585173 0.00778255
4.85 -0.00115399 0.0187292 -0.0254632 0.0254894
4.86 0.0253297 0.105437 0.0187607 0.0315208
4.87 -0.000862749 0.080436 0.0196557 0.0196746
4.88 0.0103789 0.0609967 -0.025922 0.0279226
4.89 0.018548 0.0294479 -0.0142202 0.0233718
4.9 0.00107944 0.0621675 -0.0519553 0.0519665
4.91 -0.00131989 0.125605 0.000499371 0.0014112
4.92 0.0100161 0.0565993 0.000165204 0.0100174
4.93 -0.00305815 0.162576 -0.0189018 0.0191476
4.94 0.00591213 0.0763222 -0.0386842 0.0391334
4.95 -0.0127529 0.0614315 0.00631232 0.0142296
4.96 0.0145147 0.0713511 -0.0252977 0.0291659
4.97 -0.00080106 0.0454371 0.00610696 0.00615928
4.98 0.0141782 0.0722517 -0.0328309 0.0357616
4.99 0.00816751 0.111385 0.0188562 0.0205491
5 0.0174162 0.0789212 -0.0323567 0.0367462
5.01 0.0104123 0.105222 -0.0126383 0.0163751
5.02 0.0288295 0.0852839 0.0118761 0.0311798
5.03 0.00930578 0.0881701 -0.0648174 0.065482
5.04 0.0188022 0.0376822 0.0256659 0.031816
5.05 -0.00505017 0.0120647 -0.0199201 0.0205502
5.06 0.00556272 0.126278 0.00657583 0.0086131
5.07 0.014506 0.0404128 -0.0261519 0.0299056
5.08 0.00948906 0.119181 -0.0128737 0.015993
5.09 -0.00323633 0.238695 0.0133825 0.0137683
5.1 0.0104464 0.114573 0.0191413 0.0218064
5.11 0.016284 0.191214 0.00602838 0.017364
5.12 0.000935489 0.13837 -0.0132686 0.0133016
5.13 0.0289585 0.0719732 -0.000788409 0.0289692
5.14 0.0211609 0.00950105 0.0118307 0.0242435
5.15 0.018395 0.0560348 -0.0260278 0.031872
5.16 0.00696659 0.0537317 0.0515516 0.0520202
5.17 -0.00126797 0.0810092 0.02557 0.0256015
5.18 0.0144055 0.0583957 -0.0258045 0.0295532
5.19 0.000761783 0.151468 -0.0195431 0.0195579
5.2 0.0145153 0.0138372 -0.000463307 0.0145227
5.21 0.00699597 0.0626495 -0.0189712 0.02022
5.22 0.00566714 0.157155 0.006927 0.00894985
5.23 0.016282 0.231291 0.0197256 0.0255774
5.24 -0.0100581 0.0910017 -0.0443856 0.0455109
5.25 0.000114129 0.290227 -0.0251651 0.0251654
5.26 0.00139082 0.12401 -0.00579232 0.00595696
5.27 0.0128062 0.229081 -0.0256865 0.0287018
5.28 0.0028028 0.0561809 -0.0255675 0.0257207
5.29 0.00879858 0.146784 -0.0197192 0.0215931
5.3 0.00922882 0.0927354 -0.038886 0.0399662
5.31 -0.00136608 0.0856585 -0.0512115 0.0512297
5.32 -0.00145418 0.0635319 -0.0257743 0.0258153
5.33 0.00334729 0.0290539 0.000105369 0.00334894
5.34 0.0256305 0.0739865 0.0124945 0.0285138
5.35 0.00588775 0.0949232 -0.00693651 0.0090984
5.36 0.025329 0.0697867 -0.0459687 0.0524851
5.37 -0.00922356 0.0951339 -0.00612943 0.0110745
5.38 0.0175185 0.123293 0.0188703 0.0257485
5.39 -0.00242796 0.148611 -0.0128432 0.0130707
5.4 0.0141356 0.0317817 -0.0140732 0.0199466
5.41 0.00835419 0.155606 0.00676711 0.0107511
5.42 0.0175325 0.181569 0.0323417 0.0367882
5.43 0.000821463 0.111267 -0.00671685 0.00676689
5.44 -0.00687319 0.14237 0.0387514 0.0393562
5.45 -0.00645738 0.164907 -0.0386156 0.0391518
5.46 0.00748495 0.0312387 0.00607117 0.00963761
5.47 0.00797818 0.151725 -0.0261248 0.0273159
5.48 0.00231603 0.0699733 -0.0192541 0.0193929
5.49 0.00352198 0.0424987 0.0194784 0.0197943
5.5 0.0102162 0.110055 -0.00632514 0.0120157
5.51 0.010702 0.0923589 -0.0320757 0.0338139
