0 -0.0054505 -0.0683661 -0.0248076 0.0253993
0.01 -0.0020222 -0.0432439 -0.024862 0.0249441
0.02 -0.00926771 -0.164118 -0.0384071 0.0395094
0.03 0.00922083 -0.0455884 -0.0313262 0.0326551
0.04 0.0197063 0.00602737 -0.0192028 0.0275152
0.05 0.00895188 -0.0230192 -0.0128348 0.0156483
0.06 0.00275554 -0.180269 -0.0318692 0.0319881
0.07 -0.0034432 -0.0288121 -0.0509946 0.0511107
0.08 0.000144233 0.0624024 -0.0377223 0.0377226
0.09 0.00265631 -0.112942 -0.0510148 0.0510839
0.1 0.0055125 -0.0163431 -0.0314145 0.0318944
0.11 0.00110049 -0.014029 -0.00612878 0.0062268
0.12 0.00131693 -0.0317761 -0.032188 0.0322149
0.13 -0.0153916 0.00947936 -0.03805 0.0410452
0.14 0.00657157 -0.124433 0.000347449 0.00658075
0.15 -0.00517738 -0.148631 -0.0256405 0.026158
0.16 0.00199768 -0.0810099 -0.0510972 0.0511363
0.17 -0.00772331 -0.0401317 -0.0444318 0.0450981
0.18 -0.00266362 -0.00774465 -0.0564878 0.0565505
0.19 0.000484155 -0.00936529 -0.0573449 0.057347
0.2 -0.00253486 -0.0249982 -0.0383097 0.0383935
0.21 0.00298778 -0.100025 0.0134565 0.0137842
0.22 0.00218302 -0.121984 -0.0318902 0.0319649
0.23 0.00481381 -0.0383952 -0.0384764 0.0387763
0.24 -0.00269283 -0.0165013 -0.0122186 0.0125118
0.25 0.00895026 0.00795128 -0.0507678 0.0515507
0.26 0.0162016 -0.0811308 -0.0451515 0.0479703
0.27 -0.00577731 -0.00998373 -0.0183881 0.0192744
0.28 -0.00333919 -0.0337658 -0.06398 0.0640671
0.29 -0.00702521 -0.0446427 -0.0253299 0.026286
0.3 0.0101997 -0.171249 -0.0126245 0.01623
0.31 0.00143092 -0.0273135 -0.0324012 0.0324328
0.32 0.0047291 -0.025014 -0.00576348 0.00745534
0.33 -0.00291642 -0.0338997 -0.0376508 0.0377636
0.34 -0.00214317 -0.0253773 -0.0506973 0.0507426
0.35 -0.0112746 0.0736201 -0.00446376 0.0121261
0.36 -0.00713164 0.0222129 -0.0379325 0.0385971
0.37 -0.0119158 0.114625 -0.0312638 0.0334576
0.38 -0.0035492 0.0512347 -0.0439209 0.044064
0.39 0.00871488 -0.0853418 -0.0583161 0.0589637
0.4 -0.0182553 0.0376613 -0.0435659 0.0472361
0.41 -0.0102629 -0.04755 -0.00525265 0.011529
0.42 -0.00280061 -0.0470358 -0.0316469 0.0317705
0.43 0.00876112 -0.0227555 -0.0129432 0.0156296
0.44 -0.000765575 -0.0708108 -0.0569605 0.0569656
0.45 0.00484363 0.0636672 -0.0439655 0.0442315
0.46 0.00753505 0.0536445 -0.0699847 0.0703891
0.47 -0.00523289 -0.152915 -0.0262711 0.0267872
0.48 -0.00594243 -0.130138 -0.00603829 0.00847192
0.49 0.00134079 -0.0184499 -0.0700356 0.0700484
0.5 0.00719812 -0.183153 -0.0513855 0.0518872
0.51 -0.00317978 0.0201115 -0.0636353 0.0637147
0.52 0.000197957 0.0937138 -0.0441846 0.0441851
0.53 0.00961886 -0.0372042 -0.031574 0.0330067
0.54 -0.00679605 0.00419782 -0.0443736 0.044891
0.55 0.0126467 -0.0520703 -0.0192192 0.0230069
0.56 -0.00354257 0.118307 0.00147064 0.0038357
0.57 0.00778694 0.0623433 -0.0251508 0.0263286
0.58 0.00125884 -0.0187638 -0.0116684 0.0117361
0.59 0.0159885 0.0843269 -0.0250652 0.0297303
0.6 0.00466422 0.0104887 -0.0375454 0.037834
0.61 0.00229287 -0.0503965 -0.0506377 0.0506896
0.62 -0.00159869 -0.065715 -0.0195616 0.0196268
0.63 0.00157474 -0.00108368 -0.00581628 0.00602568
0.64 0.000923249 -0.000748666 -0.00522738 0.00530829
0.65 0.00860333 -0.000886589 -0.0185679 0.0204642
0.66 -0.0121757 -0.00122326 -0.076619 0.0775804
0.67 0.00661034 -0.0617954 -0.0767734 0.0770574
0.68 -0.00199889 0.0234726 -0.00531171 0.00567537
0.69 -0.0102703 -0.0384119 -0.050977 0.0520013
0.7 -0.00997967 -0.0700108 -0.0446387 0.0457407
0.71 -0.0100707 -0.0786036 -0.0186028 0.0211538
0.72 0.00280969 -0.0328317 -0.0572816 0.0573505
0.73 0.00393949 0.0153684 -0.0444541 0.0446283
0.74 0.00168834 -0.0901074 0.00658202 0.00679511
0.75 0.000368013 -0.000333251 -0.00625583 0.00626665
0.76 0.000153177 -4.19817e-06 -0.025371 0.0253715
0.77 -0.00868492 0.0502981 -0.0704802 0.0710132
0.78 -0.013162 -0.152531 -0.0384481 0.0406386
0.79 0.0046756 -0.0335246 -0.0318927 0.0322336
0.8 0.00488046 -0.0206303 -0.0318888 0.0322601
0.81 -0.00280822 -0.0606985 -0.0447797 0.0448677
0.82 0.00553196 -0.0077545 -0.0379406 0.0383417
0.83 0.00393534 0.0692822 -0.0575254 0.0576599
0.84 -0.00156667 -0.0480135 -0.044515 0.0445426
0.85 -0.00620659 -0.00934516 -0.0314799 0.0320859
0.86 -0.00240294 0.0413214 -0.0116754 0.0119201
0.87 0.00181466 -0.0190376 -0.0117543 0.0118936
0.88 -0.0104662 0.0729575 -0.0364852 0.0379567
0.89 0.00129979 0.0168263 -0.0565578 0.0565727
0.9 0.00131634 -0.0451283 -0.0256108 0.0256446
0.91 0.000908268 -0.0855685 -0.0317973 0.0318102
0.92 -0.00969831 -0.0300964 0.000979059 0.00974761
0.93 0.000482401 -0.0399931 -0.0384897 0.0384927
0.94 0.00131295 -0.0674253 -0.0383493 0.0383718
0.95 -0.00262297 0.0463811 -0.0506226 0.0506905
0.96 -0.00838209 -0.200458 -0.0573125 0.0579222
0.97 -0.0106166 -0.0112578 -0.0316929 0.0334238
0.98 0.00155445 -0.0454836 -0.037766 0.037798
0.99 -0.0141917 0.0440882 -0.0177303 0.0227105
1 0.0136575 -0.0572554 -0.0378437 0.0402328
1.01 0.00230564 -0.0678859 -0.00674776 0.0071308
1.02 0.00162685 -0.0323078 -0.0124614 0.0125671
1.03 0.00759173 -0.0315129 -0.0384192 0.0391621
1.04 0.00795924 0.0800345 -0.00541769 0.00962813
1.05 -0.00430056 0.0696941 -0.044099 0.0443082
1.06 0.0093388 -0.0054765 -0.0253781 0.0270418
1.07 0.00395166 0.0780327 -0.0317371 0.0319821
1.08 0.00810634 0.00367015 -0.0764189 0.0768476
1.09 0.00459918 0.0552592 -0.0439501 0.0441901
1.1 -0.00475502 -0.0816607 -0.0512743 0.0514943
1.11 -0.00412888 0.0381825 -0.00598735 0.00727297
1.12 0.00543684 -0.0169808 -0.0376762 0.0380665
1.13 0.0159568 -0.000136722 -0.0257932 0.03033
1.14 0.00547528 -0.0387429 -0.0254168 0.0259998
1.15 -0.00149129 -0.0924746 -0.0769677 0.0769821
1.16 -0.0256155 -0.06912 -0.0312819 0.0404315
1.17 -0.0095241 -0.132436 -0.038343 0.0395081
1.18 -0.00174887 -0.0301834 -0.0120534 0.0121797
1.19 -0.0109228 0.0153331 -0.0181294 0.0211656
1.2 -0.00317299 -0.0155896 -0.00587091 0.00667349
1.21 -0.00432614 -0.175786 -0.025571 0.0259344
1.22 -0.00181994 -0.119429 -0.0381395 0.0381829
1.23 0.00710598 0.0314627 -0.0253457 0.026323
1.24 -0.0138794 -0.053854 -0.0382582 0.040698
1.25 -0.00584499 -0.0769319 -0.0317357 0.0322695
1.26 0.00192227 -0.0591887 -0.012306 0.0124553
1.27 -0.00772767 -0.00901881 -0.0249117 0.0260827
1.28 0.00245303 -0.0859407 -0.0444973 0.0445648
1.29 -0.00514223 -0.144302 -0.0774455 0.0776161
1.3 0.00464335 0.0194792 -0.0120979 0.0129584
1.31 0.0148106 -0.134436 -0.0445171 0.0469162
1.32 0.00607682 -0.114855 -0.0324863 0.0330497
1.33 0.0053601 0.0103852 -0.0443364 0.0446592
1.34 0.00518958 -0.0475443 -0.0515138 0.0517745
1.35 0.00263126 -0.0726775 -0.0323001 0.0324071
1.36 0.00109226 -0.120997 -0.0580423 0.0580526
1.37 0.0134024 -0.124282 -0.0322226 0.0348987
1.38 0.00455228 0.0911816 -0.0183493 0.0189056
1.39 0.00804769 -0.000451647 -0.044735 0.0454531
1.4 -0.00707078 0.0219272 -0.0437235 0.0442915
1.41 -0.00597191 -0.067848 -0.0445723 0.0449706
1.42 -0.0071669 -0.0270534 -0.0510949 0.0515951
1.43 0.00153996 0.00812059 -0.01198 0.0120785
1.44 0.0200752 -0.038448 -0.03234 0.0380643
1.45 0.00271044 -0.0684395 -0.0378013 0.0378984
1.46 0.00384185 0.0422961 -0.024791 0.0250869
1.47 -0.00107675 -0.142263 -0.0508556 0.050867
1.48 0.000499921 0.00867271 -0.0313179 0.0313219
1.49 -0.00615215 -0.0768843 -0.0312708 0.0318703
1.5 -0.00315571 0.0200462 -0.0446285 0.0447399
1.51 0.00638694 -0.102014 -0.0444755 0.0449317
1.52 -0.000457556 0.0225491 -0.0379557 0.0379585
1.53 -0.00371313 0.0377381 0.000631803 0.0037665
1.54 -0.00543082 -0.130483 -0.0261751 0.0267325
1.55 -0.00761605 0.02233 -0.0311034 0.0320223
1.56 -0.0180643 -0.0333076 -0.0382989 0.0423453
1.57 -0.00936199 -0.101341 -0.0891128 0.0896032
1.58 0.0085763 -0.000498154 -0.0315132 0.0326594
1.59 0.00922603 -0.0408901 -0.0123705 0.0154321
1.6 -0.00245214 -0.00773106 -0.0564496 0.0565029
1.61 0.0138785 -0.0260009 -0.0643188 0.0657991
1.62 0.00187571 -0.0191623 -0.0437982 0.0438384
1.63 0.00634779 -0.061697 -0.0311191 0.0317599
1.64 -0.00176886 -0.213046 -0.0460819 0.0461158
1.65 0.00466406 0.00654574 -0.00670535 0.00816794
1.66 -0.00546536 -0.00531334 -0.0250359 0.0256255
1.67 0.00977085 -0.0771237 -0.0383278 0.0395536
1.68 0.0145097 -0.0937173 -0.0128737 0.0193975
1.69 0.00423491 -0.0115125 -0.0442987 0.0445007
1.7 -0.00925616 -0.137446 -0.0127743 0.0157753
1.71 0.00123579 0.0172741 -0.0184523 0.0184937
1.72 0.00276193 -0.135656 -0.0315307 0.0316515
1.73 0.00162648 -0.0228592 -0.0384757 0.0385101
1.74 -2.3637e-06 0.0268861 -0.00597851 0.00597851
1.75 -0.00344592 0.0648363 -0.031291 0.0314802
1.76 -0.0039861 0.0382106 -0.0701461 0.0702593
1.77 -0.00915122 -0.0254581 -0.011763 0.0149035
1.78 0.00442891 0.0197886 -0.0060745 0.00751763
1.79 0.00893571 -0.0410376 -0.0640004 0.0646212
1.8 -0.00342828 0.0337098 -0.0957306 0.095792
1.81 -0.0167751 -0.0723461 -0.313513 0.313962
1.82 -0.0208696 0.030656 -0.615689 0.616042
1.83 0.0145646 -0.128571 -0.785793 0.785928
1.84 0.0539258 -0.078075 -0.748345 0.750285
1.85 0.100172 -0.108169 -0.505106 0.514943
1.86 0.127249 0.039022 -0.356295 0.378337
1.87 0.113142 -0.069237 -0.304919 0.325234
1.88 0.0908982 0.0477719 -0.265369 0.280506
1.89 0.0581865 -0.19335 -0.479161 0.482681
1.9 0.00811315 -0.0619404 -0.716546 0.716592
1.91 -0.0222183 -0.108143 -0.981273 0.981524
1.92 -0.0462281 -0.280011 -1.17397 1.17488
1.93 -0.0178287 -0.136394 -1.25141 1.25154
1.94 0.0202339 -0.137604 -1.30386 1.30402
1.95 0.0633166 -0.307004 -1.42236 1.42377
1.96 0.0946366 -0.0136846 -1.48717 1.49017
1.97 0.115474 -0.284615 -1.63758 1.64164
1.98 0.134561 -0.117789 -1.81195 1.81694
1.99 0.137728 -0.0847115 -1.96711 1.97193
2 0.194404 -0.0973196 -2.03308 2.04235
2.01 0.237913 -0.0661459 -2.17859 2.19154
2.02 0.300852 -0.314254 -2.30542 2.32497
2.03 0.366477 -0.30955 -2.52174 2.54823
2.04 0.368343 -0.360062 -2.64602 2.67153
2.05 0.410411 -0.265691 -2.80971 2.83953
2.06 0.463682 -0.463707 -3.08418 3.11884
2.07 0.510174 -0.509301 -3.418 3.45587
2.08 0.553134 -0.401595 -3.62553 3.66748
2.09 0.600583 -0.604804 -3.8286 3.87542
2.1 0.647515 -0.58804 -4.0249 4.07665
2.11 0.645508 -0.671585 -4.26454 4.31311
2.12 0.651787 -0.796053 -4.46592 4.51323
2.13 0.671901 -0.56723 -4.57585 4.62492
2.14 0.701936 -0.692261 -4.77161 4.82296
2.15 0.739064 -0.692147 -5.0118 5.066
2.16 0.777218 -0.817283 -5.34944 5.40561
2.17 0.837893 -0.960397 -5.6619 5.72357
2.18 0.843258 -0.816348 -5.8416 5.90215
2.19 0.838826 -0.742659 -6.02226 6.08039
2.2 0.841534 -0.775476 -6.14431 6.20167
2.21 0.860593 -0.66621 -6.46767 6.52467
2.22 0.887027 -0.720714 -6.71591 6.77424
2.23 0.932366 -0.908897 -6.97 7.03209
2.24 0.972726 -0.901829 -7.09481 7.16118
2.25 1.01179 -0.788552 -7.25038 7.32064
2.26 1.05882 -1.00501 -7.37584 7.45146
2.27 1.11792 -0.907482 -7.51905 7.6017
2.28 1.145 -0.955449 -7.66884 7.75384
2.29 1.1733 -0.941218 -7.87618 7.96309
2.3 1.17383 -0.999394 -7.9476 8.03382
2.31 1.18298 -0.928941 -8.06342 8.14974
2.32 1.17519 -0.88014 -8.13252 8.21699
2.33 1.17061 -0.867758 -8.23398 8.31677
2.34 1.1441 -0.882869 -8.40021 8.47776
2.35 1.16122 -0.84383 -8.51697 8.59577
2.36 1.14844 -0.742024 -8.68986 8.76542
2.37 1.15279 -0.927084 -8.8321 8.90702
2.38 1.11447 -0.640607 -8.89357 8.96313
2.39 1.10643 -0.698418 -8.94386 9.01203
2.4 1.09209 -0.77003 -9.10622 9.17147
2.41 1.11535 -0.877234 -9.41156 9.47742
2.42 1.14312 -0.894419 -9.56251 9.63059
2.43 1.19211 -0.889311 -9.59621 9.66998
2.44 1.23814 -0.90043 -9.57782 9.65751
2.45 1.25531 -0.85793 -9.65684 9.73808
2.46 1.28102 -0.918623 -9.78765 9.87113
2.47 1.31572 -1.00167 -10.1401 10.2251
2.48 1.3688 -1.18116 -10.4925 10.5814
2.49 1.40811 -1.15139 -10.6113 10.7043
2.5 1.41829 -0.957702 -10.6167 10.711
2.51 1.43528 -1.03577 -10.508 10.6056
2.52 1.44132 -1.1072 -10.4936 10.5921
2.53 1.40338 -1.14639 -10.6176 10.71
2.54 1.38244 -1.00421 -10.8177 10.9057
2.55 1.37008 -1.10845 -10.9539 11.0392
2.56 1.38756 -1.26189 -10.8785 10.9666
2.57 1.41415 -1.17088 -10.8082 10.9003
2.58 1.37954 -1.23499 -10.7628 10.8509
2.59 1.38084 -1.2764 -10.8939 10.981
2.6 1.40472 -1.22806 -11.1531 11.2413
2.61 1.42021 -1.39767 -11.3558 11.4442
2.62 1.42281 -1.37634 -11.4717 11.5596
2.63 1.36282 -1.48208 -11.4439 11.5248
2.64 1.28679 -1.29731 -11.4533 11.5254
2.65 1.28064 -1.22752 -11.5489 11.6197
2.66 1.30124 -1.28547 -11.6415 11.714
2.67 1.35784 -1.30869 -11.6173 11.6964
2.68 1.42791 -1.42819 -11.5751 11.6629
2.69 1.40471 -1.12387 -11.3787 11.465
2.7 1.3384 -1.41185 -11.4955 11.5732
2.71 1.26681 -1.28584 -11.7402 11.8083
2.72 1.2844 -1.42437 -12.0729 12.141
2.73 1.30749 -1.43412 -12.1865 12.2564
2.74 1.36986 -1.57605 -12.2022 12.2788
2.75 1.38599 -1.47955 -12.0722 12.1515
2.76 1.347 -1.37624 -11.888 11.9641
2.77 1.2937 -1.40192 -12.0745 12.1436
2.78 1.26566 -1.50986 -12.2877 12.3527
2.79 1.25663 -1.63871 -12.4225 12.4859
2.8 1.29161 -1.3441 -12.3117 12.3792
2.81 1.27838 -1.60856 -12.261 12.3275
2.82 1.24633 -1.31732 -12.2332 12.2966
2.83 1.20349 -1.42582 -12.2991 12.3578
2.84 1.22376 -1.53238 -12.4707 12.5306
2.85 1.28315 -1.55233 -12.5381 12.6036
2.86 1.35523 -1.54316 -12.3013 12.3757
2.87 1.36305 -1.53007 -12.0679 12.1446
2.88 1.33605 -1.45523 -12.047 12.1209
2.89 1.28973 -1.58583 -12.3854 12.4524
2.9 1.29258 -1.87687 -12.8896 12.9543
2.91 1.42519 -1.8411 -13.2914 13.3676
2.92 1.55147 -1.94989 -13.317 13.4071
2.93 1.62027 -2.0414 -13.1768 13.276
2.94 1.64267 -1.80253 -12.8103 12.9152
2.95 1.4922 -1.77395 -12.7767 12.8635
2.96 1.33654 -1.74159 -12.932 13.0009
2.97 1.21709 -1.78404 -13.3112 13.3668
2.98 1.21529 -1.78715 -13.3363 13.3916
2.99 1.30444 -1.74887 -13.105 13.1698
3 1.43705 -1.63059 -12.5968 12.6785
3.01 1.4775 -1.55005 -12.156 12.2455
3.02 1.46637 -1.49079 -12.0908 12.1794
3.03 1.42292 -1.55313 -12.4601 12.5411
3.04 1.44521 -1.56602 -12.8625 12.9434
3.05 1.48996 -1.69574 -12.9808 13.0661
3.06 1.50809 -1.78611 -12.9483 13.0358
3.07 1.43579 -1.74069 -13.0371 13.1159
3.08 1.35213 -1.77847 -13.2994 13.368
3.09 1.26453 -1.59091 -13.502 13.5611
3.1 0.926548 -0.881939 -9.17766 9.22431
3.11 0.980575 -0.661406 -6.93807 7.00702
3.12 0.722806 -0.760884 -8.38908 8.42016
3.13 0.550192 -2.3117 -20.1266 20.1341
3.14 1.40598 -1.50966 -15.519 15.5826
3.15 2.11552 -1.01139 -10.3389 10.5531
3.16 2.08883 -1.3291 -9.54033 9.76633
3.17 1.82198 -1.65082 -9.30539 9.48209
3.18 1.60677 -1.83858 -8.7469 8.89325
3.19 1.16613 -1.39798 -7.70723 7.79495
3.2 0.810818 -1.19219 -6.67852 6.72756
3.21 0.638904 -0.908262 -5.87536 5.91
3.22 0.555493 -0.753954 -5.14665 5.17654
3.23 0.561283 -0.766169 -4.48202 4.51703
3.24 0.558234 -0.853757 -3.79823 3.83903
3.25 0.511769 -0.762926 -3.37683 3.41539
3.26 0.424605 -0.629652 -2.9326 2.96318
3.27 0.316589 -0.522833 -2.54408 2.5637
3.28 0.229504 -0.299648 -1.95831 1.97171
3.29 0.177508 -0.163837 -1.27301 1.28532
3.3 0.0842226 -0.0434022 -0.690371 0.695489
3.31 0.0221586 0.101877 -0.283203 0.284069
3.32 -0.0327704 0.0149971 0.0231822 0.0401412
3.33 -0.0856515 0.00353318 0.0235687 0.0888351
3.34 -0.0191745 0.0345342 -0.0358368 0.0406441
3.35 -0.0112766 0.0205332 -0.0306609 0.0326688
3.36 0.00800311 -0.0713687 -0.0585135 0.0590582
3.37 0.00507023 -0.0474375 -0.044879 0.0451645
3.38 0.00296139 0.1542 -0.0183414 0.018579
3.39 0.0112685 0.0603063 -0.0386661 0.0402747
3.4 0.00551726 -0.0474756 -0.025796 0.0263794
3.41 0.000887197 -0.0537575 -0.0640805 0.0640866
3.42 -0.0118233 -0.0105074 -0.0321331 0.0342392
3.43 -0.0110755 0.0515099 -0.0570657 0.0581306
3.44 -0.00682983 -0.0535603 0.000311443 0.00683693
3.45 0.00385078 0.0601848 -0.044727 0.0448924
3.46 0.0162732 -0.0584868 -0.0710004 0.0728415
3.47 -0.002814 -0.0693202 -0.0580346 0.0581027
3.48 0.00630758 -0.106413 -0.0127213 0.0141992
3.49 0.00874299 -0.0139074 -0.0449487 0.0457912
3.5 -0.00646083 -0.0846638 -0.0445422 0.0450083
3.51 -0.00824702 0.0898657 -0.0311563 0.0322293
3.52 -0.00644453 -0.098553 -0.0124147 0.0139877
3.53 -0.010405 -0.114018 -0.0192819 0.0219101
3.54 0.00510428 -0.0475154 -0.0122237 0.0132466
3.55 0.00589123 -0.119321 -0.0127633 0.0140573
3.56 -0.00641407 -0.0540047 0.00693059 0.00944317
3.57 0.00371391 0.00219685 -0.0443876 0.0445427
3.58 -0.0116366 -0.0690602 -0.0318468 0.0339062
3.59 0.00286177 0.128041 -0.0248755 0.0250396
3.6 0.0122639 -0.0205918 -0.0322304 0.0344848
3.61 0.00269559 0.0389986 -0.0515736 0.051644
3.62 0.0119532 -0.0558714 -0.0904334 0.0912199
3.63 -0.000324049 -0.0126263 -0.0196226 0.0196253
3.64 0.015112 0.0716318 -0.0255242 0.0296624
3.65 0.00823051 -0.062585 -0.0578256 0.0584084
3.66 -0.00327966 -0.0646991 -0.0257765 0.0259843
3.67 0.0173729 -0.144519 -0.0261585 0.031402
3.68 -0.000170943 -0.05791 -0.0323166 0.0323171
3.69 0.00714455 0.000432922 -0.0384641 0.039122
3.7 0.00404473 0.0021035 -0.0509843 0.0511445
3.71 0.00078023 -0.000596043 0.00753921 0.00757947
3.72 -0.00249173 -0.0164554 -0.0509676 0.0510285
3.73 0.00761569 0.0135401 -0.00583652 0.00959498
3.74 0.0037084 0.0160341 -0.0125888 0.0131237
3.75 -0.0125021 0.0703502 -0.0505238 0.0520476
3.76 0.00409842 0.0107752 -0.051108 0.0512721
3.77 -0.0122405 0.0433665 -0.0316322 0.0339179
3.78 -0.0123716 0.00342919 -0.0189143 0.022601
3.79 0.00041717 -0.0180235 -0.0123023 0.0123093
3.8 -0.00204264 -0.0210622 0.0202619 0.0203646
3.81 0.00802333 0.0886739 0.0332463 0.0342007
3.82 0.00452974 -0.0649565 -0.0321033 0.0324213
3.83 -0.000610095 0.0811849 -0.0318396 0.0318454
3.84 0.00321132 -0.16258 -0.00646921 0.00722242
3.85 0.00416433 0.0244557 -0.0125661 0.0132381
3.86 0.00414085 0.0378733 -0.03815 0.0383741
3.87 0.011695 -0.00693261 -0.0189413 0.0222609
3.88 -0.00468228 0.150356 -0.0503501 0.0505674
3.89 0.00183651 -0.188155 -0.0262475 0.0263117
3.9 0.00357771 0.0695832 -0.0124825 0.0129851
3.91 -0.00643697 -0.0272348 -0.0252306 0.0260388
3.92 0.00510413 -0.0382476 0.0131536 0.0141092
3.93 -0.00242846 -0.114494 -0.0193685 0.0195201
3.94 -0.00681333 -0.0314379 -0.00561598 0.00882953
3.95 0.00749606 -0.0220228 -0.0387926 0.0395102
3.96 -0.00746022 0.0405384 -0.0117815 0.0139448
3.97 0.00121826 -0.0408208 -0.0247478 0.0247777
3.98 -0.00793789 -0.0173437 -0.018494 0.0201255
3.99 0.00599395 0.0414591 -0.0511888 0.0515386
4 0.000264028 0.00462043 0.00673022 0.0067354
4.01 -0.00266476 -0.0250203 -0.0442091 0.0442893
4.02 -0.0123022 0.00749918 0.0133306 0.0181397
4.03 -0.00331626 -0.0378959 -0.0381573 0.0383012
4.04 0.00850725 -0.0272275 -0.0322779 0.0333801
4.05 0.00421482 -0.0693039 -0.019394 0.0198467
4.06 -0.00306443 -0.109151 -0.0386819 0.0388031
4.07 0.00511244 -0.0431402 0.000670492 0.00515622
4.08 -0.00376525 -0.0109913 -0.0380803 0.038266
4.09 -0.000369795 -0.016742 -0.0579963 0.0579974
4.1 0.00599806 -0.0926905 -0.0127721 0.0141104
4.11 -0.00412452 0.00706947 -0.0255075 0.0258388
4.12 -0.00321479 -0.00669565 -0.0317446 0.031907
4.13 -0.0106623 -0.10888 -0.032317 0.0340305
4.14 0.00232913 -0.0680927 0.0133734 0.0135747
4.15 0.0075287 0.0316706 -0.0766617 0.0770305
4.16 0.00380444 -0.0507892 -0.0387739 0.0389601
4.17 -0.0138505 -0.0718412 -0.0190957 0.0235899
4.18 -0.00867155 0.0725826 -0.0440931 0.0449377
4.19 0.00394392 0.00655347 0.0073318 0.00832525
4.2 0.00508178 -0.0207652 -0.0192463 0.0199059
4.21 0.0102268 -0.139569 -0.00689344 0.0123332
4.22 -0.00702264 -0.0355172 -0.0574063 0.0578343
4.23 0.0163095 -0.076183 -0.00698871 0.0177438
4.24 0.0162456 -0.0141369 -0.0256721 0.0303805
4.25 -0.00495323 -0.197834 -0.0521427 0.0523774
4.26 -0.00482815 0.0254178 -0.0128112 0.0136908
4.27 0.0156543 -0.0313828 0.0065431 0.0169667
4.28 0.00808934 -7.77068e-05 0.00651602 0.0103873
4.29 -0.0126564 0.0436498 -0.0119984 0.0174398
4.3 0.0042829 0.0108354 0.0136293 0.0142864
4.31 0.00728024 0.00907648 -0.0193099 0.0206367
4.32 0.00899864 -0.036463 -0.0185212 0.0205915
4.33 -0.00160943 -0.066005 -0.00584278 0.0060604
4.34 -0.00278371 -0.024933 -0.0124357 0.0127434
4.35 0.00777639 -0.0312916 6.52061e-05 0.00777667
4.36 0.013628 -0.0658313 -0.0449662 0.0469859
4.37 0.00365807 0.00701979 0.00661201 0.00755646
4.38 7.6808e-05 0.0179134 -0.0060169 0.00601739
4.39 -0.00684158 -0.0133093 -0.0258928 0.0267814
4.4 0.019539 -0.00712654 0.00627281 0.0205213
4.41 0.00630879 -0.0570692 -0.0322142 0.0328262
4.42 0.00628229 -0.168903 -0.00677233 0.00923751
4.43 -0.00612921 -0.0810145 -0.00544819 0.00820061
4.44 -0.00584672 -0.10756 -0.0128798 0.0141447
4.45 -0.00795014 0.134788 -0.00544087 0.00963368
4.46 0.00372132 0.00248769 0.000461013 0.00374977
4.47 0.000612549 -0.0269411 0.013339 0.0133531
4.48 -0.00686789 -0.111771 -0.0321667 0.0328917
4.49 -0.0143632 -0.0403847 -0.0380063 0.0406298
4.5 0.00207285 -0.0909581 0.000737936 0.00220028
4.51 -0.00953126 -0.110268 -0.0381386 0.0393115
4.52 -0.00385012 0.0116577 0.0200099 0.0203769
4.53 -0.00292698 -0.0472393 -0.0447221 0.0448178
4.54 0.00133166 -0.0629212 -0.012921 0.0129894
4.55 -0.0102197 -0.109873 0.013501 0.0169328
4.56 -0.00444281 0.00306485 -0.0318759 0.032184
4.57 0.000134307 0.00475955 -0.0254221 0.0254225
4.58 0.0116312 0.00688698 -0.0125517 0.0171123
4.59 0.000949757 0.0175793 0.00708084 0.00714426
4.6 -0.0108287 -0.0246237 -0.0251538 0.0273856
4.61 -0.00621581 -0.0855434 -0.0447956 0.0452248
4.62 -0.000258507 0.174533 0.00138847 0.00141233
4.63 0.00571775 -0.070211 -0.0570921 0.0573777
4.64 0.0130961 -0.0431442 -0.00595903 0.0143881
4.65 0.0201452 -0.0210258 -0.00667539 0.0212224
4.66 0.000159408 0.0538773 0.000344709 0.000379783
4.67 -0.00172357 -0.0611997 0.0197477 0.0198228
4.68 -0.00838665 0.112315 -0.00565121 0.010113
4.69 0.00559895 -0.0926024 -0.0452331 0.0455783
4.7 -0.00559367 -0.0589456 0.0133362 0.0144618
4.71 -0.0180697 -0.0513778 -0.0255388 0.0312849
4.72 -0.00710114 0.00910575 0.00736149 0.0102283
4.73 0.000448652 0.075708 0.013803 0.0138103
4.74 -0.00273321 -0.118693 -0.0192636 0.0194566
4.75 0.0170416 -0.0322037 -0.057949 0.0604028
4.76 0.00357192 0.0515325 -0.024861 0.0251163
4.77 0.00194842 0.0391122 0.0202215 0.0203151
4.78 -0.0173578 -0.145485 -0.0193072 0.0259626
4.79 -0.00215211 -0.0564766 -0.0252985 0.0253899
4.8 0.000335193 -0.0179955 -0.0315796 0.0315814
4.81 0.00099367 -0.0406597 -0.00611993 0.00620007
4.82 -0.0159452 0.085641 -0.0443585 0.0471373
4.83 0.00152921 -0.00538006 0.00720167 0.00736223
4.84 0.00416969 0.0198861 -0.0189876 0.01944
4.85 0.00669612 -0.119841 0.0126684 0.0143292
4.86 -0.0142981 -0.0625156 -0.0379401 0.0405449
4.87 -0.00264128 -0.0384378 -0.0186251 0.0188114
4.88 0.00816544 -0.0404542 -0.0578918 0.0584648
4.89 0.00830577 -0.0178248 -0.0195432 0.0212349
4.9 0.0123083 -0.043 -0.0320939 0.0343731
4.91 -0.0119922 0.029949 -0.050929 0.0523218
4.92 0.00899147 -0.0275056 -0.012854 0.0156867
4.93 0.00122322 -0.0585815 -0.0508451 0.0508598
4.94 -0.00248268 -0.0339244 0.0263511 0.0264678
4.95 -0.00595481 -0.125879 -0.0193268 0.0202234
4.96 -0.00732599 -0.0131923 -0.0190637 0.0204229
4.97 0.00549578 -0.0612663 0.00710446 0.00898203
4.98 -0.00366302 -0.0465728 -0.0322111 0.0324187
4.99 0.00278102 -0.211125 -0.026321 0.0264675
5 0.00824155 0.0533282 0.0134036 0.0157347
5.01 0.0133827 -0.0527368 -0.0317309 0.0344376
5.02 0.00366641 0.024767 -0.0122096 0.0127482
5.03 -0.00642487 -0.16067 -0.0137828 0.0152067
5.04 -0.00169203 -0.11518 -0.00674156 0.00695066
5.05 0.00832106 -0.0582573 -0.000514835 0.00833698
5.06 0.00015798 0.00471376 -0.0315539 0.0315543
5.07 0.0120205 -0.00245632 -0.0191164 0.0225816
5.08 0.0115321 0.0196669 -0.0443974 0.0458707
5.09 -0.00594082 -0.0676029 -0.00585546 0.00834145
5.1 -0.011676 0.0832987 -0.00548603 0.0129006
5.11 0.00548182 -0.0969031 -0.0127054 0.0138375
5.12 -0.00525574 -0.0902942 -0.0702336 0.07043
5.13 0.00577212 -0.0258892 0.00751358 0.00947477
5.14 0.000631049 -0.0222563 -0.0126242 0.0126399
5.15 -0.00117656 -0.0882882 -0.063424 0.0634349
5.16 -0.00373044 0.00244412 -0.0382551 0.0384366
5.17 -0.000228371 0.000523287 -0.0255885 0.0255895
5.18 -0.00426556 0.00299533 -0.0382401 0.0384773
5.19 -0.00247753 0.0190005 0.0202344 0.0203855
5.2 -0.00892321 0.0504923 -0.032072 0.0332902
5.21 -0.00348461 -0.0293667 -0.0508534 0.0509726
5.22 -0.00822557 0.0942274 -0.0631811 0.0637143
5.23 0.00504641 -0.0249132 -0.0188328 0.0194972
5.24 0.000158567 0.0180661 -0.0381311 0.0381314
5.25 -0.0071199 -0.0312489 -0.00626548 0.00948415
5.26 0.00595847 -0.0882042 -0.0127529 0.0140762
5.27 0.000226406 -0.0177597 -0.0124107 0.0124127
