0 0.00202916 0.0438962 -0.0330731 0.0331353
0.01 0.0165902 -0.107769 -0.014299 0.0219019
0.02 0.00918644 -0.0628252 -0.00142564 0.0092964
0.03 -0.00408809 0.0698295 -0.0200366 0.0204494
0.04 0.00818261 -0.00910322 0.0118359 0.014389
0.05 -0.0081334 0.0140139 0.0260564 0.0272963
0.06 -0.000768054 0.0764711 -0.000285051 0.000819244
0.07 0.000411558 -0.0491237 -0.0454709 0.0454728
0.08 0.00812048 -0.0672488 -0.039649 0.040472
0.09 -0.00320128 -0.0201007 -0.0198092 0.0200662
0.1 0.0082938 -0.000374586 -0.0131559 0.015552
0.11 -0.0112699 -0.0197457 -0.0263955 0.0287007
0.12 0.000479672 0.0404444 -0.0133233 0.0133319
0.13 -0.000828908 0.0899676 4.30891e-05 0.000830027
0.14 -0.000164104 0.00932386 -0.0131774 0.0131784
0.15 0.0109263 0.0203358 -0.000847811 0.0109592
0.16 0.000828339 -0.0135958 -0.0266289 0.0266418
0.17 -0.0182708 -0.0419947 0.0123345 0.0220445
0.18 0.0119033 0.0603275 -0.0134132 0.0179333
0.19 0.00455243 -0.0248031 -0.00051361 0.00458131
0.2 0.00436998 -0.0294319 -0.0131051 0.0138145
0.21 0.0151796 0.022776 -0.0457325 0.0481859
0.22 0.016224 -0.0315287 -0.0395761 0.0427725
0.23 0.00763455 -0.00443441 -0.000322602 0.00764136
0.24 0.00575099 -0.0525684 -0.00662907 0.00877601
0.25 0.00475852 -0.0428597 0.0122846 0.013174
0.26 0.00889473 -0.112478 -0.00730969 0.0115129
0.27 0.0155633 0.017841 -0.0196227 0.0250453
0.28 0.0114434 0.0962101 0.0257599 0.0281873
0.29 0.0111063 0.0069131 -0.0592023 0.060235
0.3 0.00581012 0.0638382 -0.0457346 0.0461022
0.31 -0.0106963 -0.00620849 -0.025953 0.0280708
0.32 0.0125775 0.0239742 -0.0323567 0.0347153
0.33 -0.0163676 0.0280998 -0.0196003 0.0255357
0.34 0.00303197 0.0115154 -0.00686112 0.00750119
0.35 0.00961251 -0.072389 -0.0327882 0.0341682
0.36 -0.00162906 -0.101176 0.0378626 0.0378976
0.37 0.00733038 -0.00849183 -0.00133213 0.00745044
0.38 0.0320809 -0.0365226 0.0178467 0.0367109
0.39 0.0180763 0.118792 -0.00671419 0.019283
0.4 0.012245 -0.0516787 -0.0204801 0.0238616
0.41 0.0145559 0.116189 -0.0196712 0.024471
0.42 -0.00219173 -0.0878408 -0.013478 0.013655
0.43 0.00247354 0.0256453 -0.0586831 0.0587352
0.44 0.00882496 -0.0271461 -0.0202086 0.0220515
0.45 0.0198348 -0.056325 -0.0397392 0.0444142
0.46 -9.17176e-05 -0.0574538 -0.0332301 0.0332302
0.47 0.0106667 0.0298818 -0.0397758 0.0411813
0.48 -0.000100257 0.018144 -0.0259056 0.0259058
0.49 0.0161211 -0.0225102 -0.0334059 0.0370924
0.5 0.00306919 0.0339151 -0.0128588 0.01322
0.51 0.0110988 0.0513988 -0.0128305 0.0169648
0.52 -0.00388539 0.0294759 -0.019977 0.0203513
0.53 0.0123915 0.00631623 -0.0323095 0.0346042
0.54 0.00484941 -0.104952 -0.0337312 0.0340781
0.55 0.0146773 0.111856 -0.0518046 0.0538437
0.56 0.00305069 0.0160195 0.0185672 0.0188162
0.57 0.00861588 -0.0181954 -0.0260696 0.0274564
0.58 0.00823491 -0.0269554 -0.026525 0.0277739
0.59 0.00834635 0.00423226 -0.00646381 0.0105566
0.6 0.00532748 -0.0433082 -0.00646664 0.00837851
0.61 0.00152939 -0.0184298 -0.0135885 0.0136743
0.62 -0.00360692 -0.0421476 -0.0326942 0.0328926
0.63 0.0121709 0.0553374 -0.0129832 0.0177959
0.64 0.00402822 -0.0332296 -0.039594 0.0397984
0.65 0.00765065 0.00449682 -0.0259258 0.0270311
0.66 0.0164726 -0.0317551 -0.0391971 0.0425178
0.67 0.00847837 -0.0450909 -0.0396389 0.0405355
0.68 0.0119264 0.00164993 -0.000290726 0.0119299
0.69 -0.0106651 -0.0378709 -0.00627487 0.0123741
0.7 -0.00317634 0.028856 0.0322112 0.0323675
0.71 0.0123702 -0.0205241 -0.0201992 0.023686
0.72 0.000607273 -0.0671481 -0.0714598 0.0714624
0.73 0.000961477 0.0217729 0.0127998 0.0128358
0.74 0.00306497 -0.0147642 -0.0649495 0.0650218
0.75 -0.00215897 -0.172772 -0.0271729 0.0272585
0.76 0.00243261 0.0835613 -0.0515432 0.0516005
0.77 0.0237934 -0.0138323 -0.0399649 0.0465115
0.78 0.0158567 -0.0271111 -0.0652747 0.0671731
0.79 0.00873184 -0.0405993 -0.0454429 0.0462742
0.8 0.0173983 -0.049961 -0.0393217 0.0429988
0.81 0.00174326 -0.0320915 -0.013034 0.0131501
0.82 0.0110353 0.0108322 -0.045394 0.0467161
0.83 0.00797886 -0.0273616 0.0058919 0.0099185
0.84 0.00428564 -0.0157285 -0.0328981 0.0331761
0.85 0.0154212 -0.000400575 -0.058725 0.0607161
0.86 0.00843106 -0.00914883 -0.0391767 0.0400736
0.87 0.0111727 0.00187717 -0.0200233 0.0229295
0.88 0.000176658 -0.0266326 0.00567579 0.00567854
0.89 0.0165395 -0.0138291 -0.0588626 0.0611421
0.9 0.0051659 -0.0474986 -0.045382 0.0456751
0.91 0.00694129 0.0142234 -0.0264831 0.0273777
0.92 -0.0109822 -0.0510216 -0.0139957 0.0177901
0.93 -0.00341955 -0.0779191 -0.0398615 0.0400079
0.94 0.0125526 -0.00268451 -0.0130706 0.018122
0.95 -0.00139666 0.130331 0.000177735 0.00140793
0.96 -0.000582261 0.0140146 -0.0194365 0.0194453
0.97 -0.000575914 0.0359886 -0.0127595 0.0127725
0.98 0.00867773 -0.00514847 -0.0132991 0.0158799
0.99 -0.000153544 0.00945265 -0.000643272 0.000661343
1 -0.000721736 0.0271965 -0.0193087 0.0193222
1.01 -0.00464789 0.0344541 -0.0261121 0.0265225
1.02 0.00807574 0.0351323 -0.0195668 0.0211679
1.03 0.0114859 -0.0244034 -0.0138766 0.0180135
1.04 0.00744795 0.0448506 -0.0259854 0.0270318
1.05 0.0118617 -0.0335525 -0.0269141 0.029412
1.06 0.0013799 -0.188124 -0.0338405 0.0338686
1.07 0.014517 0.0763725 -0.000280478 0.0145197
1.08 -0.00256669 -0.0293277 -0.0450721 0.0451451
1.09 0.0098855 0.181176 -0.057393 0.0582381
1.1 0.00744294 -0.0531927 -0.033444 0.0342622
1.11 -0.00931527 -0.177057 -0.0720722 0.0726717
1.12 0.00786989 -0.00430543 -0.0326692 0.0336038
1.13 -0.00124715 -0.0211455 -0.0397725 0.0397921
1.14 0.00746244 -0.0219644 -0.0463086 0.046906
1.15 0.00439944 -0.011427 -0.00685837 0.00814815
1.16 0.00694024 -0.0349597 -0.0332438 0.0339605
1.17 0.010766 0.158654 -0.0193611 0.0221531
1.18 0.00889874 -0.0541892 -0.00748689 0.0116293
1.19 -0.00715986 -0.0305248 -0.0267977 0.0277378
1.2 -0.000543553 -0.0621336 -0.0461302 0.0461334
1.21 0.0139448 0.0320453 -0.0141816 0.019889
1.22 0.00093714 -0.0941267 -0.0135105 0.013543
1.23 0.014503 0.0407358 -0.0200903 0.0247782
1.24 0.000400302 0.0266163 0.0193072 0.0193114
1.25 0.00145128 0.106751 -0.0266726 0.026712
1.26 0.0217148 0.152239 -0.0131863 0.025405
1.27 0.00214406 -0.188222 -0.00157381 0.00265968
1.28 0.0151716 -0.00441971 -0.000896558 0.0151981
1.29 -0.00300689 -0.0555618 -0.00726644 0.00786401
1.3 0.0032898 -0.0283167 -0.0267223 0.0269241
1.31 0.0197889 0.00614081 -0.0010398 0.0198162
1.32 0.0167348 -0.0453865 -0.0268827 0.031666
1.33 0.0113134 0.0380396 -0.0396441 0.0412267
1.34 0.01127 -0.0732574 -0.0397525 0.0413192
1.35 0.0150346 0.0271554 -0.00746725 0.0167868
1.36 -0.00134504 -0.0166769 -0.0651625 0.0651763
1.37 0.00936802 -0.103437 -0.0264343 0.0280452
1.38 0.0154583 0.031267 -0.0393455 0.0422732
1.39 0.00789396 -0.00437086 -0.0136625 0.015779
1.4 0.00391267 0.00236539 -0.000544953 0.00395044
1.41 -0.00755775 0.0091369 -0.000231467 0.00756129
1.42 -0.000272927 -0.0130801 0.01233 0.0123331
1.43 0.00790648 -0.0311084 -0.0202884 0.0217745
1.44 0.00884623 -0.0229455 -0.0259804 0.0274451
1.45 0.0179987 0.0650676 -0.0391731 0.0431101
1.46 0.0234895 0.00835117 -0.000508505 0.023495
1.47 0.0110664 0.033717 -0.0130157 0.0170843
1.48 0.000269532 -0.0224277 -0.0196058 0.0196076
1.49 -0.00130339 0.077203 -0.0516616 0.051678
1.5 0.000769298 -0.0176979 -0.0200836 0.0200983
1.51 0.009697 -0.108571 -0.0329096 0.0343085
1.52 0.00299061 0.0562402 -0.0193976 0.0196268
1.53 0.0113712 0.0379158 -0.0131205 0.0173624
1.54 0.000456348 -0.0489118 -0.0265344 0.0265383
1.55 0.00369603 0.0202932 -0.0258773 0.0261399
1.56 0.00863774 -0.0138532 -0.0329557 0.0340689
1.57 0.000790165 -0.0266885 -0.0455311 0.045538
1.58 0.00344378 -0.0151493 -0.00727901 0.00805255
1.59 0.00819138 0.0218352 0.0126907 0.0151047
1.6 0.0119699 -0.0471405 -0.0395058 0.0412794
1.61 0.00488616 -0.141023 -0.0467276 0.0469824
1.62 0.0228624 0.00894301 -0.0334187 0.0404908
1.63 -0.00603603 0.102399 -0.0387222 0.0391899
1.64 -0.00851521 -0.0305573 -0.0128749 0.0154361
1.65 0.0130022 -0.0388767 -0.0133863 0.0186614
1.66 0.00233036 0.0256369 -0.0196629 0.0198005
1.67 0.0187885 0.0248462 -0.0267355 0.0326771
1.68 0.0160332 -0.0539047 -0.033346 0.0370002
1.69 0.00341254 0.00708417 -0.0260814 0.0263037
1.7 -0.000185812 -0.0174969 -0.0262057 0.0262064
1.71 0.0104476 0.154488 0.000524091 0.0104607
1.72 -0.000461542 -0.0395219 -0.0331914 0.0331946
1.73 0.0193713 -0.0557695 -0.059234 0.062321
1.74 0.0100025 -0.0460821 0.0253765 0.0272766
1.75 0.00388222 -0.0421829 -0.0198902 0.0202655
1.76 0.00675447 0.0407075 -0.0195545 0.0206882
1.77 0.0236084 -0.0143758 -0.0259433 0.0350773
1.78 0.00429576 -0.0382198 -0.039164 0.0393989
1.79 0.00468685 -0.0651619 -0.0395116 0.0397886
1.8 0.0112152 0.051615 -0.0134038 0.0174769
1.81 0.000105244 -0.0132649 -0.00653022 0.00653107
1.82 0.00527971 -0.0431971 -0.0193423 0.0200499
1.83 -0.00365689 -0.131135 -0.0337127 0.0339104
1.84 0.0115967 0.0510875 -0.013187 0.0175608
1.85 0.0151046 -0.0353758 -0.0271599 0.0310774
1.86 0.00547625 -0.0480499 -0.000516185 0.00550053
1.87 0.0217826 0.0232493 -0.0273609 0.0349729
1.88 0.00055364 0.0267733 -0.0323174 0.0323221
1.89 0.0027463 0.0253536 -0.0392967 0.0393925
1.9 -0.000758922 0.0274364 -0.0196495 0.0196642
1.91 0.00246496 -0.0819277 0.0126132 0.0128518
1.92 0.000784403 -0.0582917 0.0251977 0.0252099
1.93 0.00425997 0.00175481 -0.00673051 0.00796537
1.94 -5.30996e-05 0.00468053 -0.00645344 0.00645366
1.95 0.0157079 0.0349443 -0.0195294 0.0250626
1.96 0.0114358 -0.0200459 -0.0263916 0.0287627
1.97 0.0035393 0.00726817 0.0121324 0.0126381
1.98 0.00298978 0.0298578 -0.0587498 0.0588258
1.99 0.00826094 -0.0538872 -0.0266783 0.027928
2 0.00426319 -0.0466337 -0.0139719 0.0146079
2.01 0.00108417 -0.0359903 -0.0264543 0.0264765
2.02 0.00883708 -0.0538642 -0.0519731 0.052719
2.03 0.00178877 0.186941 0.00666007 0.0068961
2.04 -0.00884229 0.0589366 -0.0455028 0.046354
2.05 0.0113631 0.011062 -0.0459291 0.0473139
2.06 0.0151509 0.0179427 -0.00716481 0.0167596
2.07 0.00268187 0.00318114 -0.0199913 0.0201704
2.08 0.00352734 0.0379292 0.0130569 0.0135249
2.09 -0.00233603 -0.15933 -0.0525244 0.0525763
2.1 0.0159273 -0.0539921 -0.0202385 0.0257542
2.11 0.00924449 -0.0720557 -0.0265323 0.0280967
2.12 0.0113735 0.0110297 -0.00714204 0.01343
2.13 0.00362441 0.100584 -0.0386548 0.0388244
2.14 0.0268652 0.00622679 -0.000916459 0.0268808
2.15 -0.000587141 -0.0932964 -0.052273 0.0522763
2.16 0.0143435 0.0187661 -0.00139633 0.0144113
2.17 -0.000315478 0.0852353 -0.0193394 0.0193419
2.18 -0.00641299 -0.165744 -0.0334411 0.0340505
2.19 -0.00161564 -0.133097 -0.026095 0.026145
2.2 -0.00378416 -0.0420781 -0.02633 0.0266005
2.21 0.00752218 0.0536384 7.34662e-05 0.00752253
2.22 8.79541e-05 0.0313945 -5.9941e-05 0.000106437
2.23 -0.00337613 -0.0242775 -0.013805 0.0142118
2.24 0.016406 -0.04952 -0.0457847 0.0486353
2.25 -0.00508814 0.0790864 -0.019718 0.0203639
2.26 0.0106692 0.141439 -0.0065794 0.0125348
2.27 0.0124382 -0.0429781 -0.0261945 0.0289976
2.28 -0.00360857 -0.127323 -0.0265385 0.0267827
2.29 0.00498566 -0.0697457 -0.0266177 0.0270806
2.3 0.00809802 -0.0046481 -0.058473 0.0590311
2.31 0.0153842 0.0128695 -0.0131371 0.0202301
2.32 0.0146347 0.0137302 -0.00709809 0.0162652
2.33 0.00514788 -0.00692366 -0.00695725 0.00865471
2.34 0.00836408 -0.017807 0.00586597 0.010216
2.35 0.0157795 -0.0359177 -0.0076276 0.0175264
2.36 0.0073097 0.0270814 -0.0130632 0.0149693
2.37 0.0229486 -0.022359 -0.00740855 0.0241148
2.38 -0.00313085 -0.046801 -0.0261646 0.0263512
2.39 0.0180081 0.038492 -0.0134846 0.0224972
2.4 -0.000454756 0.018283 -0.0131772 0.013185
2.41 0.018506 0.0381807 -0.013841 0.0231094
2.42 0.0114969 0.105062 -0.0257554 0.0282049
2.43 0.019323 0.0109427 -0.0201739 0.027935
2.44 0.00154778 0.0757587 -0.0395198 0.0395501
2.45 0.0113678 0.0156189 -0.0258591 0.0282474
2.46 0.00579118 0.0233226 -0.0331086 0.0336113
2.47 0.00130661 -0.0320857 0.00667005 0.00679683
2.48 0.0118277 -0.11377 -0.0272821 0.0297356
2.49 0.00743341 -0.00413839 -0.0392181 0.0399164
2.5 0.0152915 0.00882568 -0.0141085 0.0208058
2.51 0.010686 0.060949 -0.0263869 0.0284686
2.52 -0.00173529 0.0460765 -0.026339 0.0263961
2.53 -0.00560748 -0.117061 -0.026388 0.0269773
2.54 -0.00155712 -0.0070612 -0.142607 0.142616
2.55 -0.0121582 -0.00291616 -0.421073 0.421249
2.56 -0.0395024 -0.0880354 -0.776678 0.777682
2.57 -0.0185569 -0.0820799 -1.01789 1.01806
2.58 0.000208855 -0.160636 -1.06019 1.06019
2.59 0.071218 -0.132984 -1.10284 1.10514
2.6 0.121837 -0.13724 -1.12415 1.13073
2.61 0.133687 -0.242403 -1.24166 1.24884
2.62 0.121343 -0.181102 -1.39679 1.40205
2.63 0.126874 -0.179257 -1.71968 1.72436
2.64 0.116229 -0.229891 -2.00465 2.00802
2.65 0.100738 -0.416238 -2.25078 2.25304
2.66 0.151629 -0.24154 -2.31097 2.31594
2.67 0.215975 -0.353056 -2.66202 2.67077
2.68 0.238758 -0.307874 -2.88788 2.89773
2.69 0.295775 -0.355775 -3.06514 3.07938
2.7 0.340128 -0.383623 -3.58481 3.60091
2.71 0.367461 -0.304752 -3.77074 3.78861
2.72 0.380973 -0.290735 -3.97844 3.99664
2.73 0.410486 -0.362179 -4.08406 4.10464
2.74 0.446154 -0.406367 -4.25382 4.27715
2.75 0.489977 -0.463769 -4.57875 4.60489
2.76 0.530118 -0.513959 -4.90292 4.93149
2.77 0.568739 -0.487811 -5.14433 5.17567
2.78 0.615972 -0.57863 -5.37864 5.4138
2.79 0.651244 -0.511011 -5.57392 5.61184
2.8 0.71056 -0.658021 -5.81513 5.85838
2.81 0.729667 -0.549047 -6.07422 6.11789
2.82 0.76625 -0.58873 -6.33951 6.38565
2.83 0.795904 -0.606696 -6.5273 6.57565
2.84 0.795941 -0.548334 -6.75377 6.80051
2.85 0.799473 -0.586094 -6.92798 6.97396
2.86 0.802245 -0.606047 -7.04444 7.08998
2.87 0.827754 -0.550801 -7.15435 7.20207
2.88 0.85209 -0.628348 -7.29034 7.33997
2.89 0.868878 -0.620477 -7.40742 7.45821
2.9 0.908993 -0.58804 -7.58143 7.63573
2.91 0.931627 -0.73653 -7.7251 7.78108
2.92 0.980301 -0.507932 -7.87365 7.93445
2.93 1.01215 -0.67466 -8.04969 8.11307
2.94 1.03541 -0.599705 -8.19972 8.26483
2.95 1.02589 -0.597843 -8.34765 8.41045
2.96 0.999628 -0.630818 -8.39844 8.45772
2.97 0.976972 -0.684303 -8.4993 8.55527
2.98 0.977596 -0.581012 -8.64731 8.70239
2.99 0.969469 -0.576571 -8.7364 8.79002
3 0.956761 -0.693048 -8.90513 8.95638
3.01 0.931451 -0.436194 -8.99952 9.0476
3.02 0.908734 -0.444274 -9.08102 9.12638
3.03 0.889403 -0.539526 -9.14424 9.18739
3.04 0.841848 -0.469899 -9.19392 9.23238
3.05 0.822049 -0.591079 -9.2381 9.2746
3.06 0.800681 -0.457349 -9.2231 9.25779
3.07 0.758643 -0.350857 -9.25398 9.28502
3.08 0.744501 -0.480804 -9.27139 9.30123
3.09 0.724416 -0.450615 -9.29652 9.3247
3.1 0.708944 -0.47222 -9.3148 9.34174
3.11 0.700477 -0.445213 -9.36589 9.39205
3.12 0.685494 -0.493983 -9.41733 9.44225
3.13 0.699825 -0.596333 -9.46358 9.48942
3.14 0.696219 -0.585212 -9.52147 9.54689
3.15 0.694704 -0.464223 -9.48865 9.51404
3.16 0.696772 -0.447453 -9.5154 9.54088
3.17 0.681728 -0.577027 -9.58685 9.61106
3.18 0.686307 -0.414462 -9.77425 9.79831
3.19 0.699111 -0.458003 -9.87915 9.90385
3.2 0.729946 -0.51695 -9.93897 9.96574
3.21 0.725755 -0.438424 -9.90033 9.92689
3.22 0.724878 -0.416406 -9.89303 9.91955
3.23 0.71452 -0.477125 -9.86718 9.89301
3.24 0.717229 -0.460478 -9.9847 10.0104
3.25 0.755497 -0.51989 -10.1368 10.1649
3.26 0.803541 -0.575014 -10.4124 10.4434
3.27 0.795743 -0.824288 -10.5902 10.62
3.28 0.788116 -0.850012 -10.6361 10.6653
3.29 0.752861 -0.832821 -10.7055 10.732
3.3 0.737615 -0.82434 -10.6334 10.6589
3.31 0.744296 -0.748035 -10.6925 10.7184
3.32 0.747662 -0.755511 -10.7125 10.7386
3.33 0.736012 -0.793304 -10.7396 10.7648
3.34 0.732492 -0.831083 -10.7067 10.7317
3.35 0.742101 -0.751725 -10.8427 10.8681
3.36 0.746126 -0.959702 -10.9749 11.0002
3.37 0.772686 -0.785744 -11.0533 11.0802
3.38 0.801975 -0.840273 -11.0235 11.0526
3.39 0.817854 -0.899898 -10.8761 10.9068
3.4 0.805581 -0.906302 -10.8755 10.9053
3.41 0.814604 -0.95267 -10.9538 10.984
3.42 0.856104 -0.862642 -11.0513 11.0844
3.43 0.934362 -0.973479 -11.0998 11.1391
3.44 0.985368 -0.97781 -11.0437 11.0876
3.45 1.00978 -0.921838 -11.0171 11.0633
3.46 0.954497 -0.940993 -10.9558 10.9973
3.47 0.873913 -0.854961 -10.9969 11.0316
3.48 0.815493 -0.804515 -11.0399 11.07
3.49 0.787375 -0.844555 -11.1689 11.1966
3.5 0.82423 -0.938744 -11.1887 11.2191
3.51 0.863176 -0.810661 -11.2662 11.2992
3.52 0.870052 -0.916654 -11.3394 11.3728
3.53 0.813975 -0.917127 -11.5584 11.587
3.54 0.753613 -0.977782 -11.7714 11.7955
3.55 0.693967 -1.02262 -11.8216 11.842
3.56 0.671475 -0.883786 -11.8471 11.8661
3.57 0.675269 -0.945129 -11.8791 11.8983
3.58 0.727276 -0.959573 -11.9331 11.9552
3.59 0.780516 -1.0017 -11.9867 12.0121
3.6 0.795161 -0.958348 -11.922 11.9485
3.61 0.805052 -1.00885 -12.0053 12.0322
3.62 0.719002 -0.841267 -11.9295 11.9512
3.63 0.697474 -0.997492 -11.9285 11.9489
3.64 0.6432 -1.11152 -11.9022 11.9195
3.65 0.621601 -0.977762 -11.9396 11.9558
3.66 0.611364 -0.953212 -12.0031 12.0187
3.67 0.602499 -1.06897 -12.088 12.103
3.68 0.660115 -0.917914 -11.9845 12.0026
3.69 0.711196 -0.749438 -11.7631 11.7845
3.7 0.714392 -0.774222 -11.5087 11.5308
3.71 0.645522 -0.771749 -11.5189 11.5369
3.72 0.534804 -0.663114 -11.6585 11.6708
3.73 0.535977 -0.788113 -11.874 11.8861
3.74 0.578317 -1.00638 -11.9562 11.9701
3.75 0.669322 -0.956272 -11.9017 11.9205
3.76 0.737101 -0.941007 -11.8009 11.8239
3.77 0.74699 -0.904094 -11.6637 11.6876
3.78 0.694384 -0.791905 -11.4598 11.4808
3.79 0.630565 -0.854421 -11.5025 11.5198
3.8 0.563522 -0.848465 -11.6241 11.6378
3.81 0.539251 -0.877523 -11.7209 11.7333
3.82 0.561041 -0.887028 -11.7029 11.7163
3.83 0.630098 -0.697769 -11.5757 11.5928
3.84 0.690907 -0.944148 -11.5667 11.5873
3.85 0.676741 -0.997536 -11.6057 11.6254
3.86 0.609518 -1.05875 -11.7986 11.8144
3.87 0.576041 -1.02904 -11.8893 11.9033
3.88 0.574096 -0.939156 -11.9149 11.9287
3.89 0.624525 -0.926556 -11.7933 11.8098
3.9 0.68498 -0.986589 -11.7158 11.7358
3.91 0.696028 -0.979855 -11.7742 11.7947
3.92 0.687017 -1.00586 -11.8449 11.8648
3.93 0.68644 -1.01871 -11.9421 11.9618
3.94 0.721848 -1.00934 -11.9101 11.9319
3.95 0.755853 -1.06571 -11.9765 12.0003
3.96 0.737484 -1.05515 -12.0135 12.0361
3.97 0.721521 -1.13022 -12.0781 12.0996
3.98 0.735566 -1.0549 -12.0717 12.0941
3.99 0.75968 -0.998948 -11.9556 11.9797
4 0.788198 -0.976595 -11.7879 11.8142
4.01 0.793438 -0.944781 -11.761 11.7877
4.02 0.796395 -0.96917 -11.8604 11.8871
4.03 0.844492 -1.0573 -12.0767 12.1062
4.04 0.901704 -1.1827 -12.0791 12.1127
4.05 0.965564 -1.19594 -11.9583 11.9973
4.06 0.989664 -1.15281 -11.9197 11.9607
4.07 0.997003 -1.10396 -11.906 11.9476
4.08 0.925354 -0.989033 -11.9346 11.9704
4.09 0.844417 -1.09974 -12.0475 12.077
4.1 0.853285 -1.05627 -12.0265 12.0568
4.11 0.86107 -1.00273 -12.0721 12.1028
4.12 0.918836 -0.89089 -12.1558 12.1905
4.13 0.92578 -0.86414 -12.091 12.1264
4.14 0.90114 -0.933506 -12.0637 12.0973
4.15 0.865034 -0.866702 -12.0882 12.1191
4.16 0.834938 -0.982222 -12.0294 12.0583
4.17 0.850152 -0.898126 -12.0227 12.0527
4.18 0.928096 -0.884315 -12.0053 12.0411
4.19 0.978603 -0.981933 -12.1496 12.189
4.2 0.956011 -0.870552 -12.1358 12.1734
4.21 0.891404 -0.9694 -12.1716 12.2042
4.22 0.845054 -0.874141 -12.1229 12.1523
4.23 0.837118 -0.900811 -12.0913 12.1203
4.24 0.885717 -0.930832 -12.1199 12.1523
4.25 0.975366 -0.919436 -12.1097 12.1489
4.26 1.00494 -0.826501 -12.1868 12.2282
4.27 1.03311 -0.968275 -12.3109 12.3541
4.28 1.04804 -0.932534 -12.4145 12.4586
4.29 1.01107 -0.851865 -12.2636 12.3052
4.3 0.949467 -0.866414 -12.2654 12.3021
4.31 0.863992 -0.746708 -12.1838 12.2144
4.32 0.866467 -0.783579 -12.3264 12.3568
4.33 0.952991 -0.854736 -12.4669 12.5033
4.34 1.0308 -1.00124 -12.5238 12.5662
4.35 1.09961 -0.932093 -12.4872 12.5355
4.36 1.13511 -0.847167 -12.415 12.4668
4.37 1.11159 -0.908882 -12.382 12.4318
4.38 1.10593 -0.860389 -12.5501 12.5988
4.39 1.08125 -0.969662 -12.6942 12.7401
4.4 1.10172 -1.00054 -12.7011 12.7488
4.41 1.14029 -0.89511 -12.5598 12.6114
4.42 1.15073 -1.00017 -12.4572 12.5102
4.43 1.12899 -0.884503 -12.4878 12.5387
4.44 1.13359 -0.906358 -12.6379 12.6887
4.45 1.18228 -1.07566 -12.7775 12.8321
4.46 1.25121 -1.12762 -12.8133 12.8742
4.47 1.31726 -0.968399 -12.7051 12.7732
4.48 1.35306 -1.02175 -12.5044 12.5774
4.49 1.33357 -0.969581 -12.5345 12.6052
4.5 1.27367 -0.945413 -12.7522 12.8156
4.51 1.23765 -0.886265 -12.9062 12.9654
4.52 1.21985 -0.915275 -12.9438 13.0011
4.53 1.2144 -0.964634 -12.9244 12.9813
4.54 1.18218 -0.931049 -12.9745 13.0283
4.55 1.16839 -1.01127 -13.1417 13.1935
4.56 1.18616 -0.95479 -13.2581 13.3111
4.57 1.21241 -0.949102 -13.2839 13.3391
4.58 1.24506 -0.929262 -13.1877 13.2464
4.59 1.24985 -0.923973 -13.1093 13.1687
4.6 1.22284 -0.809312 -13.1584 13.2151
4.61 1.19039 -0.940836 -13.2866 13.3398
4.62 1.2047 -0.887279 -13.3129 13.3673
4.63 1.23958 -0.940077 -13.3468 13.4042
4.64 1.29255 -0.910591 -13.3155 13.3781
4.65 1.30854 -0.898108 -13.3744 13.4383
4.66 1.34007 -0.838076 -13.3082 13.3755
4.67 1.33467 -0.836028 -13.2739 13.3408
4.68 1.36551 -0.752517 -13.1322 13.203
4.69 1.34586 -0.811937 -13.1199 13.1887
4.7 1.29755 -0.852344 -13.3269 13.3899
4.71 1.29457 -0.814838 -13.5414 13.6031
4.72 1.38601 -0.973001 -13.7019 13.7718
4.73 1.48462 -1.01626 -13.6535 13.734
4.74 1.50051 -0.980885 -13.4784 13.5616
4.75 1.4701 -0.840638 -13.4441 13.5242
4.76 1.35563 -1.0459 -13.5835 13.651
4.77 1.26935 -0.987763 -13.861 13.919
4.78 1.28946 -1.10749 -14.052 14.111
4.79 1.40648 -1.29706 -13.9922 14.0627
4.8 1.50868 -1.14709 -13.8141 13.8963
4.81 1.51237 -1.13245 -13.8322 13.9147
4.82 1.48347 -1.10153 -13.8963 13.9752
4.83 1.48076 -1.14557 -14.0324 14.1103
4.84 1.5342 -1.11682 -13.9888 14.0727
4.85 1.55723 -0.921638 -13.8651 13.9522
4.86 1.56797 -1.06236 -13.8194 13.9081
4.87 1.56957 -1.04068 -13.8054 13.8943
4.88 1.56227 -1.01399 -13.9329 14.0202
4.89 1.57871 -1.12285 -13.9525 14.0416
4.9 1.60847 -0.89111 -13.9651 14.0574
4.91 1.60596 -0.965208 -13.9452 14.0374
4.92 1.58781 -1.02492 -14.0488 14.1383
4.93 1.54486 -0.949557 -14.1887 14.2726
4.94 1.57622 -1.11993 -14.3785 14.4646
4.95 1.6211 -1.08009 -14.4776 14.5681
4.96 1.6594 -1.09489 -14.453 14.548
4.97 1.65683 -1.09393 -14.3807 14.4759
4.98 1.66629 -0.971119 -14.3155 14.4122
4.99 1.66347 -0.96126 -14.2943 14.3908
5 1.65285 -0.972727 -14.4236 14.518
5.01 1.66124 -0.938468 -14.3458 14.4416
5.02 1.62519 -0.906943 -14.1959 14.2886
5.03 1.54162 -0.867592 -14.1474 14.2312
5.04 1.48732 -0.944539 -14.3274 14.4044
5.05 1.51941 -1.04885 -14.5829 14.6618
5.06 1.63672 -0.982603 -14.7374 14.828
5.07 1.7518 -1.07684 -14.6237 14.7282
5.08 1.74697 -1.03374 -14.3113 14.4175
5.09 1.69303 -0.946977 -14.0806 14.1821
5.1 1.56498 -0.876843 -14.0935 14.1802
5.11 1.46133 -1.07544 -14.4037 14.4777
5.12 1.47943 -1.08646 -14.7516 14.8256
5.13 1.64295 -1.24538 -14.8885 14.9788
5.14 1.78247 -1.35094 -14.759 14.8662
5.15 1.82401 -1.16233 -14.7069 14.8196
5.16 1.80166 -1.08216 -14.6189 14.7295
5.17 1.69607 -1.0535 -14.6921 14.7896
5.18 1.62105 -1.06935 -14.7929 14.8815
5.19 1.61862 -1.08029 -14.8 14.8882
5.2 1.63381 -1.09454 -14.8341 14.9238
5.21 1.6742 -1.19992 -14.9339 15.0274
5.22 1.70438 -1.16983 -15.0982 15.1941
5.23 1.74476 -1.2084 -15.2362 15.3358
5.24 1.77947 -1.13217 -15.2303 15.3339
5.25 1.83611 -1.23761 -15.2629 15.373
5.26 1.84137 -1.12854 -15.3273 15.4375
5.27 1.82035 -1.22645 -15.4045 15.5117
5.28 1.78136 -1.24671 -15.5772 15.6787
5.29 1.73976 -1.20753 -15.6849 15.7811
5.3 1.77526 -1.20294 -15.5887 15.6894
5.31 1.75699 -1.22314 -15.4597 15.5592
5.32 1.77208 -1.15742 -15.4547 15.556
5.33 1.77909 -1.23019 -15.6246 15.7256
5.34 1.88384 -1.25098 -15.7914 15.9034
5.35 2.01336 -1.47339 -15.83 15.9576
5.36 2.06607 -1.28792 -15.5318 15.6686
5.37 1.98382 -1.02792 -14.1194 14.2581
5.38 1.69086 -0.309783 -10.0489 10.1901
5.39 1.37585 -0.0927987 -9.93548 10.0303
5.4 0.837548 -0.0725398 -11.9623 11.9916
5.41 0.797574 -1.58509 -21.9135 21.9281
5.42 1.81412 -1.95988 -18.114 18.2046
5.43 2.59775 -1.46153 -13.1427 13.397
5.44 2.73153 -1.23436 -10.5089 10.8581
5.45 2.57627 -1.13143 -9.26383 9.61539
5.46 2.69782 -1.34656 -8.22609 8.65718
5.47 2.53265 -0.964244 -6.75887 7.2178
5.48 2.42769 -0.712218 -5.62674 6.12812
5.49 2.23099 -0.547256 -4.61025 5.12169
5.5 1.58664 -0.480097 -4.28999 4.57399
5.51 0.993749 -0.466661 -4.24556 4.36032
5.52 0.685841 -0.525146 -4.12622 4.18283
5.53 0.458409 -0.421227 -3.73642 3.76444
5.54 0.344436 -0.261572 -2.98007 2.99991
5.55 0.284917 -0.175784 -2.27244 2.29023
5.56 0.277669 -0.0362486 -1.6121 1.63584
5.57 0.246506 -0.0744168 -1.17195 1.1976
5.58 0.204703 -0.164368 -0.924991 0.947371
5.59 0.153113 0.0432674 -0.507471 0.530066
5.6 0.11234 0.210464 -0.120988 0.165101
5.61 0.0696663 0.245777 0.114355 0.133905
5.62 0.0527128 -0.0644202 0.100697 0.11366
5.63 0.0447859 0.0395455 0.0512634 0.0680714
5.64 0.0443598 0.0268113 0.01132 0.0457814
5.65 -0.00526007 -0.0988729 -0.0273831 0.0278837
5.66 0.0276351 0.0594773 -0.0465841 0.0541643
5.67 0.00674868 0.00944621 -0.0264702 0.0273169
5.68 0.0254218 -0.0102465 -0.00812287 0.026688
5.69 0.0073515 0.00497676 0.0182733 0.0196967
5.7 0.00484726 -0.0782471 0.0116818 0.0126475
5.71 0.0108774 -0.00625763 -0.000568405 0.0108923
5.72 0.0131058 0.157715 -0.0133354 0.0186974
5.73 0.0227006 0.0138594 -0.0207032 0.0307236
5.74 0.0138274 0.0279255 -0.033046 0.0358223
5.75 -0.000717528 -0.00785947 -0.00798871 0.00802087
5.76 0.012163 0.140446 -0.000706841 0.0121835
5.77 0.0182639 0.0028866 -0.00784715 0.0198783
5.78 0.0225121 -0.0221919 -0.0139574 0.0264878
5.79 0.00532127 -0.181267 0.00469141 0.00709403
5.8 0.0261099 -0.0241739 -0.0017931 0.0261714
5.81 0.0120975 0.0690906 0.0118385 0.0169263
5.82 0.00651953 -0.0167547 -0.0137656 0.0152315
5.83 0.0113572 -0.0912268 0.00481972 0.0123376
5.84 0.0166738 0.044403 -0.0210599 0.0268614
5.85 0.0140393 0.0184905 -0.00699299 0.0156845
5.86 -0.00570619 0.133076 -0.00672108 0.00881667
5.87 -0.00427585 -0.00109604 0.00520502 0.00673611
5.88 0.017352 0.0659969 0.0374645 0.0412878
5.89 0.0258554 -0.0325692 -0.0154269 0.030108
5.9 0.0185549 0.0071186 0.0118283 0.0220044
5.91 0.0254896 0.0247939 -0.0138134 0.0289919
5.92 0.00272186 0.011886 -0.000334734 0.00274237
5.93 0.0161715 0.0531875 0.00515526 0.0169733
5.94 0.0255112 0.0835223 0.0182536 0.031369
5.95 0.0152934 0.00443772 -0.0133542 0.0203032
5.96 0.00980118 0.0210778 -0.00714862 0.0121312
5.97 -0.000413762 -0.0169932 -0.0266549 0.0266581
5.98 0.0182585 0.0206669 -0.00688844 0.0195147
5.99 0.0180908 -0.0509577 0.0115885 0.0214842
6 0.0153212 -0.0533036 -0.0018275 0.0154298
6.01 0.00617719 0.0366197 0.0125561 0.0139934
6.02 -0.00555686 -0.0185625 -0.0204184 0.021161
6.03 0.00722178 0.00511587 -0.013879 0.0156455
6.04 0.00952868 0.124124 -0.0137686 0.0167443
6.05 0.0189092 -0.0381191 -0.0396146 0.0438962
6.06 0.0221296 0.0317455 0.0180844 0.0285791
6.07 0.00502802 0.126809 0.0317301 0.032126
6.08 0.00997351 0.0481978 0.0117088 0.0153807
6.09 0.0131338 0.0330503 -0.00123783 0.013192
6.1 0.00635777 -0.0346587 0.0566831 0.0570385
6.11 0.0116537 -0.0689246 0.0117351 0.0165385
6.12 0.00515772 -0.16802 -0.0141875 0.0150959
6.13 0.0220509 0.0765491 0.03146 0.0384184
6.14 0.011113 0.029541 0.00667514 0.0129637
6.15 0.00680119 -0.00858665 -0.0134395 0.0150624
6.16 0.00316372 0.0165784 -0.00108311 0.00334399
6.17 0.0264513 -0.0109275 -0.00131844 0.0264841
6.18 0.00160831 0.0845797 0.00631947 0.00652092
6.19 0.0101468 0.0124791 -0.000817456 0.0101796
6.2 -0.000342344 -0.0171501 -0.0199118 0.0199147
6.21 0.0140658 0.0141787 0.0116538 0.0182663
6.22 0.00370964 0.0518258 0.0510256 0.0511603
6.23 0.0149325 -0.0173972 -0.00730275 0.0166226
6.24 0.00711536 -0.00832374 0.00580564 0.00918334
6.25 -0.0075004 0.00525091 0.00574058 0.00944512
6.26 0.0230228 -0.0267819 0.0241132 0.0333391
6.27 0.0154379 -0.0174175 0.0371894 0.0402664
6.28 -0.00460116 -0.108346 0.017753 0.0183396
6.29 0.00288737 -0.0282278 -0.000615897 0.00295233
6.3 0.00920405 0.16867 0.0194195 0.0214902
6.31 0.0100559 0.0613611 0.0506619 0.0516502
6.32 0.0144585 0.0856226 -0.000312366 0.0144619
6.33 0.0083746 -0.0403179 0.0247387 0.0261177
6.34 0.0181792 0.0162678 0.0248657 0.0308024
6.35 0.00231584 0.0566013 0.0124617 0.012675
6.36 -0.00815291 -0.0341682 -0.00130689 0.00825699
6.37 0.0137493 -0.00742458 0.0115025 0.0179263
6.38 0.00608767 -0.0252415 0.00521838 0.00801818
6.39 0.0107772 0.0918398 0.0188832 0.0217422
6.4 0.0222721 0.0182406 0.011895 0.0252495
6.41 0.00954279 0.0569866 0.0184141 0.0207399
6.42 0.0292814 0.0899636 0.0247738 0.0383554
6.43 0.0235318 -0.102994 -0.0147678 0.0277819
6.44 0.00949684 0.039499 0.0117556 0.0151124
6.45 0.0112011 0.0384569 -0.0132992 0.0173878
6.46 0.00329738 -0.0278648 -0.00812729 0.00877072
6.47 0.0109112 -0.0193658 -0.0138418 0.0176253
6.48 0.00657689 0.0498838 0.0384399 0.0389985
6.49 0.0155898 -0.0894057 0.0376499 0.0407499
6.5 -0.000136004 -0.0127477 0.0379395 0.0379397
6.51 0.0152154 -0.0401801 0.00581709 0.0162895
6.52 0.015431 -0.0846514 0.0180509 0.0237477
6.53 0.0101187 0.020998 0.0311736 0.0327747
6.54 -0.00153172 -0.0120365 0.00619144 0.0063781
6.55 0.0143894 0.0362536 0.00526149 0.0153212
6.56 0.00440728 -0.0684694 0.0114331 0.0122532
6.57 0.0152602 -0.0399682 0.0247536 0.0290794
6.58 4.6161e-05 -0.0532176 0.0118165 0.0118165
6.59 0.0187463 0.0202072 0.00535954 0.0194974
6.6 0.00551742 -0.16346 -0.00796027 0.00968545
6.61 0.0017117 0.053063 0.00537344 0.00563949
6.62 0.00430259 -0.064492 0.0177247 0.0182394
6.63 0.00745469 -0.106655 -0.00177693 0.00766354
6.64 0.0142639 0.0145477 -0.0210343 0.0254146
6.65 0.0220345 0.0451589 0.0120102 0.0250951
6.66 0.00607437 0.148573 -0.0198995 0.020806
6.67 0.0117348 -0.0248104 0.0378939 0.0396693
6.68 0.0142415 0.0768066 0.0377868 0.0403815
6.69 0.0124192 0.0154389 -0.0144124 0.019025
6.7 0.0146576 0.00959996 0.0187246 0.0237793
6.71 -0.00391397 -0.0103732 0.0382009 0.0384009
6.72 0.0149083 -0.0307037 0.00540625 0.0158582
6.73 0.00645911 0.019362 0.00536254 0.00839506
6.74 0.00693138 0.036534 0.0311743 0.0319356
6.75 0.0150952 0.0134978 0.0184576 0.0238442
6.76 0.0109063 -0.0148159 0.0177183 0.0208059
6.77 0.00464161 -0.0243595 0.0122208 0.0130726
6.78 0.00873552 0.0711819 -0.00753385 0.0115355
6.79 0.0182478 -0.00604462 0.017756 0.0254609
6.8 0.0256766 0.0207688 0.024311 0.0353598
6.81 -0.0118427 -0.0100088 0.0511625 0.0525152
6.82 -0.00181758 0.0552111 0.00601447 0.0062831
6.83 0.00371061 -0.00158414 0.0187669 0.0191303
6.84 0.013761 0.00997982 0.0117586 0.0181006
6.85 0.00989583 -0.0149557 -0.0198745 0.0222018
6.86 -0.000296747 0.0094442 0.0383763 0.0383774
6.87 -0.00647773 -0.169381 0.0366188 0.0371873
6.88 0.00791966 -0.022196 0.0378145 0.0386349
6.89 0.0179088 0.0123131 0.00511934 0.0186261
6.9 0.00599222 0.0681449 0.0193634 0.0202694
6.91 0.00828266 -0.120572 0.0241001 0.0254837
6.92 0.0163555 -0.0492666 -0.00120659 0.0163999
6.93 0.0069415 0.0140427 0.0249084 0.0258576
6.94 0.0137613 0.148585 0.012723 0.0187416
6.95 0.0149381 -0.0221473 0.0376673 0.0405212
6.96 0.00162725 0.182409 0.0453899 0.045419
6.97 -0.000979924 -0.0170289 0.0122884 0.0123274
6.98 0.00861731 -0.0719667 0.0444555 0.045283
6.99 0.00962634 0.0395406 -0.00748358 0.0121931
7 0.00339134 0.0251815 0.0509963 0.051109
7.01 0.00713931 0.117024 0.00610102 0.00939107
7.02 0.0107113 0.0299327 0.00541425 0.012002
7.03 -0.00932182 0.0728586 0.0319122 0.0332458
7.04 -0.00302754 0.0338257 -0.0334172 0.0335541
7.05 0.00415215 -0.0514194 -0.0198202 0.0202505
7.06 0.0208799 0.0146853 0.00492489 0.0214528
7.07 0.0181082 0.0296158 0.0377983 0.041912
7.08 0.00624405 -0.0163205 0.0243017 0.025091
7.09 0.00236443 0.115283 -0.0201706 0.0203087
7.1 0.0128509 0.0331936 -0.00801914 0.0151477
7.11 0.0161122 -0.0403989 -0.0134699 0.021001
7.12 0.000754455 -0.205292 -0.0342812 0.0342895
7.13 -0.000448764 -0.0305897 -0.000227138 0.000502972
7.14 0.0108906 0.0029966 -0.0201101 0.0228696
7.15 0.0123541 -0.100322 0.0368156 0.0388331
7.16 0.00986944 0.101378 -0.00037825 0.00987669
7.17 0.00564761 0.0327626 -0.0201034 0.0208816
7.18 -0.00180005 0.126517 0.00684707 0.00707973
7.19 0.010875 -0.015222 0.00525446 0.0120779
7.2 -0.00414473 -0.032025 0.0238988 0.0242555
7.21 0.0103998 -0.032071 -0.0144958 0.0178405
7.22 0.00760974 -0.0216642 0.0180879 0.0196234
7.23 0.00715937 0.0586701 0.025285 0.026279
7.24 0.0142338 -0.0168095 -0.0207038 0.0251247
7.25 0.00618302 0.0773101 0.0185961 0.0195971
7.26 0.00636078 -0.0120002 -0.0333646 0.0339655
7.27 0.0137839 -0.0164482 -0.0337253 0.0364334
7.28 -0.00032883 -0.0173443 -0.0134391 0.0134431
7.29 0.0109811 -0.0726291 -0.0081578 0.0136797
7.3 0.0150314 0.0273174 0.0248472 0.0290401
7.31 0.00329438 -0.0596104 0.0051491 0.00611278
7.32 0.00699321 -0.0303724 -0.00141248 0.00713443
7.33 -0.0010476 -0.083977 -0.0010592 0.00148975
7.34 0.000294864 -0.0308043 0.00585687 0.00586428
7.35 0.0109146 0.00293128 -0.00110328 0.0109703
7.36 -0.00303143 -0.207473 0.0044782 0.00540776
7.37 0.0149268 0.0539346 0.0248003 0.0289458
7.38 0.0136166 0.063562 0.0316453 0.0344505
7.39 0.0194058 -0.0200166 -0.0132408 0.0234926
7.4 0.00576389 0.135411 0.0445956 0.0449666
7.41 -0.00156195 0.0997399 0.00561753 0.00583064
7.42 0.0116286 -0.0380889 0.0313255 0.0334142
7.43 0.00556391 0.0594764 0.0311716 0.0316642
