0 0.0120603 0.0863825 -0.00549421 0.0132528
0.01 0.00894191 -0.00979577 -0.0319462 0.033174
0.02 0.0125942 0.0594686 -0.0699999 0.0711239
0.03 0.00611976 0.188559 -0.0184658 0.0194535
0.04 -0.00158982 0.148052 -0.00503347 0.00527857
0.05 0.00341253 0.10059 -0.0638315 0.0639227
0.06 0.00662241 0.147686 -0.0123281 0.0139942
0.07 0.00867758 0.0173302 0.00661529 0.0109116
0.08 0.0122435 0.0950958 -0.0248572 0.0277089
0.09 0.000554874 0.0663469 0.0267105 0.0267163
0.1 0.0143574 0.147909 -0.0193366 0.024084
0.11 0.00665664 0.147769 -0.00592577 0.0089121
0.12 0.00923311 -0.0280424 -0.0321851 0.0334833
0.13 0.00809047 0.0974931 -0.03805 0.0389006
0.14 0.0111826 0.127278 -0.0250861 0.0274657
0.15 0.00658722 0.143699 -0.0381676 0.0387318
0.16 0.0117344 0.0913549 -0.0313334 0.0334586
0.17 0.0068108 0.174309 -0.0181982 0.019431
0.18 0.0235898 0.106353 -0.0186915 0.0300974
0.19 0.0114066 0.100554 -0.0316739 0.0336653
0.2 0.00334987 0.0381794 -0.0319704 0.0321455
0.21 0.0273641 0.0686512 -0.0776202 0.0823025
0.22 0.0106013 0.145196 -0.0250856 0.0272337
0.23 0.0119713 0.0152338 -0.01307 0.0177239
0.24 0.0105162 0.145386 -0.0120485 0.0159924
0.25 0.00808059 0.0757007 -0.0375511 0.0384107
0.26 0.00974888 0.145647 -0.0120007 0.0154615
0.27 -0.00633357 -0.0455407 -0.0316394 0.0322671
0.28 -0.000327211 0.0584019 -0.0187191 0.018722
0.29 0.0114674 0.0644178 -0.0256636 0.0281091
0.3 -0.0028802 0.0060595 0.000411516 0.00290945
0.31 0.0106612 0.127796 -0.0448508 0.0461005
0.32 -0.0103926 -0.0606216 -0.0319421 0.0335903
0.33 0.0146751 0.138561 -0.0063916 0.0160066
0.34 0.011369 0.0649631 -0.045352 0.0467553
0.35 0.00263738 0.221527 0.00739376 0.00785006
0.36 0.00705844 0.111688 -0.0191165 0.020378
0.37 -0.00797488 0.0630108 0.000269436 0.00797943
0.38 0.00645922 0.0809604 -0.0514263 0.0518304
0.39 0.0144223 0.183272 -0.0189662 0.0238269
0.4 0.00928373 0.0260706 -0.0126715 0.0157084
0.41 0.00725918 0.111412 -0.00535956 0.00902333
0.42 0.0148116 0.18714 -0.0309938 0.0343511
0.43 0.0149311 0.129538 -0.0379328 0.0407656
0.44 0.0151217 0.115903 -0.00610863 0.0163089
0.45 0.0186813 0.100828 -0.0128465 0.0226721
0.46 0.0153837 0.12475 0.0261202 0.0303138
0.47 0.0036338 0.0872192 -0.0184291 0.018784
0.48 -0.00332695 0.0379857 0.0255058 0.0257219
0.49 -0.00276412 0.175914 -0.00616418 0.00675555
0.5 0.00651778 0.196943 -0.0187136 0.0198162
0.51 0.00394136 0.100363 0.000781781 0.00401814
0.52 0.00995698 0.132792 -0.0255774 0.0274471
0.53 0.00812947 0.0796545 -0.031492 0.0325243
0.54 0.00816286 0.0307155 -0.0581026 0.0586732
0.55 -2.7624e-05 0.0805421 -0.0441182 0.0441182
0.56 0.0125141 0.144149 0.0336037 0.0358582
0.57 0.00723096 0.165391 -0.0374377 0.0381296
0.58 0.00372844 0.0379749 -0.0256921 0.0259613
0.59 0.00325622 0.100756 -0.00614604 0.00695534
0.6 0.00746991 0.187636 -0.00565428 0.00936858
0.61 0.0199679 0.0951894 -0.0443998 0.0486833
0.62 -0.00306362 -0.0156839 -0.0261542 0.026333
0.63 3.10829e-05 0.093751 0.000966706 0.000967205
0.64 0.00547776 0.220135 -0.0443907 0.0447274
0.65 -0.00479547 0.159065 -0.00532254 0.00716421
0.66 0.0123151 0.001594 -0.00661684 0.0139801
0.67 0.00477273 0.18932 -0.0635925 0.0637714
0.68 -0.00012933 0.0936255 -0.0447639 0.044764
0.69 0.014992 0.116042 -0.038261 0.0410933
0.7 0.00703998 0.129643 0.000508199 0.00705829
0.71 0.010597 0.198949 -0.011904 0.0159374
0.72 0.00779668 0.106614 -0.00573522 0.00967889
0.73 0.0149367 0.134217 0.00616148 0.0161577
0.74 0.0189313 0.197992 -0.00564139 0.019754
0.75 0.0073871 0.058347 -0.0256573 0.0266996
0.76 0.018732 0.100394 -0.00603307 0.0196796
0.77 0.0125384 0.032384 -0.038039 0.0400522
0.78 0.00766819 0.0758025 -0.0250932 0.0262387
0.79 0.00769765 0.0938073 -0.0188465 0.0203579
0.8 0.00181332 0.0882062 -0.0190539 0.01914
0.81 -0.00838654 0.00988334 -0.0709235 0.0714176
0.82 0.00997907 0.150164 0.0134658 0.0167604
0.83 0.00754961 0.102633 -0.0567514 0.0572513
0.84 0.0154626 0.0706786 -0.0126327 0.0199669
0.85 -0.00310516 0.0288798 -0.0124378 0.0128195
0.86 0.00969362 0.257328 -0.00532835 0.0110615
0.87 0.012364 0.0413982 -0.0123591 0.0174819
0.88 0.0075944 0.102845 -0.0378149 0.0385699
0.89 0.00657931 0.161783 -0.00600874 0.00891024
0.9 0.00880078 0.0753512 0.0260569 0.027503
0.91 -0.00185485 0.0592924 -0.00585543 0.0061422
0.92 -0.00369899 0.0735358 -0.0058113 0.00688866
0.93 0.0115953 0.0245637 -0.0514241 0.0527152
0.94 0.00979779 0.114927 -0.0639765 0.0647224
0.95 0.0148227 0.120326 0.00725042 0.016501
0.96 0.0117834 0.117948 -0.0316128 0.0337375
0.97 0.0183608 0.158545 0.00658848 0.0195071
0.98 0.00768783 0.0845521 -0.0578722 0.0583806
0.99 0.00767891 -0.0268426 -0.000186149 0.00768116
1 0.00417268 0.0422028 -0.0313877 0.0316638
1.01 0.0144346 0.156374 0.000660802 0.0144497
1.02 0.0105148 0.185605 0.00053443 0.0105284
1.03 0.0106794 0.212112 0.0270497 0.0290815
1.04 0.00651239 0.178873 -0.00595355 0.00882361
1.05 0.0142299 0.121001 -0.0192575 0.0239445
1.06 -0.000911265 0.169969 0.000984368 0.00134141
1.07 0.0107718 0.0873221 -0.0514641 0.0525793
1.08 0.0181495 0.194543 -0.031504 0.036358
1.09 -0.00180257 0.0858256 -0.057761 0.0577891
1.1 -0.000178438 0.0536602 -0.0127687 0.0127699
1.11 0.0117821 0.0686041 -0.0121199 0.016903
1.12 0.00772845 0.0489537 -0.0188441 0.0203674
1.13 0.00613146 0.192753 -0.0127475 0.0141455
1.14 0.00490157 0.0731334 -0.0445707 0.0448394
1.15 -1.14944e-05 0.0759208 0.013386 0.013386
1.16 0.000872787 0.10244 0.00072487 0.00113455
1.17 0.0009412 0.0573266 0.0262073 0.0262242
1.18 0.0184839 0.113973 -0.0129892 0.0225915
1.19 0.0237666 0.0704525 -0.038393 0.0451539
1.2 0.00814698 0.0577959 -0.0705537 0.0710226
1.21 0.00496401 0.0192374 -0.00609013 0.00785692
1.22 -0.00426017 0.0783792 0.000696168 0.00431667
1.23 -0.004106 0.104919 -0.0115763 0.0122829
1.24 0.0105031 0.145561 0.0066175 0.0124139
1.25 0.00673698 0.165501 -0.0191186 0.0202708
1.26 0.00697509 0.165146 -0.0312738 0.0320422
1.27 0.0057031 0.117342 -0.0517601 0.0520733
1.28 -0.0087883 0.139129 -0.0178378 0.0198852
1.29 0.0075341 0.107054 -0.0377254 0.0384703
1.3 0.00300636 0.167784 -0.0311207 0.0312656
1.31 -0.000181793 0.0540028 -0.0318457 0.0318463
1.32 0.014316 0.183205 -0.0309974 0.0341436
1.33 0.00349672 0.0961547 -0.0186613 0.0189861
1.34 0.00135076 0.0256404 0.000772167 0.00155589
1.35 0.00619796 0.232996 0.0137544 0.0150864
1.36 0.0184734 0.113844 -0.0255234 0.0315073
1.37 0.0193246 0.086689 -0.0254539 0.0319584
1.38 0.00446236 0.0866536 0.000870712 0.00454651
1.39 0.00246704 0.17697 -0.0314994 0.0315959
1.4 0.00763199 0.115797 -0.0177983 0.0193656
1.41 0.00738351 0.116184 -0.0444302 0.0450395
1.42 0.0224048 0.133924 -0.00610282 0.0232211
1.43 0.00345072 0.0333876 -0.012642 0.0131045
1.44 0.01787 0.11439 -0.064566 0.0669933
1.45 0.0205699 0.250064 -0.220142 0.221101
1.46 0.0292752 0.0259197 -0.449228 0.450181
1.47 0.0646099 -0.00956105 -0.587646 0.591187
1.48 0.0745562 0.0193327 -0.59494 0.599593
1.49 0.089105 -0.114702 -0.62117 0.627529
1.5 0.0922051 -0.0136182 -0.595884 0.602975
1.51 0.103948 0.00197774 -0.608289 0.617106
1.52 0.0729325 -0.12613 -0.67998 0.68388
1.53 0.0593197 -0.14415 -0.828437 0.830558
1.54 0.0208804 0.0131143 -1.00113 1.00135
1.55 0.0117503 -0.078878 -1.22106 1.22111
1.56 0.0184674 -0.0693155 -1.38903 1.38915
1.57 0.0542739 -0.0549641 -1.48062 1.48161
1.58 0.0386005 -0.108019 -1.58309 1.58356
1.59 0.0571941 -0.070332 -1.64117 1.64216
1.6 0.0537197 -0.0674815 -1.71184 1.71268
1.61 0.105409 -0.143185 -1.8308 1.83383
1.62 0.0796641 -0.169431 -2.07558 2.07711
1.63 0.0813942 -0.0710252 -2.34549 2.3469
1.64 0.058694 -0.00325185 -2.45317 2.45387
1.65 0.0783938 -0.0905188 -2.58337 2.58456
1.66 0.116894 -0.0199311 -2.62996 2.63256
1.67 0.156721 -0.0716912 -2.66974 2.67434
1.68 0.191736 -0.110404 -2.83768 2.84415
1.69 0.208059 -0.1475 -2.94116 2.94851
1.7 0.25577 -0.0606259 -3.07651 3.08713
1.71 0.252327 -0.0757438 -3.21173 3.22163
1.72 0.265095 -0.113823 -3.36849 3.3789
1.73 0.262548 -0.241221 -3.51086 3.52066
1.74 0.269885 -0.168907 -3.6013 3.6114
1.75 0.298891 -0.118821 -3.78955 3.80132
1.76 0.273773 -0.152593 -4.01429 4.02362
1.77 0.280329 -0.115313 -4.20214 4.21148
1.78 0.299488 -0.149413 -4.29959 4.31
1.79 0.316 -0.119425 -4.41677 4.42806
1.8 0.360247 -0.114928 -4.61128 4.62533
1.81 0.387345 -0.181151 -4.75334 4.76909
1.82 0.401394 -0.0737449 -4.83793 4.85455
1.83 0.439004 -0.123757 -4.9353 4.95479
1.84 0.442688 -0.0951005 -5.03156 5.051
1.85 0.470394 -0.161075 -5.13505 5.15655
1.86 0.498593 -0.085243 -5.20612 5.22994
1.87 0.536762 -0.0729925 -5.3034 5.33049
1.88 0.543159 -0.0860283 -5.39451 5.42178
1.89 0.564948 -0.233415 -5.58303 5.61154
1.9 0.569593 -0.11578 -5.73777 5.76597
1.91 0.584249 -0.155817 -5.86153 5.89058
1.92 0.615372 -0.287196 -5.97851 6.0101
1.93 0.630971 -0.149614 -6.12115 6.15358
1.94 0.642723 -0.179623 -6.24407 6.27707
1.95 0.674155 -0.15883 -6.41269 6.44803
1.96 0.680414 -0.100052 -6.52293 6.55832
1.97 0.691258 -0.147568 -6.57432 6.61056
1.98 0.713276 -0.174995 -6.60104 6.63946
1.99 0.750357 -0.158178 -6.71108 6.7529
2 0.779945 -0.230102 -6.81602 6.8605
2.01 0.791365 -0.23317 -6.88805 6.93336
2.02 0.823381 -0.198892 -6.9923 7.04061
2.03 0.843496 -0.198479 -7.07586 7.12596
2.04 0.864573 -0.206841 -7.18051 7.23238
2.05 0.865626 -0.207778 -7.336 7.38689
2.06 0.86409 -0.205618 -7.45936 7.50924
2.07 0.866483 -0.162488 -7.60099 7.65022
2.08 0.856562 -0.276442 -7.6785 7.72612
2.09 0.874575 -0.256808 -7.7488 7.798
2.1 0.905081 -0.199879 -7.74333 7.79604
2.11 0.920662 -0.280761 -7.86088 7.91461
2.12 0.909998 -0.300431 -8.05515 8.10639
2.13 0.902417 -0.210329 -8.22989 8.27921
2.14 0.92517 -0.291167 -8.37296 8.42392
2.15 0.931477 -0.33137 -8.43851 8.48976
2.16 0.968212 -0.359101 -8.50567 8.5606
2.17 1.01757 -0.474849 -8.573 8.63318
2.18 1.03859 -0.336491 -8.59859 8.66109
2.19 1.06231 -0.319841 -8.6368 8.70188
2.2 1.07609 -0.381698 -8.72894 8.79502
2.21 1.07861 -0.289364 -8.85792 8.92335
2.22 1.05172 -0.4245 -8.95438 9.01593
2.23 1.0156 -0.414978 -9.06929 9.12597
2.24 0.995602 -0.357621 -9.06141 9.11594
2.25 1.01253 -0.367602 -9.10716 9.16328
2.26 1.02442 -0.22764 -9.21048 9.26727
2.27 1.05913 -0.315708 -9.28305 9.34327
2.28 1.07858 -0.398664 -9.44558 9.50696
2.29 1.09866 -0.44642 -9.51159 9.57483
2.3 1.13115 -0.564224 -9.60557 9.67194
2.31 1.13616 -0.505088 -9.68379 9.75021
2.32 1.14785 -0.325459 -9.74901 9.81635
2.33 1.1619 -0.401283 -9.82126 9.88975
2.34 1.17311 -0.516064 -9.92541 9.9945
2.35 1.20224 -0.484891 -9.94689 10.0193
2.36 1.20228 -0.663633 -10.0712 10.1427
2.37 1.18799 -0.569542 -10.2196 10.2884
2.38 1.14598 -0.534003 -10.3605 10.4237
2.39 1.09463 -0.613524 -10.4106 10.468
2.4 1.06028 -0.471741 -10.4154 10.4693
2.41 1.0374 -0.44138 -10.3344 10.3864
2.42 1.07394 -0.410599 -10.3408 10.3965
2.43 1.08668 -0.374313 -10.4635 10.5197
2.44 1.09661 -0.460667 -10.555 10.6118
2.45 1.07087 -0.498626 -10.4847 10.5393
2.46 1.07755 -0.582974 -10.5103 10.5654
2.47 1.04707 -0.627121 -10.5165 10.5685
2.48 1.04503 -0.470283 -10.6326 10.6838
2.49 1.06531 -0.550063 -10.7887 10.8412
2.5 1.11761 -0.541881 -10.8297 10.8872
2.51 1.11687 -0.61351 -10.8696 10.9268
2.52 1.11668 -0.510634 -10.8558 10.9131
2.53 1.08898 -0.480936 -10.8543 10.9088
2.54 1.07955 -0.555514 -10.9647 11.0177
2.55 1.08134 -0.574413 -11.0953 11.1478
2.56 1.09799 -0.584513 -11.1815 11.2352
2.57 1.12316 -0.551167 -11.2663 11.3222
2.58 1.14338 -0.599055 -11.3117 11.3693
2.59 1.13009 -0.559189 -11.3695 11.4255
2.6 1.12633 -0.508129 -11.4457 11.501
2.61 1.08796 -0.551809 -11.3992 11.451
2.62 1.05184 -0.494602 -11.385 11.4335
2.63 1.05059 -0.503168 -11.3389 11.3875
2.64 1.01616 -0.496333 -11.2853 11.331
2.65 1.04687 -0.626965 -11.3777 11.4258
2.66 1.06213 -0.435537 -11.5006 11.5495
2.67 1.08415 -0.560335 -11.6764 11.7266
2.68 1.05599 -0.641821 -11.7348 11.7822
2.69 1.03746 -0.622461 -11.6559 11.702
2.7 0.988241 -0.569792 -11.7063 11.748
2.71 0.979554 -0.502237 -11.7054 11.7463
2.72 1.00858 -0.569337 -11.7787 11.8218
2.73 1.02919 -0.672117 -11.8401 11.8847
2.74 1.08836 -0.583608 -11.9215 11.9711
2.75 1.12721 -0.670339 -11.9237 11.9769
2.76 1.14036 -0.639105 -11.9373 11.9917
2.77 1.15487 -0.670697 -11.9711 12.0266
2.78 1.18581 -0.631439 -12.0192 12.0776
2.79 1.20492 -0.73713 -12.1059 12.1658
2.8 1.21446 -0.779106 -12.2942 12.3541
2.81 1.25154 -0.770176 -12.3426 12.4059
2.82 1.27495 -0.829192 -12.4138 12.4791
2.83 1.28419 -0.719393 -12.3748 12.4413
2.84 1.30848 -0.788387 -12.4005 12.4693
2.85 1.32723 -0.831201 -12.4337 12.5043
2.86 1.34115 -0.755381 -12.5623 12.6337
2.87 1.34713 -0.736206 -12.6399 12.7114
2.88 1.34531 -0.694421 -12.586 12.6577
2.89 1.30795 -0.609089 -12.5313 12.5993
2.9 1.25051 -0.658193 -12.6448 12.7064
2.91 1.23238 -0.602649 -12.7928 12.852
2.92 1.2528 -0.718087 -12.8518 12.9127
2.93 1.28663 -0.640672 -12.8648 12.929
2.94 1.33292 -0.566574 -12.8408 12.9098
2.95 1.32675 -0.665418 -12.8338 12.9022
2.96 1.29988 -0.76475 -12.9482 13.0133
2.97 1.26152 -0.58455 -13.0433 13.1042
2.98 1.24793 -0.558513 -13.1408 13.1999
2.99 1.29041 -0.625762 -13.1938 13.2567
3 1.34012 -0.651971 -13.3137 13.381
3.01 1.37594 -0.59834 -13.3411 13.4119
3.02 1.39501 -0.552134 -13.3479 13.4206
3.03 1.34843 -0.488136 -13.2612 13.3296
3.04 1.2976 -0.532735 -13.3244 13.3874
3.05 1.30259 -0.593112 -13.4035 13.4666
3.06 1.32149 -0.797183 -13.5623 13.6266
3.07 1.37017 -0.563625 -13.669 13.7375
3.08 1.42205 -0.76909 -13.7372 13.8106
3.09 1.44927 -0.611739 -13.8339 13.9096
3.1 1.44096 -0.718232 -13.8127 13.8877
3.11 1.4116 -0.628709 -13.7003 13.7728
3.12 1.36543 -0.627672 -13.6909 13.7588
3.13 1.31625 -0.566268 -13.819 13.8815
3.14 1.34318 -0.542307 -14.0794 14.1434
3.15 1.40798 -0.64414 -14.2503 14.3197
3.16 1.46674 -0.693029 -14.2317 14.3071
3.17 1.44906 -0.560913 -14.2092 14.2829
3.18 1.41115 -0.498088 -14.2054 14.2754
3.19 1.30229 -0.534236 -14.165 14.2248
3.2 1.28199 -0.508647 -14.3592 14.4164
3.21 1.30239 -0.633104 -14.4662 14.5247
3.22 1.35122 -0.668038 -14.5856 14.6481
3.23 1.4236 -0.716831 -14.477 14.5468
3.24 1.39779 -0.522693 -14.2346 14.3031
3.25 1.32263 -0.544205 -14.218 14.2794
3.26 1.26865 -0.471628 -14.2941 14.3503
3.27 1.2765 -0.56702 -14.4072 14.4636
3.28 1.36378 -0.598668 -14.4367 14.5009
3.29 1.41537 -0.617499 -14.3995 14.4689
3.3 1.43173 -0.502423 -14.314 14.3854
3.31 1.39149 -0.45481 -14.3099 14.3774
3.32 1.36182 -0.427588 -14.3772 14.4416
3.33 1.35927 -0.479468 -14.5388 14.6022
3.34 1.36527 -0.518475 -14.6371 14.7006
3.35 1.3425 -0.46444 -14.6493 14.7107
3.36 1.30696 -0.491408 -14.6476 14.7058
3.37 1.32945 -0.456222 -14.6874 14.7474
3.38 1.38116 -0.542314 -14.8459 14.91
3.39 1.43726 -0.605095 -14.9723 15.0411
3.4 1.49456 -0.333023 -15.0571 15.1311
3.41 1.51648 -0.597009 -15.0014 15.0778
3.42 1.50179 -0.436097 -15.0007 15.0757
3.43 1.4219 -0.49016 -15.0773 15.1442
3.44 1.44246 -0.743239 -15.2031 15.2713
3.45 1.52743 -0.630106 -15.3228 15.3988
3.46 1.61985 -0.664996 -15.286 15.3716
3.47 1.64134 -0.642117 -15.3111 15.3988
3.48 1.61883 -0.587989 -15.2562 15.3418
3.49 1.59021 -0.477219 -15.2598 15.3424
3.5 1.54316 -0.595512 -15.4275 15.5045
3.51 1.56286 -0.678351 -15.6195 15.6975
3.52 1.5836 -0.592637 -15.764 15.8433
3.53 1.63762 -0.919501 -15.8249 15.9094
3.54 1.65417 -0.701746 -15.7308 15.8176
3.55 1.59559 -0.581707 -15.7006 15.7815
3.56 1.59307 -0.706614 -15.8826 15.9623
3.57 1.67059 -0.620821 -16.1147 16.2011
3.58 1.75099 -0.835932 -16.2835 16.3774
3.59 1.83258 -0.872763 -16.222 16.3252
3.6 1.83578 -0.898614 -16.1065 16.2107
3.61 1.79777 -0.831931 -16.0727 16.1729
3.62 1.81828 -0.891295 -16.1377 16.2398
3.63 1.88568 -0.90725 -16.1995 16.3089
3.64 1.99087 -0.838766 -16.2736 16.395
3.65 2.06285 -0.848085 -16.1341 16.2655
3.66 2.08889 -0.908208 -16.0382 16.1737
3.67 2.02343 -0.779121 -15.9116 16.0397
3.68 1.97414 -0.72689 -16.0447 16.1657
3.69 1.98299 -0.798596 -16.2079 16.3287
3.7 2.04282 -0.861639 -16.2687 16.3964
3.71 2.0661 -0.848513 -15.569 15.7055
3.72 1.85807 -0.100863 -11.32 11.4715
3.73 1.79287 -0.0627761 -9.72873 9.89256
3.74 1.4118 -0.204856 -14.3142 14.3836
3.75 1.19342 -0.787442 -21.681 21.7139
3.76 2.11372 -1.52153 -18.4645 18.5851
3.77 3.24889 -1.39879 -14.0558 14.4264
3.78 2.95791 -1.29016 -13.0492 13.3803
3.79 2.80679 -1.39163 -11.9489 12.2741
3.8 3.1071 -1.66635 -10.6678 11.1111
3.81 2.83301 -1.55212 -9.21389 9.63959
3.82 2.6249 -1.29234 -7.74961 8.18209
3.83 2.00854 -0.803562 -6.38965 6.6979
3.84 1.27862 -0.655588 -5.44707 5.59513
3.85 0.91219 -0.542439 -4.83773 4.92298
3.86 0.678704 -0.511193 -4.36094 4.41344
3.87 0.591213 -0.428512 -3.52019 3.56949
3.88 0.52023 -0.0883502 -2.4624 2.51675
3.89 0.429071 0.220289 -1.69602 1.74945
3.9 0.271994 0.175972 -1.3065 1.33451
3.91 0.0874496 0.188691 -1.00632 1.01011
3.92 -0.112603 0.111782 -0.686658 0.695829
3.93 -0.216398 0.282889 -0.226034 0.312921
3.94 -0.0346876 0.187606 0.0184138 0.0392721
3.95 0.0248636 0.213013 -0.0127463 0.0279404
3.96 0.0207985 0.214736 -0.0187848 0.0280258
3.97 0.0213343 0.0993569 -0.0456624 0.0504004
3.98 0.0153715 -0.0537182 -0.0201526 0.0253458
3.99 0.021242 0.0990753 -0.0260823 0.0336379
4 0.022239 0.0807125 -0.0194631 0.0295531
4.01 0.00445868 0.230213 -0.0132831 0.0140115
4.02 0.00105779 0.13794 -0.0259649 0.0259865
4.03 0.00964403 0.101578 -0.0320282 0.0334487
4.04 0.0101712 0.119111 0.000115603 0.0101719
4.05 0.0174745 0.101579 -0.0132867 0.0219521
4.06 0.0146711 0.102912 -0.0125529 0.0193085
4.07 -0.00528247 0.0795317 -0.0126512 0.0137097
4.08 0.0146149 0.0851146 0.0196466 0.0244864
4.09 0.0127777 0.0641599 -0.0264423 0.0293678
4.1 0.0130968 0.139826 0.00659993 0.0146658
4.11 -0.00512071 0.0838833 1.12131e-05 0.00512072
4.12 0.00261725 0.0837827 -0.0130594 0.0133191
4.13 0.0109745 0.0466266 0.0262401 0.0284426
4.14 0.00907805 0.101704 -0.0193379 0.0213627
4.15 0.0076572 -0.0536633 -0.0132144 0.0152726
4.16 0.0185979 0.03814 0.0190848 0.026648
4.17 0.0159758 0.164718 -0.00660596 0.0172877
4.18 0.0203269 0.14005 -0.0197621 0.02835
4.19 0.00181182 0.150904 0.013444 0.0135655
4.2 0.02427 0.177535 -8.60998e-05 0.0242702
4.21 0.0118093 0.189949 -0.0326099 0.0346823
4.22 0.0206456 0.202525 -0.00639564 0.0216136
4.23 0.0133095 0.143905 -0.000177176 0.0133106
4.24 0.0131742 0.148452 0.000345005 0.0131787
4.25 0.0102691 0.114642 0.0255056 0.0274952
4.26 0.0033149 0.0340118 -0.00641835 0.00722384
4.27 0.0109932 0.0514725 -0.0259761 0.0282065
4.28 0.00858159 0.173818 0.00657867 0.0108131
4.29 0.0052968 0.207014 0.000865797 0.0053671
4.3 0.0110559 0.0426752 0.0512189 0.0523986
4.31 -0.00600176 0.195646 0.00757513 0.00966456
4.32 0.0104989 0.11918 0.0258334 0.0278854
4.33 0.013593 0.179754 -0.0063116 0.0149868
4.34 0.0139363 0.130283 -0.0131957 0.0191923
4.35 0.0242097 0.204383 -0.00633516 0.0250249
4.36 0.0125075 0.153189 0.045101 0.0468031
4.37 0.00405818 0.274301 -0.0377484 0.0379659
4.38 0.0142787 0.0992064 0.0317892 0.0348487
4.39 -0.00241514 0.180183 0.0137825 0.0139925
4.4 0.0138162 0.116876 0.0262693 0.029681
4.41 -0.00132103 0.12154 0.00731523 0.00743355
4.42 0.0181955 0.118524 0.012904 0.0223067
4.43 0.00278281 0.123622 0.0320173 0.032138
4.44 0.00927495 0.20044 0.0200628 0.0221029
4.45 0.013255 0.12172 0.0327767 0.0353555
4.46 0.00107473 0.0353619 0.0390782 0.0390929
4.47 0.0100235 0.137185 0.0127265 0.0161998
4.48 0.00624014 0.15734 0.0139467 0.0152791
4.49 0.00446302 0.189671 -0.0319275 0.032238
4.5 0.00292756 0.00327785 -0.0135515 0.0138641
4.51 0.0169329 0.13765 -0.0196439 0.0259346
4.52 0.00563458 0.161952 0.0266562 0.0272452
4.53 0.0209438 0.139309 0.0257532 0.0331944
4.54 -0.000755715 0.0495724 0.019342 0.0193567
4.55 0.0222369 0.107418 0.02595 0.0341743
4.56 0.00534888 0.15315 0.000559208 0.00537803
4.57 0.0174649 0.150472 0.00719274 0.018888
4.58 0.00568669 0.130728 0.0200111 0.0208034
4.59 0.00536956 0.130788 0.00682746 0.00868599
4.6 -0.00279252 0.229732 -0.0119894 0.0123103
4.61 0.00530496 0.198179 0.0192228 0.0199414
4.62 -0.00444632 0.0567783 0.0315835 0.0318949
4.63 0.0177427 0.109941 -0.0194333 0.0263145
4.64 0.0107601 0.0695759 0.025925 0.0280693
4.65 0.0142292 0.130127 0.00723416 0.0159625
4.66 0.00345916 0.0828616 0.0389666 0.0391199
4.67 -0.00194546 0.130916 0.0199737 0.0200682
4.68 0.00981678 0.14189 0.00650554 0.0117767
4.69 0.00649614 0.19242 0.0395641 0.0400938
4.7 0.00939245 0.195292 0.0135494 0.0164865
4.71 0.01642 0.155735 -0.00683866 0.0177872
4.72 0.00554347 0.211015 0.0267434 0.0273119
4.73 0.0139003 0.0901429 0.000133574 0.0139009
4.74 0.0135816 0.1529 0.0194472 0.0237204
4.75 0.010332 0.11013 -0.00578404 0.0118408
4.76 0.00947639 0.168398 0.0136666 0.0166306
4.77 0.0124341 -0.0693595 -0.00697863 0.0142586
4.78 0.00233042 0.12823 0.0193558 0.0194956
4.79 -0.00584841 0.102297 -0.00629936 0.00859568
4.8 0.0203645 0.16243 -0.000621234 0.020374
4.81 0.00537194 0.126542 0.0064668 0.00840697
4.82 0.0108772 0.0738764 -0.00660274 0.0127244
4.83 0.0250468 0.12822 0.00564023 0.025674
4.84 0.00758868 0.093882 0.0265754 0.0276377
4.85 0.0135211 0.15729 -0.0318555 0.0346062
4.86 0.00389168 0.194366 -0.0128156 0.0133935
4.87 0.00104154 0.151487 0.0195527 0.0195804
4.88 0.0040351 0.207404 -0.00590647 0.00715321
4.89 0.00972962 0.217173 0.0136297 0.0167462
4.9 0.00611618 0.15289 0.000511411 0.00613752
4.91 0.000438308 0.151852 0.0319047 0.0319077
4.92 -0.0019483 0.0993313 0.00699649 0.0072627
4.93 -0.00178799 0.0639483 -0.0131167 0.013238
4.94 0.0229049 0.119776 0.02031 0.0306126
4.95 0.00798397 0.182986 -0.0192092 0.0208023
4.96 0.0134593 0.201557 0.00707048 0.0152034
4.97 0.00440197 0.189795 0.000116386 0.00440351
4.98 0.00682673 0.076362 0.0256645 0.0265569
4.99 0.0151176 0.0895214 0.0131073 0.0200086
5 0.0175271 0.279645 0.00101309 0.0175564
5.01 0.0219745 0.165333 0.0194026 0.0293145
5.02 0.0149116 0.0850993 -0.0196053 0.0246318
5.03 0.0140549 0.139302 0.00666117 0.0155535
5.04 0.0161571 -0.1656 0.024178 0.0290797
5.05 0.00745338 0.062579 0.038899 0.0396066
5.06 0.0101114 0.159151 0.0135423 0.0169007
5.07 0.00995921 0.128385 0.000316147 0.00996423
5.08 -0.00680922 0.196469 0.013343 0.01498
5.09 0.0232057 0.0977549 0.0131675 0.0266812
5.1 -0.00154861 0.112595 0.0328803 0.0329167
5.11 0.0109557 0.0966698 0.0135119 0.0173954
5.12 -0.00458918 0.0608738 0.01351 0.0142682
5.13 -0.00187126 0.219999 0.0137453 0.0138721
5.14 0.00582017 0.166419 0.00693323 0.0090523
5.15 0.00875305 0.142487 -0.00670124 0.0110237
5.16 0.00090425 0.160603 -0.032071 0.0320838
5.17 0.0244491 0.159866 -0.000233167 0.0244502
5.18 0.00644838 0.112578 -0.0186681 0.0197505
5.19 0.00691989 0.125666 0.0390974 0.0397051
5.2 -0.00225857 0.202476 0.00115 0.0025345
5.21 0.0178937 0.123431 0.0060716 0.0188957
5.22 0.0226045 0.0938935 1.83718e-05 0.0226045
5.23 0.0117138 0.100165 0.0455063 0.0469898
5.24 -0.0024257 0.166843 0.00671117 0.00713609
5.25 0.00923446 0.133265 -0.00659312 0.0113466
5.26 0.00277092 0.106057 0.0580148 0.0580809
5.27 0.00860712 0.236127 0.0520219 0.0527291
5.28 0.0173988 0.123419 0.00036654 0.0174026
5.29 -0.00809157 0.0813304 0.0515972 0.0522278
5.3 -0.0046745 0.127987 0.0259756 0.0263929
5.31 0.0101214 0.145927 0.0326537 0.0341863
5.32 0.021023 0.139766 0.0248384 0.032541
5.33 0.0128356 0.16679 0.0128469 0.0181603
5.34 -0.00529353 0.168644 0.0204112 0.0210864
5.35 0.00329983 0.0874745 0.020482 0.0207461
5.36 0.0209814 0.255195 0.00714394 0.0221643
5.37 0.0224983 0.080615 -0.00654997 0.0234323
5.38 0.0181804 0.101463 -0.00642918 0.0192837
5.39 0.0161579 -0.0457121 0.0257794 0.0304246
5.4 0.0185132 0.131816 0.0195104 0.026896
5.41 0.0106072 0.185545 0.0585995 0.0595518
5.42 0.021483 0.219687 0.0192218 0.028827
5.43 -0.00075789 0.0898303 -0.0183523 0.018368
5.44 0.0151623 0.0670936 0.0383823 0.0412686
5.45 0.0137338 0.183667 0.0326734 0.0354425
5.46 0.00971017 0.208584 0.0201558 0.0223728
5.47 0.00680172 0.152477 0.0325778 0.0332803
5.48 0.0167586 0.23999 0.0196781 0.0258472
5.49 0.00551042 0.237636 0.00718662 0.00905606
5.5 0.0115299 0.0558012 0.000139897 0.0115308
5.51 0.00149852 0.209092 0.0263361 0.0263787
5.52 0.00464016 0.292033 0.0269805 0.0273766
5.53 -0.00192376 0.157737 0.033002 0.033058
5.54 0.00399465 0.00233739 0.0187324 0.0191536
5.55 0.0060523 0.12143 0.0195781 0.0204923
5.56 0.0181549 0.0738275 0.00616315 0.0191725
5.57 0.00976319 0.0880996 -0.00694723 0.0119826
5.58 0.0183684 0.149568 0.0260599 0.0318828
5.59 0.0147306 0.0266992 0.0383276 0.0410609
5.6 -0.00140166 0.0681388 -0.0190828 0.0191342
5.61 0.00397936 0.0427701 -0.00029595 0.00399035
5.62 0.026025 0.105192 0.0130841 0.0291289
5.63 0.00473856 0.198324 0.00677393 0.00826681
5.64 -0.00710756 -0.0713585 0.0188244 0.0201215
5.65 0.00184282 0.128851 -0.0191458 0.0192343
5.66 0.00922733 0.178072 -0.0127273 0.0157203
5.67 0.00713647 0.0986507 -0.012339 0.0142541
5.68 -0.00448139 0.0208839 -0.0132947 0.0140296
5.69 0.011524 0.0243787 0.0194772 0.022631
5.7 0.00151521 0.231375 -0.00584428 0.0060375
5.71 0.00230577 0.124372 0.00604986 0.00647436
5.72 0.00647982 0.170459 0.0192385 0.0203005
5.73 0.022924 0.0669473 0.0191805 0.0298898
5.74 0.0128093 0.296335 0.0268809 0.0297769
5.75 0.0177483 0.15047 0.0128597 0.0219174
5.76 0.00213427 0.123634 0.0265446 0.0266303
5.77 0.0236374 0.182535 -0.000321825 0.0236396
5.78 0.00269584 0.0614576 -0.00652061 0.00705591
5.79 0.00941597 0.204514 0.0327948 0.0341198
