0 -0.0151789 0.0358557 0.0264782 0.0305204
0.01 -0.0240046 0.0141409 -0.0125792 0.0271008
0.02 0.000700058 -0.0445882 0.0054047 0.00544985
0.03 -0.0145949 -0.0180555 -0.0191741 0.0240968
0.04 -0.0226449 -0.138429 -0.0330122 0.0400324
0.05 0.00756066 -0.0453105 0.00597131 0.00963432
0.06 -0.0158529 0.0629411 0.0200445 0.0255558
0.07 -0.00351382 -0.0381234 -0.00658423 0.00746318
0.08 -0.0240958 -0.00782378 0.0451725 0.0511973
0.09 0.00392419 0.0196088 0.0259635 0.0262584
0.1 0.0011777 -0.0990702 0.0516194 0.0516328
0.11 -0.0195231 0.00268591 -0.000160207 0.0195238
0.12 -0.0104735 -0.024963 0.0386485 0.0400425
0.13 -0.0141327 -0.161119 -0.0200814 0.0245559
0.14 -0.00445558 0.0514465 -0.0131438 0.0138784
0.15 0.00702957 0.0135298 0.00580975 0.00911965
0.16 -0.00801169 0.0538023 0.0259429 0.0271518
0.17 -0.000103872 -0.0401646 -0.000589834 0.00059891
0.18 -0.00950557 -0.141304 0.0188012 0.0210675
0.19 -0.0238643 0.0273414 0.0266445 0.0357691
0.2 0.00566558 -0.190983 0.00544308 0.00785658
0.21 -0.00655773 -0.00954887 0.000325618 0.00656581
0.22 -0.00460115 0.0783241 0.0198973 0.0204223
0.23 -0.000526392 -0.00436098 0.0126712 0.0126821
0.24 0.0128989 -0.065689 -0.0205533 0.0242656
0.25 -0.000205537 0.00876921 -0.0130369 0.0130385
0.26 -0.0188221 -0.00214818 0.0128802 0.0228073
0.27 -0.00849477 -0.0926744 -0.0142431 0.0165839
0.28 -0.00789352 0.0269909 0.0324625 0.0334084
0.29 -0.00841697 -0.0482176 -0.00716141 0.0110513
0.3 -0.00276022 -0.0515614 0.0186111 0.0188147
0.31 -0.0061833 -0.0587744 0.032159 0.0327481
0.32 -0.00424823 0.0250785 0.00611027 0.00744197
0.33 -0.0102164 -0.123427 0.0380409 0.0393889
0.34 -0.00814224 0.0980835 0.000671966 0.00816992
0.35 -0.016287 0.036222 0.0194741 0.0253872
0.36 -0.00894113 0.03652 -0.00634682 0.0109648
0.37 -0.0202937 0.105882 0.0198292 0.0283731
0.38 -0.0078834 0.00449965 0.0261966 0.0273571
0.39 -0.0195092 -0.0642706 -0.019369 0.0274913
0.4 -0.0140399 -0.147647 -0.0199857 0.0244243
0.41 -0.0194698 -0.0594891 0.00598904 0.0203701
0.42 -0.00748197 -0.0221328 -0.0130084 0.0150066
0.43 -0.012848 0.0522052 0.00657664 0.0144334
0.44 -0.0156021 -0.0801364 0.0190991 0.0246617
0.45 -0.0269884 -0.054819 -0.0194002 0.0332376
0.46 0.000251815 -0.0938943 0.0058146 0.00582005
0.47 -0.00325896 -0.007108 0.025849 0.0260536
0.48 0.00462345 -0.038151 -0.0134462 0.0142189
0.49 -0.0269589 0.0337104 0.03308 0.042674
0.5 -0.00870279 0.138919 -0.0057363 0.0104232
0.51 -0.00478161 0.0562577 -0.01273 0.0135984
0.52 -0.00462585 0.0291866 0.019269 0.0198165
0.53 -0.00652729 -0.044954 -0.0256863 0.0265027
0.54 -0.0126348 0.0119804 0.0191705 0.0229596
0.55 -0.00218432 0.00595612 -0.00637946 0.00674306
0.56 -0.0172824 0.0278989 -0.0576967 0.0602295
0.57 -0.0082053 0.0224816 0.0128573 0.0152524
0.58 0.000446341 -0.0583281 -0.0393072 0.0393097
0.59 -0.0151326 -0.0266297 0.0129174 0.0198961
0.6 -0.00840563 0.0491599 0.0133133 0.0157448
0.61 0.00795183 -0.0269731 -0.00705337 0.0106293
0.62 -0.00478656 0.0740184 0.0133673 0.0141985
0.63 -0.0119761 0.00268796 0.0129144 0.0176127
0.64 -0.0201115 0.00775667 0.0196549 0.028121
0.65 -0.0114615 0.037871 -0.0250853 0.0275797
0.66 -0.0183277 -0.0249175 0.0260388 0.0318422
0.67 -0.0115753 0.113523 -0.00576719 0.0129324
0.68 -0.00671588 -0.0717374 0.00643674 0.0093024
0.69 -0.00782347 -0.160612 -0.0461638 0.0468221
0.7 -0.000519625 -0.0265095 -0.0126718 0.0126825
0.71 -0.011724 0.0247586 0.0260318 0.0285501
0.72 0.000228097 -0.0229823 -0.0194652 0.0194665
0.73 -0.00892659 0.0855089 0.00688584 0.0112738
0.74 -0.0146218 -0.0404874 0.0256108 0.0294908
0.75 -0.012529 0.00263871 0.00693875 0.014322
0.76 -0.00674849 -0.00928514 0.000217219 0.00675199
0.77 -0.0145742 -0.0177781 -0.0192443 0.0241403
0.78 -0.0151905 -0.0134563 0.00718401 0.0168036
0.79 -0.0187033 -0.0156073 0.0128226 0.0226767
0.8 -0.0263542 -0.0199234 -0.0126431 0.02923
0.81 -0.0375877 -0.0534225 -0.00586762 0.0380429
0.82 -0.0147674 -0.0359077 -0.0126542 0.0194475
0.83 -0.0177508 -0.104887 0.00566337 0.0186324
0.84 -0.0153604 0.0671993 0.0261096 0.0302928
0.85 -0.00679209 -0.0630877 0.000413611 0.00680468
0.86 -0.00343859 -0.00279209 0.0325739 0.0327549
0.87 -0.00709782 -0.0270874 0.0382399 0.0388931
0.88 -0.0294198 -0.0408095 -0.0124224 0.031935
0.89 -0.0121452 0.110068 -0.00645305 0.0137531
0.9 -0.0157873 0.0315227 0.019872 0.0253798
0.91 -0.000232785 -0.0136431 0.00660936 0.00661346
0.92 -0.0180757 0.0107057 -0.0439517 0.0475235
0.93 0.00329935 0.0157932 0.0189462 0.0192313
0.94 -0.0143481 -0.0809784 0.00727502 0.016087
0.95 -0.00525903 0.0208347 0.0256105 0.0261449
0.96 -0.0179906 -0.176496 0.0185114 0.0258134
0.97 0.00103901 -0.0497352 0.0125779 0.0126208
0.98 -0.0075186 -0.0179695 -0.0190507 0.0204807
0.99 -0.00868805 0.107774 0.0135307 0.0160799
1 -0.00672171 -0.125639 0.0058596 0.00891719
1.01 -0.0288325 0.132884 -0.0117484 0.0311342
1.02 -0.015387 -0.0218142 -0.0061786 0.0165812
1.03 -0.0185999 -0.0112735 7.52425e-05 0.0186
1.04 -0.0126776 -0.00566919 -0.0198025 0.0235129
1.05 0.00294563 0.0426563 -0.00661835 0.00724426
1.06 0.00652894 0.130129 0.0195306 0.020593
1.07 -0.0211083 -0.143519 0.0190381 0.0284255
1.08 -0.0117959 0.00229533 0.000488603 0.011806
1.09 -0.00514663 0.0789076 -0.0188742 0.0195633
1.1 0.00710796 0.0713389 0.00631421 0.00950749
1.11 -0.0254487 -0.11856 0.0184755 0.031448
1.12 -0.011777 0.0201714 -0.00579885 0.0131272
1.13 0.00707452 0.00447383 -0.000630998 0.0071026
1.14 -0.0239796 0.0630976 0.0394406 0.0461582
1.15 0.00460495 -0.0428359 0.012517 0.0133372
1.16 -0.0144802 -0.0898036 -0.0190545 0.0239322
1.17 -0.0160978 -0.00393754 0.0130612 0.02073
1.18 -0.00921866 0.0547335 -0.0258888 0.0274812
1.19 -0.0149317 -0.026745 0.000421353 0.0149376
1.2 -0.0201601 0.0387991 0.0191242 0.0277878
1.21 -0.0159432 0.0452219 0.0195888 0.0252568
1.22 -0.00774696 0.0398675 0.0070572 0.0104795
1.23 -0.00295582 -0.0654445 0.0255613 0.0257316
1.24 -0.00352479 -0.0514434 -0.0387941 0.0389539
1.25 -0.0104212 -0.0428153 0.000286968 0.0104252
1.26 -0.0220538 -0.0535864 -0.0317371 0.0386473
1.27 -0.0269241 0.0471458 0.0329052 0.0425165
1.28 -0.00949199 0.041673 -0.0386974 0.0398445
1.29 -0.00847401 0.00076711 0.0255817 0.0269487
1.3 -0.00930757 0.0767489 0.00643038 0.0113129
1.31 -0.0194724 0.0248914 0.000314724 0.0194749
1.32 -0.0155914 -0.0760646 0.000793136 0.0156116
1.33 -0.00411341 -0.00208901 -0.013212 0.0138375
1.34 -0.0200132 0.0967744 0.0324334 0.0381111
1.35 -0.0225314 -0.0220861 0.00603194 0.0233249
1.36 -0.00955576 -0.182226 0.0189639 0.0212354
1.37 0.00475372 -0.0343668 0.0130046 0.0138463
1.38 -0.0108283 -0.0472831 0.00632334 0.0125394
1.39 -0.00711551 0.0175916 0.0195716 0.020825
1.4 -0.00305568 -0.0341093 0.0193315 0.0195715
1.41 0.00417781 0.00162175 0.000245111 0.00418499
1.42 -0.0047484 0.0071576 -0.0130877 0.0139224
1.43 -0.0024613 -0.0880528 0.0124663 0.012707
1.44 -0.0262092 -0.0469427 -0.0445698 0.0517048
1.45 -0.0115237 0.0112911 0.020113 0.0231804
1.46 -0.00816724 0.0806926 0.0453354 0.0460652
1.47 -0.00735028 -0.0491385 -1.61513e-05 0.0073503
1.48 -0.0196742 -0.0108046 -0.0256651 0.0323383
1.49 -0.0152407 -0.00909873 -0.00533095 0.0161461
1.5 -0.00782772 -0.00426623 0.00603706 0.00988531
1.51 -0.00789578 0.00875871 0.0129081 0.0151315
1.52 -0.0156312 0.0179848 -0.00609771 0.0167784
1.53 -0.0118281 -0.0152253 -0.0259495 0.0285181
1.54 -0.0165578 0.11224 0.019947 0.0259238
1.55 -0.00866662 -0.00401023 0.0255946 0.0270221
1.56 -0.0060278 -0.108304 0.019105 0.0200334
1.57 -0.0130329 -0.108708 0.0519778 0.0535869
1.58 -0.00264773 -0.141542 -0.000823659 0.00277289
1.59 0.000727243 -0.0410337 -0.0124901 0.0125113
1.6 0.0121714 -0.0342453 0.0190655 0.0226194
1.61 -0.0189762 -0.0286875 0.0251527 0.031508
1.62 -0.0175335 -0.128159 -8.30214e-05 0.0175337
1.63 -0.00317823 -0.0561384 -0.0130253 0.0134074
1.64 -0.000537704 0.071721 -0.000195847 0.00057226
1.65 -0.00365906 -0.0335633 -0.0197106 0.0200473
1.66 -0.011699 -0.0513565 0.0191185 0.0224139
1.67 -0.0112257 -0.0555258 0.00545676 0.0124817
1.68 -0.00694505 -0.0402827 -0.00680686 0.00972456
1.69 -0.014249 -0.0361027 0.013172 0.0194045
1.7 -0.0103783 -0.0250045 0.0130063 0.0166395
1.71 -0.0178095 -0.0475717 0.00681201 0.0190678
1.72 0.00879291 -0.0542764 0.00562053 0.0104358
1.73 -0.0174461 -0.110117 0.00643423 0.0185948
1.74 -0.0216879 -0.040425 0.012883 0.0252257
1.75 -0.00729615 -0.00463596 0.0131973 0.0150799
1.76 -0.0168112 0.050435 -0.0259455 0.0309158
1.77 -0.0145695 -0.0583396 -0.0127502 0.0193607
1.78 0.00421101 -0.0474783 -0.000112565 0.00421252
1.79 -0.0198732 0.087516 0.026604 0.0332072
1.8 -0.0188722 0.00220934 0.000365262 0.0188758
1.81 0.00137026 -0.0366373 0.0256576 0.0256942
1.82 -0.0182496 -0.0604337 0.0129012 0.0223492
1.83 0.00129441 -0.107961 -0.000584737 0.00142035
1.84 -0.00853173 0.0141016 -0.00640468 0.0106682
1.85 -0.0102936 -0.141321 0.0189192 0.0215382
1.86 -0.0115249 0.042242 0.00731864 0.0136523
1.87 0.000494777 -0.000149249 0.031958 0.0319618
1.88 -0.00847602 0.0984999 0.0133302 0.0157967
1.89 -0.012631 -0.0324849 0.00622755 0.0140828
1.9 -0.025551 -0.185572 -0.026413 0.0367491
1.91 -0.00390776 -0.0427658 -0.0192138 0.0196072
1.92 -0.00402087 0.0112226 0.0131367 0.0137383
1.93 -0.0296442 -0.0755031 -0.000437921 0.0296474
1.94 -0.0225249 -0.0670354 0.0132805 0.0261484
1.95 -0.0208908 0.0481069 0.0197515 0.0287497
1.96 -0.0119669 0.0562463 0.0325686 0.0346975
1.97 -0.0109379 -0.0960693 -0.00752071 0.013274
1.98 -0.013804 -0.134507 0.018735 0.0232712
1.99 -0.0192286 0.0518547 0.0259153 0.0322698
2 -0.00532746 0.0433082 0.00646728 0.00837899
2.01 -0.0236169 -0.0577379 -0.0193268 0.0305169
2.02 -0.0183871 -0.0741185 -0.00613099 0.0193823
2.03 -0.0269689 -0.0330196 -0.0313892 0.0413836
2.04 -0.0109128 -0.0337408 0.0127833 0.0168078
2.05 -0.00543778 -0.117924 0.0262972 0.0268535
2.06 -0.0234379 0.0496656 0.0394593 0.0458952
2.07 -0.0121027 -0.0682013 -0.0201415 0.023498
2.08 -0.0271236 0.109977 -0.00580813 0.0277385
2.09 -0.015294 -0.0404298 0.0262699 0.0303976
2.1 -0.0199165 -0.0688995 0.0129203 0.0237403
2.11 -0.0210252 -0.219435 -0.0138576 0.0251812
2.12 -0.00421105 0.0248386 0.0064511 0.00770387
2.13 -0.0174798 -0.119488 -0.000206146 0.017481
2.14 0.00491745 -0.0474529 0.00563061 0.00747564
2.15 -0.00336878 -0.0560553 0.0382579 0.0384059
2.16 -0.00749016 -0.0491478 -0.019564 0.0209488
2.17 -0.00757509 -0.0487968 -0.0327799 0.0336437
2.18 -0.00715409 0.0486215 0.03269 0.0334637
2.19 -0.0190926 -0.00626393 0.0193874 0.0272103
2.2 -0.0143858 -0.107301 0.0189742 0.0238112
2.21 -0.0144679 -0.0364072 -0.0317147 0.0348589
2.22 -0.0323151 -0.167957 0.0127446 0.0347375
2.23 -0.0305145 -0.0531746 0.0265702 0.0404612
2.24 -0.019149 0.0787128 0.0392141 0.0436398
2.25 -0.00999235 -0.0340053 -0.0126355 0.0161091
2.26 -0.0126071 0.0702237 0.0128615 0.0180099
2.27 -0.0113079 -0.0556588 0.0124324 0.0168057
2.28 -0.0179372 -0.0652119 0.0322684 0.0369187
2.29 0.00012131 -0.0269734 -0.0257949 0.0257952
2.3 0.00761623 -0.00895815 -0.000612349 0.00764081
2.31 -0.015096 -0.030793 0.0189597 0.0242355
2.32 -0.00799481 -0.00404829 -0.000203142 0.00799739
2.33 -0.00989075 -0.128219 0.0124886 0.0159308
2.34 -0.000334602 0.0445585 0.0195396 0.0195424
2.35 -0.0179342 -0.0428953 0.0198683 0.0267654
2.36 0.00309008 0.104878 0.00705085 0.00769825
2.37 -0.0291746 0.0355998 -0.0256264 0.0388313
2.38 -0.0153817 -0.0263838 -0.0126002 0.0198837
2.39 0.0016342 -0.0543148 -0.0389187 0.038953
2.4 -0.0119021 0.0116565 -0.0124183 0.017201
2.41 -0.00960246 -0.110292 0.00650978 0.0116011
2.42 -0.0157478 0.00439672 0.0261913 0.0305611
2.43 -0.00732495 0.0933046 0.0393927 0.040068
2.44 -0.025059 -0.101502 0.0261243 0.0361999
2.45 -0.00710934 -0.0311201 0.00626867 0.00947834
2.46 -0.0272536 -0.108784 -0.00663751 0.0280502
2.47 -0.0124878 -0.215647 0.0311792 0.033587
2.48 -0.0197481 0.0160773 -0.0121338 0.0231779
2.49 -0.00331811 -0.0561478 -0.0325731 0.0327417
2.5 -0.0127694 0.110175 -0.0191718 0.0230352
2.51 -0.0348939 -0.0103778 0.0194496 0.0399483
2.52 -0.013459 -0.108232 0.00657158 0.0149777
2.53 -0.0116783 -0.0378684 0.0135854 0.017915
2.54 -0.0140895 -0.129937 -0.0390778 0.0415402
2.55 -0.00994819 -0.092425 0.0255559 0.0274239
2.56 0.00831271 0.0175015 -0.0194434 0.0211458
2.57 -0.00316482 0.0460994 0.0587196 0.0588049
2.58 -0.0174543 -0.114492 -0.00645995 0.0186113
2.59 -0.0112904 0.0156468 0.013265 0.0174193
2.6 0.00111523 -0.0451741 0.0131382 0.0131855
2.61 -0.0185625 -0.0916476 0.00645041 0.0196513
2.62 -0.0152257 -0.0306539 -0.0131926 0.0201461
2.63 -0.00797055 0.00925825 -0.0129121 0.0151741
2.64 0.000983912 -0.0408278 0.0316231 0.0316384
2.65 -0.00993169 -0.0703025 0.0196284 0.0219981
2.66 -0.0235834 0.0317667 -0.0187201 0.0301101
2.67 -0.00829082 0.00948039 0.00621868 0.0103639
2.68 -0.0229458 -0.0845002 -0.00683156 0.0239412
2.69 -0.0116791 0.0157028 0.0195911 0.0228082
2.7 -0.00424369 -0.015644 0.0388574 0.0390884
2.71 -0.0121048 0.0293704 -0.00613941 0.0135727
2.72 -0.0079413 0.00446233 0.0259261 0.027115
2.73 -0.0112619 -0.0155315 0.0127517 0.0170128
2.74 -0.0115901 -0.0382204 -0.0317662 0.0338145
2.75 -0.00934782 -0.0790955 -0.0124486 0.0155675
2.76 -0.0147142 -0.063067 -0.0261177 0.0299773
2.77 -0.00727705 -0.066894 0.0129442 0.0148495
2.78 -0.0117072 -0.033092 -0.000114197 0.0117077
2.79 -0.0341169 -0.0557494 -0.00566419 0.0345839
2.8 0.00444081 -0.0561518 0.00567813 0.00720846
2.81 -0.0216436 -0.0628331 0.0130194 0.0252577
2.82 -0.00665639 -0.0318043 0.0132287 0.0148089
2.83 -0.0115468 0.0246891 0.0196676 0.0228066
2.84 -0.0142937 -0.0363148 -0.00576447 0.0154123
2.85 -0.0243212 -0.235571 -0.0137267 0.0279275
2.86 -0.00410899 0.0826019 0.000823764 0.00419075
2.87 -0.0203186 0.0569253 -0.0321906 0.0380668
2.88 -0.0187461 -0.0558966 -0.0198111 0.0272745
2.89 -0.00471791 0.0743456 -8.093e-05 0.00471861
2.9 -0.0244123 0.0187994 0.0199488 0.0315265
2.91 -0.014686 -0.0266483 0.00686182 0.01621
2.92 -0.0196204 -0.0597885 0.000159944 0.0196211
2.93 -0.00443426 -0.00200841 0.00703322 0.00831438
2.94 -0.010624 -0.0251012 0.00656583 0.0124892
2.95 0.000984081 0.039911 -0.0976203 0.0976253
2.96 0.0460759 -0.166659 -0.302291 0.305782
2.97 0.112302 -0.109123 -0.654854 0.664414
2.98 0.157646 -0.13291 -0.95543 0.968349
2.99 0.19184 -0.207614 -1.06758 1.08468
3 0.206802 -0.172171 -1.03686 1.05728
3.01 0.209998 -0.160711 -1.00516 1.02686
3.02 0.206378 -0.221361 -1.06883 1.08857
3.03 0.17393 -0.200445 -1.2228 1.23511
3.04 0.143257 -0.168086 -1.39535 1.40269
3.05 0.139157 -0.173894 -1.60802 1.61403
3.06 0.155226 -0.238484 -2.08708 2.09285
3.07 0.128742 -0.220788 -2.49983 2.50314
3.08 0.128795 -0.224976 -2.82996 2.83289
3.09 0.142755 -0.245851 -3.02522 3.02859
3.1 0.205219 -0.424224 -3.50825 3.51425
3.11 0.259306 -0.205831 -3.993 4.00141
3.12 0.272687 -0.419461 -4.35483 4.36335
3.13 0.294637 -0.348233 -4.60857 4.61798
3.14 0.357596 -0.480593 -4.8821 4.89518
3.15 0.421485 -0.492915 -5.11057 5.12792
3.16 0.474169 -0.543171 -5.39621 5.41701
3.17 0.521726 -0.50943 -5.77337 5.7969
3.18 0.552292 -0.505703 -6.14254 6.16732
3.19 0.580902 -0.595252 -6.42837 6.45457
3.2 0.613959 -0.32538 -6.76444 6.79224
3.21 0.650893 -0.476276 -7.09584 7.12563
3.22 0.701407 -0.565645 -7.41539 7.44849
3.23 0.734407 -0.580799 -7.64355 7.67875
3.24 0.79143 -0.602016 -7.93587 7.97524
3.25 0.802892 -0.578177 -8.17624 8.21557
3.26 0.814745 -0.625402 -8.44897 8.48817
3.27 0.827176 -0.65535 -8.73415 8.77323
3.28 0.835575 -0.758099 -9.03324 9.0718
3.29 0.860472 -0.639315 -9.29261 9.33236
3.3 0.885798 -0.757751 -9.50717 9.54835
3.31 0.916156 -0.71907 -9.65635 9.69972
3.32 0.940583 -0.766278 -9.82559 9.87051
3.33 0.995595 -0.688734 -10.0878 10.1368
3.34 1.03608 -0.86582 -10.2984 10.3504
3.35 1.07127 -0.936637 -10.4565 10.5112
3.36 1.10323 -0.853697 -10.5926 10.6499
3.37 1.1002 -0.776957 -10.721 10.7773
3.38 1.11938 -0.806566 -10.7793 10.8373
3.39 1.12737 -0.834555 -10.8693 10.9276
3.4 1.13058 -0.920771 -11.0179 11.0757
3.41 1.12791 -0.807235 -11.185 11.2417
3.42 1.0836 -0.86024 -11.4357 11.487
3.43 1.03991 -0.712299 -11.6291 11.6755
3.44 1.05182 -0.821488 -11.7395 11.7865
3.45 1.03472 -0.717744 -11.8466 11.8917
3.46 1.06595 -0.772985 -11.8922 11.9399
3.47 1.08345 -0.757746 -11.9696 12.0185
3.48 1.10327 -0.721246 -12.1381 12.1882
3.49 1.11363 -0.682986 -12.209 12.2597
3.5 1.12791 -0.727549 -12.3193 12.3708
3.51 1.13247 -0.733921 -12.4353 12.4868
3.52 1.14494 -0.736968 -12.5139 12.5661
3.53 1.13457 -0.802515 -12.5781 12.6291
3.54 1.1605 -0.831804 -12.6894 12.7424
3.55 1.18241 -0.720607 -12.8406 12.895
3.56 1.24408 -1.01746 -13.1035 13.1624
3.57 1.34382 -0.900177 -13.3008 13.3686
3.58 1.40584 -0.965776 -13.2905 13.3647
3.59 1.4627 -0.996718 -13.285 13.3653
3.6 1.44292 -0.82435 -13.2294 13.3079
3.61 1.3518 -0.786761 -13.3995 13.4675
3.62 1.27328 -0.806062 -13.5053 13.5652
3.63 1.23968 -0.746282 -13.4781 13.535
3.64 1.24763 -0.864427 -13.4521 13.5099
3.65 1.26218 -0.731353 -13.5303 13.589
3.66 1.26678 -0.611039 -13.5238 13.583
3.67 1.2775 -0.668279 -13.4732 13.5336
3.68 1.28928 -0.676397 -13.4281 13.4899
3.69 1.2648 -0.787393 -13.5586 13.6174
3.7 1.29553 -0.694872 -13.5263 13.5882
3.71 1.28789 -0.721197 -13.6368 13.6975
3.72 1.27862 -0.794956 -13.624 13.6839
3.73 1.22688 -0.770992 -13.5624 13.6177
3.74 1.16517 -0.728364 -13.6231 13.6729
3.75 1.13622 -0.706428 -13.7654 13.8122
3.76 1.17057 -0.723126 -13.853 13.9024
3.77 1.22188 -0.853373 -13.9144 13.968
3.78 1.25257 -0.796934 -13.9227 13.979
3.79 1.26251 -0.851797 -13.9349 13.992
3.8 1.24736 -0.927256 -13.9615 14.0171
3.81 1.23127 -0.801292 -14.1043 14.158
3.82 1.21826 -0.950191 -14.1709 14.2231
3.83 1.2513 -0.916782 -14.2054 14.2604
3.84 1.27141 -1.11741 -14.1824 14.2393
3.85 1.30051 -0.836618 -14.1225 14.1823
3.86 1.32176 -0.760688 -14.2141 14.2754
3.87 1.34355 -0.92996 -14.3465 14.4092
3.88 1.34322 -1.06308 -14.4908 14.5529
3.89 1.35916 -0.961241 -14.4584 14.5222
3.9 1.31916 -0.954361 -14.4636 14.5236
3.91 1.25939 -1.08826 -14.4091 14.4641
3.92 1.24198 -0.921806 -14.3744 14.428
3.93 1.2753 -1.00494 -14.5118 14.5677
3.94 1.34523 -0.981193 -14.6517 14.7133
3.95 1.43157 -1.09632 -14.7328 14.8022
3.96 1.47995 -0.965062 -14.5844 14.6593
3.97 1.48465 -1.01212 -14.3705 14.447
3.98 1.42331 -1.0243 -14.3038 14.3744
3.99 1.3882 -0.963062 -14.3481 14.4151
4 1.37201 -1.06962 -14.6228 14.6871
4.01 1.46344 -1.16172 -14.8236 14.8956
4.02 1.57708 -1.3025 -14.9353 15.0184
4.03 1.69663 -1.35007 -14.7131 14.8106
4.04 1.58495 -0.868898 -12.3888 12.4898
4.05 1.624 -0.584462 -9.20071 9.34294
4.06 1.28916 -0.278222 -8.41483 8.51301
4.07 0.570839 -0.706886 -18.8684 18.8771
4.08 0.836798 -1.39724 -18.9665 18.985
4.09 1.93977 -1.24575 -14.7868 14.9135
4.1 2.44671 -1.21038 -11.0406 11.3085
4.11 2.33891 -1.35812 -9.96694 10.2377
4.12 2.21282 -1.35529 -9.88304 10.1277
4.13 1.8371 -1.39347 -10.5446 10.7034
4.14 1.25562 -1.34311 -10.1315 10.209
4.15 0.956099 -0.961694 -8.63665 8.68941
4.16 0.849389 -0.738919 -7.14394 7.19426
4.17 0.798327 -0.612903 -6.16972 6.22115
4.18 0.736418 -0.800547 -5.6813 5.72883
4.19 0.668049 -0.832468 -5.61453 5.65413
4.2 0.581143 -0.920135 -5.25298 5.28503
4.21 0.492723 -0.805826 -4.62488 4.65105
4.22 0.423382 -0.538938 -3.66417 3.68855
4.23 0.364847 -0.569187 -2.8753 2.89835
4.24 0.354471 -0.348076 -2.04028 2.07084
4.25 0.272041 -0.1979 -1.41471 1.44063
4.26 0.157351 -0.113325 -0.992715 1.00511
4.27 0.0135651 0.0695788 -0.619984 0.620133
4.28 -0.122033 0.12547 -0.209029 0.242044
4.29 -0.113871 0.0972416 0.0373167 0.119829
4.3 -0.00827752 0.00946688 -0.0387002 0.0395756
4.31 -0.00895093 -0.0303907 -0.0194245 0.0213876
4.32 -0.0152321 -0.0979073 -0.00719256 0.0168449
4.33 -0.00707098 -0.0046554 -0.00654489 0.00963505
4.34 -0.0114448 -0.0333515 -0.0195156 0.0226239
4.35 -0.0116829 -0.0197855 -0.0128232 0.0173472
4.36 -0.00570271 -0.0367835 -0.0260918 0.0267078
4.37 -0.0149323 -0.053308 0.0124614 0.0194489
4.38 -0.0220251 -0.0623056 0.0128026 0.0254757
4.39 -0.0182967 -0.0469704 -0.00655096 0.0194341
4.4 -0.0212698 0.0124804 0.000135926 0.0212702
4.41 -0.0168409 0.0322691 -0.00593858 0.0178572
4.42 -0.0158782 0.00045136 0.0259935 0.0304594
4.43 -0.0232355 -0.0263578 -7.12626e-05 0.0232356
4.44 -0.0310883 -0.0571022 -0.0261396 0.0406172
4.45 -0.00857016 -0.0576424 0.019086 0.0209218
4.46 -0.0203079 -0.00986916 -0.0190856 0.0278688
4.47 -0.0156176 -0.0304361 0.025448 0.0298581
4.48 -0.016369 0.0588897 -0.00614174 0.0174833
4.49 -0.012185 0.0344395 -0.0255381 0.0282961
4.5 -0.0326246 0.08625 0.000419006 0.0326273
4.51 -0.0125541 -0.0596898 -0.0133652 0.0183367
4.52 -0.0121798 -0.00614157 0.00609466 0.0136196
4.53 -0.0108195 0.0601094 -0.0135807 0.0173637
4.54 -0.00788322 0.00466072 -5.63501e-05 0.00788342
4.55 -0.0163731 0.00986846 0.0194127 0.0253955
4.56 -0.0327174 0.117896 0.0138992 0.0355474
4.57 -0.0233584 -0.0392802 0.0192022 0.030238
4.58 -0.0192003 -0.0819168 -0.0136167 0.0235386
4.59 -0.00493204 -0.0373865 -0.00706191 0.00861368
4.6 -0.0185064 -0.0513718 -0.00583474 0.0194044
4.61 -0.015953 -0.0216888 0.00651175 0.0172308
4.62 -0.00759596 -0.0265955 -0.0127952 0.01488
4.63 -0.00689789 -0.0537462 0.0126453 0.0144043
4.64 -0.021597 0.0576716 -0.013121 0.0252704
4.65 -0.0228271 -0.0753196 -0.0132277 0.0263827
4.66 -0.011794 0.0073364 0.000367238 0.0117998
4.67 -0.0151519 0.0354673 0.0394241 0.0422355
4.68 -0.0192544 -0.0332551 0.0130642 0.0232681
4.69 -0.0316713 -0.0566009 -0.0127466 0.0341401
4.7 -0.0050613 0.0785369 0.0194802 0.020127
4.71 -0.0166478 0.0370268 0.019187 0.0254026
4.72 -0.0080746 -0.0310675 0.012751 0.0150926
4.73 -0.0200797 0.0120862 0.0264173 0.0331824
4.74 -0.0418043 -0.068177 0.0252622 0.0488445
4.75 -0.019162 0.0601906 0.0333792 0.0384883
4.76 -0.0123902 0.0656677 0.00647804 0.0139815
4.77 -0.0153582 0.0178541 -0.0129649 0.0200989
4.78 -0.0110774 -0.0602478 -0.0137314 0.0176425
4.79 -0.0233573 0.00990301 0.0259623 0.0349228
4.8 -0.0167045 0.0863336 -0.000576432 0.0167145
4.81 -0.0146224 -0.0538398 0.0321879 0.0353536
4.82 -0.0218964 0.0489032 -0.0194377 0.0292793
4.83 -0.0160292 -0.00361015 -0.000387087 0.0160339
4.84 -0.0148844 -0.0400473 -0.00637942 0.0161939
4.85 -0.0080607 -0.088595 -0.00733417 0.0108979
4.86 -0.0164239 0.000873763 0.0134749 0.0212442
4.87 -0.00523041 0.00302826 -0.00661859 0.00843581
4.88 -0.0120433 0.0515242 0.0582619 0.0594936
4.89 -0.0121641 -0.0107433 0.0384602 0.040338
4.9 -0.0159225 0.0454992 0.0195185 0.0251892
4.91 -0.0206506 0.110268 0.0329177 0.038859
4.92 -0.0192511 0.0115205 0.0457171 0.0496051
4.93 -0.0265417 0.00247617 0.02624 0.0373229
4.94 -0.0146406 -0.0357238 0.0255597 0.0294558
4.95 -0.0200945 -0.0499328 -0.0327447 0.0384188
4.96 -0.0315217 -0.0123206 0.0262175 0.0409997
4.97 -0.0206355 -0.000850725 0.0319661 0.038048
4.98 -0.0124943 0.00270229 0.0384797 0.0404573
4.99 -0.0194055 -0.0374778 0.0129366 0.0233223
5 -0.00997876 0.0554654 -0.032384 0.0338865
5.01 0.000254422 -0.00481548 0.019096 0.0190977
5.02 -0.0195583 -0.00164275 0.0516448 0.0552242
5.03 -0.0168758 0.108397 -0.0126738 0.0211049
5.04 0.000135076 -0.00470864 0.0257308 0.0257311
5.05 -0.0197079 0.104897 0.0266277 0.0331275
5.06 -0.00331133 -0.0115537 -0.00709607 0.00783065
5.07 -0.012403 0.0696045 0.0456955 0.0473488
5.08 -0.0238704 0.108122 0.0327332 0.0405124
5.09 -0.0193363 -0.0332271 -0.00621314 0.02031
5.1 -0.0238448 -0.0572342 -0.019776 0.0309785
5.11 -0.0128019 0.0121983 0.0129303 0.0181956
5.12 -0.0227234 -0.0711666 0.0254165 0.0340933
5.13 -0.00528408 0.07431 0.0388624 0.03922
5.14 -0.0188392 -0.0244121 0.019922 0.027419
5.15 -0.010872 -0.0597492 0.0246827 0.0269711
5.16 -0.0231782 -0.0396728 0.00677649 0.0241485
5.17 -0.0148242 -0.0444175 0.0197841 0.0247218
5.18 -0.022245 -0.102706 0.0379247 0.0439672
5.19 -0.0169681 0.0762076 -0.0121349 0.0208608
5.2 -0.0170754 -0.0252128 0.0249889 0.0302657
5.21 0.000197747 -0.022593 0.026157 0.0261577
5.22 -0.0205804 -0.0323979 0.0192594 0.0281865
5.23 -0.0166539 0.00594608 -0.0391208 0.0425181
5.24 -0.0234379 0.0496656 0.0394593 0.0458952
5.25 -0.0225521 -0.0573791 0.0257124 0.0342013
5.26 -0.0082242 0.00460553 0.0191448 0.0208365
5.27 -0.0184376 -0.0738649 0.0384471 0.0426394
5.28 -0.0265309 -0.0291414 -0.00651756 0.0273197
5.29 -0.0061565 -0.152488 0.0314622 0.0320589
5.3 -0.0262016 -0.149426 0.0126517 0.0290962
5.31 -0.0200561 -0.0238101 0.0320869 0.0378393
5.32 -0.0187519 -0.144813 -0.000778044 0.018768
5.33 -0.031463 0.0943943 0.0335529 0.0459969
5.34 -0.011433 -0.0868133 0.0121515 0.0166845
5.35 -0.0149601 -0.00877749 0.00639751 0.0162706
5.36 -0.0193053 -0.0461928 0.0379665 0.0425928
5.37 -0.013973 -0.0142586 0.0715499 0.0729015
5.38 -0.0184085 -0.0558405 0.0195552 0.0268566
5.39 -0.0320136 -0.00322654 0.0135752 0.034773
5.4 -0.0182082 -0.105159 0.0254377 0.0312828
5.41 -0.0190011 -0.0647751 0.0453146 0.0491371
5.42 -0.019324 -0.050697 0.0125382 0.0230352
5.43 -0.029423 -0.0538582 0.0253549 0.0388405
5.44 -0.0227964 -0.133545 0.0184905 0.0293526
5.45 -0.0206687 0.0482493 0.0323237 0.0383669
5.46 -0.0417167 -0.122118 0.0576109 0.0711288
5.47 0.000131281 -0.0401969 -0.00668352 0.00668481
5.48 -0.00445317 -0.0330952 0.0187835 0.0193042
5.49 -0.0142221 -0.129816 0.0124759 0.0189187
5.5 -0.014379 0.0175284 0.0191059 0.0239122
5.51 -0.0156299 -0.0129662 0.00669666 0.0170041
5.52 -0.015386 0.00472923 0.00691996 0.0168706
5.53 -0.0196043 0.051736 0.0135754 0.0238457
5.54 -0.0111384 -0.0695521 0.0191883 0.0221868
5.55 -0.00777757 0.00458703 0.0130892 0.0152256
5.56 -0.0242814 -0.0119489 -0.0127496 0.0274252
5.57 -0.022525 -0.0709783 0.0441205 0.0495379
5.58 -0.0118545 -0.00182647 0.0321725 0.034287
5.59 -0.0175071 -0.109993 0.0384788 0.0422743
5.6 -0.0279354 0.0616182 0.0517678 0.0588242
5.61 -0.0113624 0.00245141 0.013099 0.0173403
5.62 -0.0227137 -0.0842093 -0.00686373 0.0237281
5.63 -0.0192112 -0.0152834 -0.000469424 0.0192169
5.64 -0.0145402 -0.0310669 0.0188738 0.0238251
5.65 -0.022345 -0.0579795 -0.0251596 0.0336498
5.66 -0.0107724 -0.0203792 0.025754 0.0279161
5.67 -0.00467714 0.0162687 0.0190328 0.019599
5.68 -0.0169801 -0.0252543 -0.000652708 0.0169927
5.69 -0.0239146 0.027756 0.0449696 0.050933
5.7 -0.0191917 -0.0643503 0.0189532 0.0269731
5.71 -0.00696311 -0.00913669 0.0324936 0.0332313
5.72 -0.0185036 -0.0424271 0.013481 0.0228937
5.73 -0.0198338 -0.0102957 0.0129434 0.0236836
5.74 -0.019698 0.0117198 0.000381168 0.0197017
5.75 -0.0114244 -0.0466072 0.0383829 0.040047
5.76 -0.0289377 0.0752827 0.0261935 0.0390319
5.77 -0.00537842 -0.0722226 -0.00764971 0.00935123
5.78 -0.0144063 -0.0715672 -0.0190098 0.023852
5.79 -0.0237781 0.0857636 0.0194917 0.0307461
5.8 -0.0239964 0.0411558 -0.00602352 0.0247408
5.81 -0.0181875 -0.104881 0.0253674 0.0312136
5.82 -0.0190805 -0.032982 -0.0123771 0.0227433
5.83 -0.019732 0.0340957 0.0390318 0.043736
5.84 -0.00900717 0.125272 0.0203828 0.0222843
5.85 -0.0173831 0.0417777 -0.000256368 0.017385
5.86 -0.0237075 -0.0437107 0.0255092 0.0348247
5.87 -0.0209111 -0.0321434 -0.000397504 0.0209149
5.88 -0.0172604 -0.0163273 0.0381353 0.0418596
5.89 -0.0201831 0.0880476 0.00687742 0.0213227
5.9 -0.0155288 0.00470113 0.0710787 0.0727553
5.91 -0.00839846 0.0269917 0.0131089 0.0155685
5.92 -0.0130669 0.00367422 -0.0132377 0.0186005
5.93 -0.0272511 -0.0104369 0.0320211 0.0420473
5.94 -0.00770139 -0.0267024 0.0254509 0.0265905
5.95 -0.0185627 -0.0823798 0.0318277 0.0368452
5.96 -0.0238935 -0.0840084 0.0318949 0.0398521
5.97 -0.015503 -0.0126211 0.0186575 0.0242579
5.98 -0.0163704 -0.00382651 0.045067 0.0479481
5.99 -0.0106508 -0.0248935 0.0450127 0.0462557
6 -0.0201853 0.0121599 0.0132718 0.0241576
6.01 -0.00362458 -0.0110212 0.0317448 0.031951
6.02 -0.00473357 0.101245 0.0388595 0.0391467
6.03 -0.00564021 0.0348951 -0.0325757 0.0330603
6.04 -0.0167199 0.00119166 0.0253596 0.0303754
6.05 -0.0150345 -0.0177265 0.00659155 0.016416
6.06 -0.0268382 -0.0997794 -0.0260327 0.0373897
6.07 -0.0215108 0.0263695 0.0128892 0.0250768
