0 -0.000322058 0.0178209 0.0129143 0.0129183
0.01 0.0138294 0.0357329 0.0058288 0.0150075
0.02 0.00211688 0.0298502 0.00579761 0.006172
0.03 -0.000818534 0.0672957 0.0451719 0.0451793
0.04 0.00451585 0.00200008 -0.012892 0.01366
0.05 -0.00428466 -0.0508922 0.00610478 0.00745833
0.06 -0.000139381 -0.0350447 0.0252034 0.0252038
0.07 0.00517178 0.130741 -0.012991 0.0139826
0.08 0.00494494 -0.0120104 0.0319137 0.0322946
0.09 -3.18312e-05 -0.00432952 -0.00676238 0.00676246
0.1 0.00202701 0.0479619 0.0186816 0.0187913
0.11 0.00569638 0.0591949 0.00587332 0.00818197
0.12 0.00733421 0.0402073 0.0256225 0.0266515
0.13 0.00622416 0.0900798 0.0314393 0.0320495
0.14 0.000365308 -0.000190828 0.0512004 0.0512017
0.15 0.0092653 0.145725 0.0451063 0.046048
0.16 -0.00195787 0.112535 0.0130237 0.0131701
0.17 0.00216031 0.0834917 0.0318567 0.0319298
0.18 -0.000400306 -0.142762 0.0247821 0.0247853
0.19 0.009756 0.0876282 -0.000403677 0.00976435
0.2 0.0103817 0.0340908 0.00519506 0.0116089
0.21 0.00309092 -0.0327701 0.0379221 0.0380478
0.22 0.0161484 -0.000439602 0.0245955 0.029423
0.23 0.0101921 -0.00602532 0.0187592 0.0213492
0.24 0.0189576 -0.00257998 0.0379923 0.0424594
0.25 0.00364078 0.0290395 0.019424 0.0197622
0.26 0.0104931 0.0426387 0.0315948 0.0332917
0.27 0.0148339 0.0403008 0.0509606 0.0530757
0.28 0.00795764 0.00428833 -0.000135189 0.00795878
0.29 -0.00458976 0.0343109 0.0255525 0.0259615
0.3 0.00731742 -0.0043742 -0.0135063 0.0153611
0.31 -0.00451546 -0.081973 -0.00732415 0.00860422
0.32 -0.0151871 0.0182697 0.01905 0.0243628
0.33 0.00773544 0.000202904 0.0181326 0.0197137
0.34 -0.0022582 0.179816 0.0326296 0.0327077
0.35 0.0125186 -0.025588 0.0382578 0.0402539
0.36 0.0146109 0.0362547 0.0189506 0.0239292
0.37 0.00364951 0.046767 0.0257384 0.0259959
0.38 -0.00124907 0.0988853 0.0192826 0.019323
0.39 0.00150938 0.177474 -0.00642142 0.00659643
0.4 0.0147779 0.0133969 0.0315294 0.0348208
0.41 0.00684263 0.0624925 0.0326534 0.0333627
0.42 0.0029787 0.00282412 0.0184037 0.0186432
0.43 -0.00184323 0.0726946 0.0321846 0.0322373
0.44 -0.00367098 -0.0869792 0.0180883 0.018457
0.45 -0.00168475 0.0454812 0.00672802 0.00693575
0.46 -0.0022559 0.0503372 -0.000413038 0.0022934
0.47 -0.00619372 0.133355 0.032425 0.0330112
0.48 -0.000405544 0.0805462 0.0261368 0.0261399
0.49 0.014017 0.0582709 0.0319131 0.0348558
0.5 0.00123653 -0.201504 0.0368973 0.036918
0.51 -0.00739108 -0.107207 0.0249588 0.0260302
0.52 -0.00109211 0.11173 0.032665 0.0326833
0.53 0.000600645 -6.19576e-05 0.0188537 0.0188633
0.54 0.00347126 0.0202931 0.019006 0.0193204
0.55 -0.00770233 -0.0306061 0.00601625 0.0097735
0.56 -0.00531149 0.0615073 0.00624385 0.00819742
0.57 0.0241476 -0.0275042 0.00527792 0.0247176
0.58 -0.00620042 -0.116889 0.0510047 0.0513802
0.59 -0.00437532 0.0340014 0.0195291 0.0200133
0.6 0.0113781 0.00237584 0.0183934 0.0216282
0.61 -2.60504e-05 0.00429219 0.00649247 0.00649252
0.62 0.00345136 -0.0241263 0.0121949 0.0126739
0.63 0.00704637 0.0581112 0.0449385 0.0454876
0.64 0.00379315 -0.0108995 0.0378081 0.0379979
0.65 0.00729997 0.0401242 0.0192176 0.0205574
0.66 -0.00458117 0.0518773 0.0581231 0.0583034
0.67 0.00654463 0.0229343 0.01288 0.0144474
0.68 -0.00367813 -0.0516003 0.0128305 0.0133473
0.69 -0.00714528 -0.00451726 0.0704211 0.0707827
0.7 -0.00130456 0.107812 0.0131892 0.0132535
0.71 -0.00657157 0.137643 -0.00581028 0.00877182
0.72 -0.00215144 0.103854 -0.0064004 0.00675232
0.73 -0.00117241 0.103427 0.0449846 0.0449999
0.74 0.00673801 0.111749 0.0262679 0.0271184
0.75 -0.000702431 0.0450529 -0.000457541 0.000838304
0.76 0.00526034 0.0951929 0.0126617 0.0137109
0.77 0.00538777 -0.163663 0.037535 0.0379197
0.78 -0.0045916 0.0292698 0.025672 0.0260794
0.79 -0.0124068 0.0341164 0.0132812 0.0181746
0.8 -0.011575 0.0560285 -0.00607139 0.0130707
0.81 -0.00334118 -0.136256 0.00473159 0.00579236
0.82 0.00393202 0.0334326 0.0128465 0.0134348
0.83 0.00240683 0.190266 0.0453595 0.0454233
0.84 0.0047676 -0.137174 0.00559783 0.00735294
0.85 0.0220351 0.0358715 0.0117715 0.0249823
0.86 0.0176984 0.038843 0.0181829 0.0253742
0.87 0.00943873 0.110167 0.00632709 0.0113632
0.88 0.026572 0.0287003 0.0248236 0.0363632
0.89 0.00408694 -0.0200207 0.00549337 0.00684691
0.9 0.0036089 0.00207029 0.0189976 0.0193374
0.91 0.00306008 -0.0105561 0.0442583 0.0443639
0.92 0.0157624 0.0310397 0.0701518 0.0719008
0.93 0.000392722 -0.0673415 0.0384642 0.0384662
0.94 0.00655573 0.0137757 0.025173 0.0260126
0.95 0.0109504 0.0334813 0.0126961 0.0167661
0.96 0.0151439 -0.062663 0.00541244 0.0160821
0.97 -0.000658804 0.0185603 0.0316359 0.0316427
0.98 0.00315536 -0.0105976 0.0186167 0.0188822
0.99 0.00691468 0.0851169 0.0319462 0.032686
1 0.00614533 0.00965048 0.0121323 0.0135999
1.01 0.000624672 -0.00955623 0.0387337 0.0387388
1.02 -0.00671101 0.160254 -0.00655811 0.00938331
1.03 0.0112622 0.00214002 0.0441059 0.045521
1.04 -0.000662195 -0.00373667 0.0188973 0.0189089
1.05 0.00299858 0.0472436 0.0252123 0.02539
1.06 -0.000767252 0.0229001 -0.00628824 0.00633487
1.07 -0.0116975 0.0204469 0.0446817 0.0461876
1.08 0.0165516 -0.179674 0.0374478 0.0409425
1.09 -0.00922931 0.143826 0.0323127 0.033605
1.1 -0.0121072 0.0204062 -0.000316547 0.0121114
1.11 -9.3261e-05 -0.00418523 0.000145456 0.000172786
1.12 -0.00214267 0.0412865 0.0322064 0.0322776
1.13 0.00134385 0.0441285 -0.0137455 0.013811
1.14 0.0186286 0.0734206 0.0130535 0.0227468
1.15 -0.00388082 -0.0112467 0.0127708 0.0133474
1.16 -0.00439798 0.0605906 0.0387601 0.0390088
1.17 -0.000616505 -0.102214 0.0182523 0.0182627
1.18 0.000454199 -0.044846 0.0252203 0.0252244
1.19 -0.000458084 0.0853684 0.0185683 0.018574
1.2 -0.0172264 0.0544609 0.0393797 0.0429826
1.21 0.0120742 0.00621537 -0.0192402 0.022715
1.22 -0.0095639 0.0375647 0.0379086 0.0390964
1.23 0.00754522 0.0043899 0.0123202 0.0144471
1.24 -0.00579291 0.0707302 0.00613572 0.0084383
1.25 0.0129869 -0.137229 0.0180132 0.0222066
1.26 -0.00405284 0.0161609 0.0317541 0.0320117
1.27 0.0112275 -0.0205632 0.0189009 0.0219841
1.28 0.0111195 0.0158257 -0.00109944 0.0111737
1.29 0.00687408 0.0630598 0.0188662 0.0200795
1.3 0.0152621 -0.00917918 -0.0203552 0.0254414
1.31 -0.00956649 0.121945 0.0322343 0.0336239
1.32 -0.00415132 -0.00593345 0.0184042 0.0188665
1.33 0.00262183 0.0298494 0.0251537 0.02529
1.34 -0.00148637 0.0456694 0.0254346 0.025478
1.35 0.00252492 0.0608613 0.0128598 0.0131053
1.36 0.00477844 0.00155976 0.0190963 0.0196851
1.37 -0.00417705 -0.0910432 0.00555306 0.00694869
1.38 0.0102657 0.0697056 0.019108 0.0216911
1.39 -0.000355826 0.0629976 0.0189753 0.0189787
1.4 0.00648592 0.067039 0.019489 0.0205399
1.41 0.00903112 -0.0455445 0.0702373 0.0708155
1.42 -0.00131227 0.0325511 0.0568477 0.0568628
1.43 0.00669204 0.0716221 0.0259487 0.0267977
1.44 0.00347885 0.0113161 0.038478 0.0386349
1.45 0.00279383 0.00244169 0.00616979 0.00677287
1.46 -0.00907972 0.108153 0.0259208 0.0274651
1.47 0.00525512 0.0772837 -0.000833698 0.00532084
1.48 -0.000575514 0.0359689 0.0123791 0.0123924
1.49 0.0060909 0.0771897 0.0119257 0.0133911
1.5 0.00324086 0.00240356 0.0252528 0.0254599
1.51 0.000861785 -0.0496657 0.0189428 0.0189624
1.52 0.00371309 -0.0603778 0.00570673 0.00680836
1.53 0.00762293 -0.0763861 -0.0132782 0.0153108
1.54 0.00445327 0.0421823 0.0579884 0.0581592
1.55 -0.00925502 0.0813557 0.0131225 0.0160579
1.56 0.00587584 0.0547179 0.025402 0.0260727
1.57 -0.000808851 0.0316133 0.0192271 0.0192441
1.58 0.00257923 0.105525 -0.000179681 0.00258548
1.59 1.04094e-05 -3.21583e-05 0.0387902 0.0387902
1.6 0.00457074 -0.0429189 0.00611531 0.0076347
1.61 0.00330234 0.0381098 0.00654611 0.00733192
1.62 0.0114336 -0.0159801 0.0253606 0.0278188
1.63 0.00715924 -0.0892025 -0.0010566 0.00723679
1.64 -0.00602434 0.00365744 0.00562252 0.00824047
1.65 0.00409809 0.00667122 0.0059875 0.00725565
1.66 -0.000933807 0.000619767 -0.00730677 0.0073662
1.67 0.00752976 0.0314507 0.0250102 0.0261191
1.68 -0.000901685 0.0406192 0.0390489 0.0390593
1.69 -0.00209115 -0.060886 0.0511453 0.051188
1.7 0.01158 0.00616426 0.0253326 0.0278538
1.71 0.00219352 0.0343916 0.031499 0.0315753
1.72 0.00308462 0.0252094 0.0766029 0.076665
1.73 -0.0040001 0.0914533 0.0584268 0.0585635
1.74 0.026241 0.0380614 0.0567975 0.0625664
1.75 0.00808457 -0.00479554 0.012702 0.0150566
1.76 0.0114284 -0.0112495 0.00552857 0.0126954
1.77 0.0177568 0.0522327 0.0118763 0.0213624
1.78 0.000242732 -0.0222199 0.018843 0.0188446
1.79 0.0101394 -0.00136432 0.0374444 0.0387929
1.8 -0.00150451 0.0545176 -0.00657344 0.00674342
1.81 -0.00149041 0.0676756 -0.006678 0.0068423
1.82 0.00663651 0.0579094 0.0261938 0.0270214
1.83 -0.00540903 0.0433166 0.0123285 0.0134629
1.84 0.00379512 -0.0377661 0.018648 0.0190303
1.85 0.00544452 0.13045 0.00639476 0.00839855
1.86 -0.000610332 0.0225336 0.0125539 0.0125687
1.87 0.00236006 0.0434611 0.0379779 0.0380511
1.88 0.00616549 0.170035 0.0262469 0.0269614
1.89 -0.00288281 -0.0962302 -0.00740705 0.00794827
1.9 0.00140512 0.0438231 0.00560028 0.00577387
1.91 0.00999293 0.0473575 0.00605834 0.011686
1.92 -0.0055397 0.0165705 0.0447246 0.0450664
1.93 0.0083993 -0.0138201 0.0317086 0.0328021
1.94 0.00281526 0.141304 0.0322056 0.0323284
1.95 0.00364685 -0.0649515 0.018795 0.0191455
1.96 0.0106757 0.0606395 0.012473 0.0164179
1.97 -0.0163617 0.0142429 -0.0262605 0.0309406
1.98 -0.000170984 0.053951 0.0320831 0.0320836
1.99 -0.00324656 -0.0245777 0.0446034 0.0447214
2 -0.00788097 0.000253247 0.0258397 0.0270148
2.01 -0.00547618 0.128003 0.0458772 0.0462028
2.02 0.00206417 0.128017 -0.0132674 0.013427
2.03 0.0657723 0.013172 -0.215825 0.225625
2.04 0.109859 0.0433733 -0.49523 0.507269
2.05 0.131556 -0.147954 -0.749817 0.761271
2.06 0.134454 -0.064988 -0.731589 0.743842
2.07 0.17596 0.0882189 -0.57046 0.596981
2.08 0.172773 0.000619613 -0.455298 0.486977
2.09 0.145897 -0.0536208 -0.51949 0.539588
2.1 0.0930084 -0.100602 -0.700496 0.706644
2.11 0.0440797 -0.154697 -0.943715 0.944744
2.12 -0.00548528 -0.145956 -1.20594 1.20595
2.13 -0.0254409 -0.0444977 -1.38451 1.38474
2.14 -0.0073576 -0.0954043 -1.49542 1.49543
2.15 -9.28864e-05 -0.0016115 -1.52799 1.52799
2.16 0.0411714 0.0218861 -1.72162 1.72211
2.17 0.0486567 0.000256993 -1.90198 1.90261
2.18 0.0317607 0.0112249 -2.10679 2.10703
2.19 0.00623167 -0.00421236 -2.29952 2.29952
2.2 0.00360938 -0.00252568 -2.43553 2.43554
2.21 0.00590816 0.147958 -2.46012 2.46012
2.22 0.00306464 0.0383346 -2.59571 2.59571
2.23 0.0184239 -0.00683973 -2.73763 2.73769
2.24 0.0191373 0.145282 -2.92423 2.92429
2.25 0.0174084 0.168936 -3.16304 3.16308
2.26 0.023707 -0.0123869 -3.46757 3.46765
2.27 0.0112385 0.0796606 -3.70714 3.70716
2.28 0.0537503 0.0494749 -3.77361 3.77399
2.29 0.0500727 -0.130941 -4.41449 4.41477
2.3 0.107018 -0.133387 -4.63631 4.63755
2.31 0.138773 -0.00241618 -4.74617 4.7482
2.32 0.183942 -0.0080533 -4.76189 4.76544
2.33 0.255372 -0.0837233 -4.95184 4.95843
2.34 0.321581 -0.13275 -5.26521 5.27502
2.35 0.375666 -0.276801 -5.6703 5.68273
2.36 0.418574 -0.347616 -6.02786 6.04238
2.37 0.418582 -0.32047 -6.25511 6.2691
2.38 0.480756 -0.172073 -6.42951 6.44746
2.39 0.531178 -0.283387 -6.71645 6.73742
2.4 0.592558 -0.423064 -7.03061 7.05554
2.41 0.672314 -0.439729 -7.31816 7.34898
2.42 0.737793 -0.470685 -7.56019 7.5961
2.43 0.766961 -0.470594 -7.82502 7.86251
2.44 0.777718 -0.432813 -7.96823 8.00609
2.45 0.784145 -0.50301 -8.31083 8.34774
2.46 0.767899 -0.510024 -8.63385 8.66793
2.47 0.777013 -0.430477 -8.85208 8.88612
2.48 0.80036 -0.302095 -9.07091 9.10615
2.49 0.819144 -0.447037 -9.26465 9.30079
2.5 0.845256 -0.324971 -9.43304 9.47083
2.51 0.879943 -0.444721 -9.62848 9.6686
2.52 0.918403 -0.428771 -9.80972 9.85262
2.53 0.945068 -0.370279 -9.82892 9.87425
2.54 0.970263 -0.314681 -9.84859 9.89627
2.55 0.976865 -0.390833 -10.0159 10.0634
2.56 1.01979 -0.328147 -10.2362 10.2869
2.57 1.05186 -0.31664 -10.3547 10.408
2.58 1.0787 -0.355106 -10.5495 10.6045
2.59 1.09164 -0.29227 -10.6475 10.7034
2.6 1.08781 -0.480954 -10.8164 10.8709
2.61 1.06875 -0.442188 -11.042 11.0936
2.62 1.08476 -0.513495 -11.3219 11.3738
2.63 1.091 -0.592965 -11.7122 11.7629
2.64 1.11099 -0.631463 -11.9682 12.0196
2.65 1.15864 -0.701361 -12.0751 12.1306
2.66 1.16136 -0.47633 -12.1589 12.2143
2.67 1.20244 -0.756978 -12.1806 12.2398
2.68 1.21386 -0.738281 -12.3435 12.4031
2.69 1.32268 -0.757012 -12.3918 12.4622
2.7 1.38337 -0.688675 -12.354 12.4312
2.71 1.4133 -0.752432 -12.408 12.4883
2.72 1.43508 -0.704188 -12.4716 12.5539
2.73 1.3991 -0.664863 -12.5351 12.6129
2.74 1.3654 -0.684752 -12.4102 12.4851
2.75 1.29417 -0.59631 -12.2442 12.3124
2.76 1.20235 -0.396697 -12.1932 12.2524
2.77 1.15502 -0.705002 -12.3212 12.3752
2.78 1.13396 -0.512882 -12.6243 12.6752
2.79 1.21057 -0.590985 -12.8407 12.8977
2.8 1.24814 -0.650233 -12.8758 12.9362
2.81 1.31218 -0.650182 -12.7209 12.7884
2.82 1.30922 -0.528269 -12.6728 12.7402
2.83 1.27294 -0.488263 -12.7686 12.8318
2.84 1.29673 -0.65018 -13.0496 13.1139
2.85 1.36368 -0.656133 -13.2155 13.2857
2.86 1.45271 -0.706874 -13.1733 13.2532
2.87 1.50711 -0.566107 -12.9156 13.0033
2.88 1.50491 -0.497723 -12.8424 12.9302
2.89 1.43646 -0.514059 -12.8759 12.9558
2.9 1.36825 -0.605295 -13.0827 13.1541
2.91 1.37331 -0.46179 -13.2902 13.3609
2.92 1.45092 -0.6173 -13.2554 13.3346
2.93 1.49244 -0.531764 -13.2243 13.3083
2.94 1.4786 -0.554474 -13.1727 13.2555
2.95 1.44801 -0.624746 -13.4707 13.5483
2.96 1.44852 -0.793347 -13.8297 13.9054
2.97 1.47504 -0.802238 -13.8972 13.9753
2.98 1.56004 -0.592717 -13.6847 13.7733
2.99 1.60265 -0.761389 -13.4991 13.5939
3 1.58158 -0.676971 -13.38 13.4732
3.01 1.51501 -0.671552 -13.5658 13.6502
3.02 1.48279 -0.677845 -13.7648 13.8444
3.03 1.51406 -0.764599 -13.8033 13.8861
3.04 1.514 -0.716411 -13.5237 13.6082
3.05 1.48297 -0.617886 -13.1837 13.2669
3.06 1.35206 -0.479434 -13.0283 13.0982
3.07 1.28037 -0.487665 -13.2784 13.34
3.08 1.31157 -0.555828 -13.6963 13.7589
3.09 1.44418 -0.741013 -13.9437 14.0183
3.1 1.60104 -0.824526 -13.9073 13.9991
3.11 1.66089 -0.838631 -13.8324 13.9317
3.12 1.62025 -0.728595 -13.7255 13.8208
3.13 1.47292 -0.691682 -13.7055 13.7845
3.14 1.31914 -0.592719 -13.6591 13.7226
3.15 1.22221 -0.622941 -13.5967 13.6515
3.16 1.1993 -0.6006 -13.6428 13.6954
3.17 1.25271 -0.727475 -13.7891 13.8458
3.18 1.38409 -0.76362 -14.0016 14.0699
3.19 1.47325 -0.778811 -13.9714 14.0488
3.2 1.45163 -0.65847 -13.846 13.9219
3.21 1.31427 -0.555822 -13.7344 13.7972
3.22 1.16321 -0.463479 -13.5901 13.6398
3.23 1.09172 -0.4336 -13.5668 13.6106
3.24 1.1047 -0.530317 -13.7377 13.782
3.25 1.2306 -0.687857 -14.0088 14.0627
3.26 1.38528 -0.639792 -14.0269 14.0951
3.27 1.45939 -0.613662 -13.8732 13.9498
3.28 1.44618 -0.636281 -13.6391 13.7156
3.29 1.36555 -0.577184 -13.6609 13.729
3.3 1.25664 -0.541193 -13.8973 13.954
3.31 1.21591 -0.605665 -14.2473 14.2991
3.32 1.28311 -0.710081 -14.3553 14.4125
3.33 1.36247 -0.751733 -14.2401 14.3052
3.34 1.41047 -0.635733 -13.9614 14.0325
3.35 1.37881 -0.563854 -13.862 13.9304
3.36 1.32463 -0.612472 -14.0225 14.0849
3.37 1.37002 -0.619456 -14.1611 14.2272
3.38 1.4205 -0.843778 -14.0674 14.1389
3.39 1.45662 -0.639141 -13.8331 13.9096
3.4 1.44687 -0.682156 -13.8324 13.9079
3.41 1.42368 -0.569545 -14.0129 14.0851
3.42 1.43768 -0.805014 -14.3207 14.3927
3.43 1.48724 -0.843872 -14.4013 14.4779
3.44 1.52583 -1.00669 -14.1971 14.2788
3.45 1.52138 -0.735351 -13.8965 13.9795
3.46 1.38814 -0.621025 -13.9159 13.985
3.47 1.2575 -0.668811 -14.2537 14.3091
3.48 1.22897 -0.682701 -14.5697 14.6214
3.49 1.32365 -0.76511 -14.7537 14.8129
3.5 1.45328 -0.798194 -14.5821 14.6543
3.51 1.50367 -0.669711 -14.401 14.4793
3.52 1.42346 -0.558313 -14.3123 14.383
3.53 1.2925 -0.597928 -14.5347 14.592
3.54 1.21143 -0.654848 -14.7735 14.8231
3.55 1.21491 -0.73703 -15.0723 15.1212
3.56 1.35492 -0.836491 -15.0196 15.0806
3.57 1.47602 -0.688512 -14.8844 14.9574
3.58 1.48223 -0.839822 -14.9364 15.0098
3.59 1.4477 -0.631461 -15.1215 15.1907
3.6 1.42491 -0.52378 -15.0411 15.1084
3.61 1.35889 -0.590438 -14.8305 14.8927
3.62 1.31794 -0.498204 -14.518 14.5777
3.63 1.25263 -0.55109 -14.4606 14.5147
3.64 1.22082 -0.610906 -14.692 14.7426
3.65 1.31654 -0.892825 -15.1462 15.2033
3.66 1.48367 -0.951481 -15.3869 15.4583
3.67 1.6109 -1.04313 -15.32 15.4044
3.68 1.6383 -0.970994 -15.2093 15.2973
3.69 1.54018 -0.937914 -14.9845 15.0634
3.7 1.35998 -0.897739 -15.1343 15.1953
3.71 1.2369 -0.986859 -15.5465 15.5956
3.72 1.24008 -1.10001 -15.8151 15.8637
3.73 1.10653 -0.522378 -12.5376 12.5864
3.74 1.3686 -0.140089 -8.91782 9.02223
3.75 1.11572 0.0479626 -8.95769 9.0269
3.76 0.681754 -0.727555 -22.4482 22.4586
3.77 1.43003 -1.50691 -19.594 19.6461
3.78 2.20698 -0.650747 -13.2415 13.4241
3.79 2.41217 -1.02682 -10.9546 11.217
3.8 2.30514 -1.23276 -10.7069 10.9522
3.81 2.08109 -1.47457 -10.5993 10.8017
3.82 1.7341 -1.53728 -10.0103 10.1594
3.83 1.29116 -1.26286 -8.84187 8.93564
3.84 1.08751 -0.938896 -7.57864 7.65627
3.85 1.02823 -0.806605 -6.50118 6.58199
3.86 0.912294 -0.893289 -6.13847 6.20589
3.87 0.709015 -0.894427 -6.08969 6.13082
3.88 0.460738 -0.872941 -5.89349 5.91148
3.89 0.175962 -0.727633 -4.95401 4.95713
3.9 -0.0299246 -0.376428 -3.75986 3.75998
3.91 -0.165423 -0.0379453 -2.5881 2.59339
3.92 -0.212637 0.103529 -1.50885 1.52376
3.93 -0.213384 0.0830272 -0.710974 0.742305
3.94 -0.241901 0.284183 -0.0998446 0.261697
3.95 -0.179877 0.2293 0.0630571 0.19061
3.96 -0.0294731 0.0543516 -0.0121475 0.0318783
3.97 0.0024308 0.00765397 -0.0200102 0.0201573
3.98 0.00217406 0.025803 0.0380251 0.0380872
3.99 0.0253683 0.0517674 0.011984 0.0280565
4 0.00203399 0.0124219 0.050193 0.0502342
4.01 0.00194607 0.00366708 0.0439144 0.0439575
4.02 0.00574014 0.0234346 0.012587 0.0138341
4.03 0.0154353 -0.161044 0.0112078 0.0190752
4.04 0.0138211 -0.01703 0.0442631 0.0463708
4.05 -0.00522239 0.0166715 0.0316553 0.0320832
4.06 0.0136846 0.00525773 0.0374538 0.0398755
4.07 0.00550262 0.0371421 0.018165 0.0189801
4.08 0.00525947 0.0461708 -0.0203544 0.021023
4.09 0.0144308 0.00473965 0.0123377 0.0189859
4.1 0.0119077 0.166764 -0.00658227 0.0136059
4.11 0.00984358 0.0255362 0.0121504 0.0156374
4.12 0.00225162 -0.0457051 0.0378039 0.0378709
4.13 0.00196993 0.00378236 0.0115297 0.0116967
4.14 0.00414588 -0.0199208 0.0367301 0.0369633
4.15 0.00445031 0.0868908 0.050506 0.0507017
4.16 -0.00684865 0.0755422 0.0320767 0.0327997
4.17 0.00564113 0.090581 0.0448329 0.0451864
4.18 -0.0122177 0.00322477 0.0322479 0.0344848
4.19 0.00250308 0.0565192 0.0197484 0.0199064
4.2 -0.0104128 0.131339 0.00606499 0.0120503
4.21 0.00945766 0.034537 0.0377923 0.0389577
4.22 0.00192358 0.0436281 0.031429 0.0314878
4.23 0.00158962 0.0438834 0.0703401 0.0703581
4.24 0.010303 0.021239 0.0445219 0.0456985
4.25 0.0044568 0.0290725 -0.0144278 0.0151005
4.26 0.0100918 0.0121186 -0.00714639 0.0123659
4.27 0.00435778 0.0867899 0.0186945 0.0191957
4.28 0.00569143 0.0769556 0.0319706 0.0324733
4.29 0.00247963 -0.0141402 0.0310389 0.0311378
4.3 -0.00599741 0.0351766 0.037609 0.0380842
4.31 -0.00596754 0.0663726 0.0635315 0.0638111
4.32 0.00180817 -0.000569105 -0.00113273 0.00213367
4.33 -0.000706732 0.0185103 0.0450138 0.0450194
4.34 0.00133892 0.0618891 0.0123525 0.0124248
4.35 0.00136723 0.133143 0.0771108 0.0771229
4.36 0.00891225 0.0574183 0.0703268 0.0708892
4.37 -0.00232667 0.00619085 0.0122178 0.0124374
4.38 -0.00509499 0.0660582 0.0514906 0.0517421
4.39 0.00302604 0.00273264 0.00614013 0.0068453
4.4 0.0130122 0.0948785 0.0312029 0.0338074
4.41 0.0144625 0.00512624 0.0499401 0.0519921
4.42 0.0164569 0.128751 0.0569369 0.0592675
4.43 0.000855344 0.178113 0.0253701 0.0253845
4.44 -0.00818216 -0.0749934 0.0501796 0.0508423
4.45 -0.000646869 -0.0215296 0.0315871 0.0315937
4.46 -0.00221985 0.0328217 0.012209 0.0124091
4.47 0.00956574 0.0528565 0.0442392 0.0452616
4.48 0.0111921 -0.0605616 0.0311152 0.0330669
4.49 0.0217861 0.0452046 0.0630253 0.0666845
4.5 0.0205853 0.0679486 0.0441242 0.0486898
4.51 -0.00352235 0.239 0.0389182 0.0390773
4.52 0.0138754 0.0276337 0.0312236 0.0341679
4.53 0.0145363 0.0139337 0.0508605 0.052897
4.54 0.00332068 -0.0508724 0.0445885 0.044712
4.55 -0.0208203 0.00819584 0.0188614 0.0280934
4.56 0.00700859 0.0449989 0.0511748 0.0516525
4.57 0.00728747 -0.0266442 0.0635962 0.0640123
4.58 -0.00508073 -0.0235577 0.0637589 0.0639611
4.59 -0.00283151 0.131425 0.0255444 0.0257009
4.6 -0.00250449 0.0728616 0.0705165 0.0705609
4.61 -0.0167606 0.00161327 0.0321971 0.0362984
4.62 -0.00454024 -0.00603859 0.0509832 0.051185
4.63 -0.012503 0.0302542 0.0194881 0.0231541
4.64 0.0100529 0.0522552 0.0576016 0.0584722
4.65 -0.0123298 -0.0639549 0.0251025 0.0279671
4.66 0.0114042 -0.0113452 0.0127772 0.0171264
4.67 -0.00513144 0.0703825 0.0191953 0.0198694
4.68 0.00662464 0.0497728 0.0513174 0.0517433
4.69 0.00328409 -0.0372802 0.0376705 0.0378133
4.7 0.00484874 0.0511525 0.0182376 0.0188711
4.71 0.0103252 0.0387723 0.0573116 0.0582342
4.72 -0.00198625 0.0728472 0.0449511 0.044995
4.73 -0.013226 0.0973276 0.0904075 0.0913698
4.74 -0.0156191 0.0322614 0.0579484 0.0600165
4.75 0.00261825 -0.00581954 0.0441309 0.0442085
4.76 0.0110997 -0.00629582 0.0633979 0.0643622
4.77 -0.00890551 -0.110332 0.0306881 0.0319542
4.78 -0.00151395 0.112659 0.0644244 0.0644422
4.79 0.00238416 0.0660354 0.0506461 0.0507022
4.8 -0.00351347 0.24746 0.0198554 0.0201639
4.81 0.0143813 0.0541764 0.0636758 0.0652796
4.82 0.00535008 0.0995598 0.0196946 0.0204084
4.83 0.013967 0.0144019 0.0444737 0.0466153
4.84 -0.00606259 0.102426 0.0511187 0.051477
4.85 0.0023304 0.0120843 0.0634469 0.0634897
4.86 0.00596754 0.0190075 0.0187377 0.019665
4.87 -0.00123309 0.0367891 0.0513464 0.0513613
4.88 0.00563097 0.0904326 0.0574374 0.0577127
4.89 -0.00197034 0.0684066 0.0510637 0.0511017
4.9 0.0108327 -0.0200222 0.0636056 0.0645214
4.91 -0.00494842 -0.0145712 0.0638354 0.064027
4.92 0.0195033 -0.0832976 0.0827981 0.0850641
4.93 -0.00138988 0.0014661 0.0180502 0.0181037
4.94 0.00908388 0.0262485 0.0307939 0.0321058
4.95 -0.000878626 0.0140103 0.0449565 0.0449651
4.96 -0.00230452 0.0556317 0.0440462 0.0441064
4.97 0.0137778 0.0545613 0.0508867 0.0527189
4.98 0.0138653 0.050125 0.0374895 0.0399714
4.99 0.00270484 0.0790044 0.0511911 0.0512625
5 0.0188715 -0.0421443 0.0433931 0.047319
5.01 0.00140995 0.128495 0.0447771 0.0447993
5.02 -0.00281201 0.0823576 0.044967 0.0450549
5.03 0.00211797 0.00816698 0.0439717 0.0440227
5.04 0.00266324 0.020975 0.0258888 0.0260255
5.05 -0.00145411 0.0631901 0.0518734 0.0518937
5.06 -0.00786779 0.00916581 0.0839426 0.0843105
5.07 -0.0157802 0.0186224 0.045048 0.047732
5.08 0.00236582 0.0520828 0.0512321 0.0512867
5.09 -0.000492902 -0.0310019 0.0573696 0.0573717
5.1 -0.00978513 0.0638046 0.0646878 0.0654237
5.11 -0.00157349 0.0500862 0.0639703 0.0639897
5.12 -0.00109918 0.0856712 0.057945 0.0579554
5.13 -0.00929542 -0.0434751 0.0124185 0.0155121
5.14 0.00214179 -0.00114655 0.0124627 0.0126454
5.15 0.0131788 0.103948 0.0376818 0.0399199
5.16 0.0105198 -0.00595663 0.044477 0.0457042
5.17 0.00618419 0.00107972 0.0440701 0.0445018
5.18 0.00355268 0.0295526 0.038522 0.0386855
5.19 -0.000343326 -0.066675 0.0509752 0.0509764
5.2 0.00377128 -0.0378814 0.0510334 0.0511726
5.21 0.00955417 0.0834978 0.0703023 0.0709485
5.22 -0.00173898 0.0901999 0.0642522 0.0642757
5.23 0.0026008 0.0386787 0.0768548 0.0768988
5.24 0.00250987 0.00760734 0.0829756 0.0830136
5.25 0.00202148 0.0523702 0.0513561 0.0513959
5.26 0.002146 -0.0229917 0.0183198 0.0184451
5.27 0.00311558 -0.0194832 0.0503517 0.050448
5.28 0.00150209 0.128615 0.05145 0.0514719
5.29 0.00113968 0.146838 0.0963373 0.096344
5.3 -0.010432 0.12257 0.0639851 0.06483
5.31 0.00670125 0.0316746 0.0833555 0.0836244
5.32 0.00797146 0.0935782 0.0315086 0.0325013
5.33 0.00930078 0.137496 0.0579663 0.0587077
5.34 -0.00499439 -0.0546986 0.0635162 0.0637122
5.35 0.00922775 0.075118 0.0510403 0.0518677
5.36 0.00336189 0.00717665 0.0447521 0.0448782
5.37 0.000339307 0.0937662 0.0314711 0.031473
5.38 -0.00207635 0.148453 0.0581375 0.0581745
5.39 -0.00850897 -0.0166111 0.0565991 0.0572351
5.4 -0.00278676 0.108997 0.0508194 0.0508958
5.41 0.00948472 0.0567883 0.044399 0.0454008
5.42 0.0164135 0.190914 0.0644362 0.0664938
5.43 -0.00147821 0.0500447 0.0383288 0.0383573
5.44 0.00289937 0.0342756 0.0383565 0.038466
5.45 -0.0160307 -0.021208 0.0644 0.0663652
5.46 -0.0054386 0.0572193 0.025123 0.025705
5.47 -0.00818784 0.0321887 0.0704819 0.0709559
5.48 -0.00894766 0.00117419 0.0186945 0.0207254
5.49 -0.000826522 -0.0304245 0.0437742 0.043782
5.5 -0.000682127 -0.0707959 0.0184247 0.0184374
5.51 -0.0123133 -0.0418324 0.0191725 0.022786
5.52 0.0101977 0.0118643 0.0573907 0.0582897
5.53 0.00554188 0.0417624 0.069776 0.0699957
5.54 0.0137907 0.0410149 0.0639365 0.0654069
5.55 -0.00279925 0.158374 0.0511068 0.0511834
5.56 0.0211111 0.0589573 0.0380302 0.0434969
5.57 0.00182039 0.0523245 0.0901057 0.0901241
5.58 0.0122667 0.144599 0.0379404 0.0398742
5.59 -0.00527749 0.0255789 0.0507005 0.0509744
5.6 -0.00529636 0.0303425 0.0506494 0.0509256
5.61 0.00277482 0.0164733 0.0314985 0.0316204
5.62 -0.00590331 0.00843054 0.0251218 0.0258061
5.63 -0.00458681 0.0207771 0.0249538 0.0253719
5.64 -0.00490433 -0.0726492 0.0243817 0.0248701
5.65 -0.00246512 0.0685559 0.0191057 0.0192641
5.66 0.0106411 -0.0461407 0.024145 0.0263859
5.67 0.00420339 -0.00693552 0.0771024 0.0772169
5.68 -0.00149531 0.01457 0.0508334 0.0508554
5.69 -0.00243463 0.135744 0.0321125 0.0322046
5.7 0.00615295 0.0233133 0.0252676 0.026006
5.71 0.00290513 0.0296864 0.0570736 0.0571475
5.72 0.00268636 0.0743196 0.0771549 0.0772017
5.73 0.00181461 0.0437027 0.0768509 0.0768723
5.74 0.00978971 0.00349267 0.04399 0.0450661
5.75 0.00213845 0.0659387 0.0442056 0.0442573
5.76 -0.00879467 -0.0122019 0.0250392 0.0265388
5.77 -0.00888057 0.0415592 0.044082 0.0449677
5.78 0.00590428 0.0235396 0.0248887 0.0255794
5.79 -0.00228884 0.121896 0.0450001 0.0450583
5.8 0.00367762 0.0246955 0.0768578 0.0769458
