0 -0.0132113 0.150762 -0.0311012 0.0337908
0.01 -0.011707 -0.0197202 -0.0318306 0.0339152
0.02 -0.0247302 0.130921 -0.00536905 0.0253063
0.03 -0.0269235 -0.0194554 -0.0190299 0.0329699
0.04 -0.00549439 0.0436873 -0.0260265 0.0266001
0.05 -0.0154589 -0.0442775 -0.0317225 0.0352887
0.06 -0.0159558 -0.00799392 -0.0191432 0.0249208
0.07 -0.0229162 -0.017273 -0.0441027 0.0497011
0.08 -0.00857694 0.000698515 -0.0450176 0.0458274
0.09 -0.0195556 -0.0149959 -0.000345392 0.0195586
0.1 -0.0145653 -0.102825 -0.000554482 0.0145759
0.11 -0.0262775 -0.0554406 -0.0257801 0.036812
0.12 -0.00371554 -0.02854 -0.0452417 0.045394
0.13 -0.0150153 -0.0798235 -0.0199152 0.0249414
0.14 -0.0164557 -0.00345585 0.00671192 0.0177719
0.15 -0.010586 -0.0694834 2.52719e-05 0.010586
0.16 0.0022633 0.16814 -0.0383197 0.0383865
0.17 0.00427417 -0.020103 0.0127777 0.0134736
0.18 -0.0111909 -0.0062398 -0.00651695 0.0129501
0.19 -0.00687506 -0.0896033 -0.0319623 0.0326933
0.2 -0.0119034 0.074515 -0.00617142 0.0134081
0.21 -0.0124082 -0.00561829 -0.0194938 0.0231078
0.22 0.00158274 0.150451 -0.018839 0.0189053
0.23 -0.0185763 -0.113912 -0.0450759 0.0487536
0.24 -0.00905609 0.0281536 -0.0255688 0.0271252
0.25 -0.0079696 -0.0441518 -0.0451714 0.0458691
0.26 -0.00846105 0.103366 -0.00545717 0.0100683
0.27 -0.0118842 -0.0196507 -0.0254664 0.0281029
0.28 -0.00945182 0.0505388 -0.0452938 0.0462695
0.29 -0.0192759 -0.0240643 -0.038019 0.0426264
0.3 -0.00064555 0.00911782 -0.0124098 0.0124266
0.31 -0.00928341 0.135174 0.00729977 0.0118097
0.32 -0.00784224 -0.0174048 -0.0189976 0.0205526
0.33 -0.0195281 0.0339992 -0.0571709 0.060414
0.34 -0.00396719 -0.0374195 -0.0386834 0.0388863
0.35 -0.0265702 -0.0462989 -0.0186039 0.0324358
0.36 -0.0105691 -0.0341698 0.0137736 0.0173614
0.37 -0.0124452 -0.0146461 -0.0452119 0.0468935
0.38 -0.002669 -0.132532 -0.000514715 0.00271818
0.39 -0.0175353 -0.0560135 0.00640249 0.0186676
0.4 -0.0114329 -0.0734414 -0.0195649 0.0226605
0.41 -0.0108677 -0.0294248 -0.0253733 0.0276027
0.42 -0.0134255 0.048298 -0.0127049 0.018484
0.43 -0.00411101 0.00687525 -0.0190348 0.0194737
0.44 -0.0144276 -0.0851969 -0.0123624 0.0189996
0.45 -0.0131108 0.0619132 -3.44157e-05 0.0131108
0.46 -0.0265211 0.042829 -0.0187005 0.0324512
0.47 -0.015801 -0.0616083 -0.000240187 0.0158029
0.48 -0.00999767 0.0375893 -0.0260965 0.027946
0.49 -0.0060749 -0.0495616 -0.0130248 0.0143719
0.5 -0.0254974 -0.131782 -0.0129609 0.0286025
0.51 -0.0153421 -0.0308702 -0.0126193 0.0198652
0.52 -0.0152272 -0.102457 -0.0387533 0.0416376
0.53 -0.0165619 0.179365 0.00141277 0.016622
0.54 -0.0120642 0.0967069 -0.00573711 0.0133588
0.55 -0.0152142 -0.0134106 0.0133158 0.0202184
0.56 -0.020145 0.0438266 -0.0259167 0.0328252
0.57 -0.00420806 0.0471552 -0.00594896 0.00728683
0.58 -0.0270546 -0.0820325 2.6537e-05 0.0270547
0.59 -0.0150355 -0.04427 -0.00650702 0.0163832
0.6 -0.000364895 0.000171224 -0.0260593 0.0260618
0.61 -0.00465591 -0.0726949 -0.026634 0.0270379
0.62 -0.00188174 0.0947983 -0.0577226 0.0577532
0.63 -0.0124313 0.0209905 -0.025402 0.0282807
0.64 -0.0134654 -0.0366998 -0.0378562 0.0401797
0.65 -0.0189287 -0.0154071 -0.0188267 0.0266972
0.66 -0.0251021 -0.189998 -0.00657564 0.0259491
0.67 -0.0230967 0.0498819 -0.00599481 0.0238621
0.68 -0.00776044 0.0627013 -0.00575397 0.00966088
0.69 -0.0180768 -0.0295515 0.0523107 0.055346
0.7 -0.00423295 0.0781519 -0.0126115 0.0133029
0.71 -0.0197234 0.0520039 -0.00604273 0.0206283
0.72 -0.0030087 -0.0247523 -0.0189464 0.0191838
0.73 -0.0067537 -0.0139835 -0.0187385 0.0199184
0.74 -0.000935166 0.0766891 -0.00652589 0.00659255
0.75 -0.0251215 0.0418979 -0.012325 0.0279821
0.76 -0.0132005 0.0481174 -0.00619414 0.0145816
0.77 -0.0117509 -0.00676062 -0.00595214 0.0131724
0.78 -0.00684803 -0.103202 -0.0135542 0.0151859
0.79 -0.0310796 -0.0795943 -0.0324061 0.044901
0.8 -0.00887091 0.0899537 -0.0187365 0.0207304
0.81 -0.0107126 -0.0695063 -0.0644422 0.0653265
0.82 -0.0229664 0.0230365 -0.0192555 0.0299705
0.83 -0.0104396 -0.0567679 0.000872924 0.010476
0.84 -0.0184397 -0.033607 0.000752797 0.0184551
0.85 -0.0242924 -0.0252689 -0.0449595 0.0511027
0.86 -0.00682766 -0.000312403 0.000255611 0.00683245
0.87 -0.0159687 0.0987168 0.00770203 0.0177291
0.88 -0.00955956 0.0999577 -0.0193623 0.0215936
0.89 -0.00985926 0.0460906 -0.064396 0.0651464
0.9 -0.0171233 0.0908829 -0.00571933 0.0180532
0.91 -0.0111064 -0.029211 -0.0121037 0.0164271
0.92 -0.0118794 -0.0281435 -0.0261864 0.028755
0.93 -0.00384761 -0.037707 0.00607395 0.00719006
0.94 -0.00999017 -0.0610526 0.0195959 0.0219955
0.95 -0.00921718 0.139748 -0.00578909 0.0108844
0.96 -0.0166636 0.0321995 -0.0123034 0.0207136
0.97 -0.0129188 0.101565 -0.0185457 0.0226018
0.98 -0.0154792 0.000704949 -0.0191907 0.0246554
0.99 -0.0151625 -0.0351861 -0.0193442 0.0245785
1 -0.00912653 0.0548539 -0.0192159 0.0212731
1.01 -0.00767614 -0.0441662 -0.025856 0.0269714
1.02 -0.00238164 -0.0385549 0.0194291 0.0195745
1.03 -0.0106635 0.00202481 0.000246495 0.0106664
1.04 -0.0100698 -0.181075 -0.0335979 0.0350745
1.05 -0.00754021 0.0804424 0.00060114 0.00756414
1.06 -0.0207259 -0.00501731 -0.0515976 0.0556047
1.07 -0.0105166 -0.0654134 0.0322671 0.0339376
1.08 -0.013818 -0.272737 -0.0400942 0.0424085
1.09 -0.00899682 0.032075 0.0192756 0.0212718
1.1 -0.0115939 0.0607921 -0.00612311 0.0131115
1.11 -0.0163253 0.000831297 -0.0707347 0.0725942
1.12 -0.0121368 0.0475196 0.00701264 0.0140171
1.13 -0.0194956 0.0834078 0.0134477 0.0236837
1.14 -0.0129919 0.0391862 -0.0254718 0.0285937
1.15 -0.0122691 0.0158934 0.0132747 0.0180762
1.16 -0.0127062 0.0253479 0.00696445 0.0144897
1.17 -0.0141785 -0.0628031 0.00681666 0.0157321
1.18 -0.00511362 0.109942 -0.0252662 0.0257785
1.19 -0.0156984 0.00950729 -0.0124466 0.0200339
1.2 -0.000644123 0.0582814 0.0194888 0.0194994
1.21 -0.00413928 0.0382147 -0.0447751 0.044966
1.22 -0.0229153 -0.0573708 -0.0326613 0.0398983
1.23 0.00369228 -0.0155369 0.0193554 0.0197044
1.24 -7.46015e-05 0.0711851 -0.0058403 0.00584078
1.25 -0.00694087 -0.0715568 -7.40124e-05 0.00694127
1.26 -0.000163974 5.60249e-05 -0.0385553 0.0385557
1.27 -0.00403318 0.060761 -0.0128289 0.0134479
1.28 -0.00443367 0.0113438 0.000456022 0.00445706
1.29 -0.0157794 0.0360788 -0.0186254 0.0244109
1.3 -0.014249 -0.0361028 0.013172 0.0194045
1.31 -0.007734 -0.0215638 -0.0324625 0.0333711
1.32 -0.00916319 0.0363775 -0.0189197 0.0210219
1.33 -0.0112357 -0.00645184 -0.025456 0.0278253
1.34 -0.0148921 -0.0312314 0.000402157 0.0148975
1.35 0.0154228 -0.0181604 -0.0262555 0.0304502
1.36 -0.00318835 -0.0336472 -0.00675935 0.00747358
1.37 -0.0053062 0.127804 -0.0315918 0.0320343
1.38 -0.0119783 0.0297352 -0.0193177 0.02273
1.39 -0.00550155 0.0658554 -0.0258221 0.0264017
1.4 -0.0188767 -0.0241525 -0.00555491 0.0196771
1.41 0.000543208 -0.0987691 -0.0261401 0.0261458
1.42 -0.00647718 -0.0719512 -0.00683283 0.00941496
1.43 -0.00387365 0.0827308 -0.0315229 0.03176
1.44 -0.00792619 -0.0131499 -0.0127757 0.0150347
1.45 -0.00993949 -0.154651 -0.013485 0.0167523
1.46 -0.0189251 -0.0732442 -5.38375e-05 0.0189252
1.47 -0.00902795 -0.0481234 -0.0647991 0.065425
1.48 -0.00498354 0.0298295 -0.0133332 0.0142341
1.49 0.00292331 0.00248331 -0.0130701 0.013393
1.5 -0.0138477 -0.0628965 0.00021999 0.0138495
1.51 -0.0106586 -0.0157359 -0.0258508 0.0279619
1.52 -0.0181736 -0.0915425 -0.0261287 0.0318274
1.53 -0.00433052 -0.0199922 -0.0518822 0.0520626
1.54 -0.0212694 -0.111878 -0.00653935 0.022252
1.55 -0.0156713 0.0317586 -0.00583985 0.016724
1.56 -0.0139971 0.0531736 -0.0449845 0.0471119
1.57 -0.00712316 -0.0760245 -0.0389191 0.0395656
1.58 -0.012291 0.0918466 -0.0121265 0.0172662
1.59 -0.00824773 -0.0619302 -0.0517971 0.0524496
1.6 -0.0194973 0.0917386 -0.0181492 0.0266371
1.61 -0.0300835 -0.0937098 -0.0254268 0.0393896
1.62 -0.022618 -0.0936994 -0.00649101 0.023531
1.63 -0.019217 -0.0106943 -0.0191865 0.0271553
1.64 -0.0246524 -0.163656 -0.00670854 0.0255489
1.65 -0.0119926 0.0740715 -0.0189083 0.0223908
1.66 0.00400019 0.0111397 -0.0194049 0.019813
1.67 -0.00594764 -0.148047 -0.0195312 0.0204167
1.68 -0.0155188 -0.0174484 -0.0128323 0.020137
1.69 0.0040362 -0.0290155 -0.000446893 0.00406086
1.7 0.00253702 0.0209325 -0.0134425 0.0136798
1.71 -0.0039606 -0.0156262 0.0193858 0.0197862
1.72 -0.0150495 -0.0799066 -0.0263175 0.0303166
1.73 -0.00251389 -0.172613 -0.0395836 0.0396634
1.74 -0.00419454 0.046961 0.000523677 0.00422711
1.75 -0.0145237 -0.111538 -0.0260729 0.0298452
1.76 0.00825002 -0.0675491 0.0187563 0.0204905
1.77 -0.0108161 -0.0513614 -0.0317797 0.0335699
1.78 -0.000981189 -0.0660314 -0.0458638 0.0458743
1.79 -0.013717 0.0440856 -0.057519 0.059132
1.8 -0.0169089 0.0773626 -0.0062824 0.0180382
1.81 -0.000932013 -0.00376818 -0.00655307 0.00661902
1.82 -0.00616401 0.0396596 -0.0519803 0.0523445
1.83 -0.00936848 -0.150239 0.0190358 0.0212163
1.84 0.00194653 -0.0590929 -0.0195522 0.0196488
1.85 -0.00980619 -0.119121 -0.000309917 0.00981108
1.86 -0.00790729 0.00472604 -0.0190631 0.020638
1.87 -0.0151254 -0.0261583 0.00637697 0.0164147
1.88 -0.00694028 -0.0449938 -0.012114 0.0139613
1.89 -0.0184601 -0.113857 -0.0193955 0.0267761
1.9 -0.0140722 -0.174596 -0.0455487 0.047673
1.91 0.000406181 -0.0445543 -0.03905 0.0390521
1.92 -0.0407952 0.0592954 -0.256399 0.259624
1.93 -0.171806 -0.0464293 -1.0655 1.07926
1.94 -0.213498 -0.0542 -1.6213 1.63529
1.95 -0.156574 -0.0585391 -1.5113 1.51939
1.96 -0.0163855 -0.152113 -1.15389 1.15401
1.97 0.0905177 -0.046032 -0.8397 0.844564
1.98 0.127011 -0.177047 -0.723466 0.73453
1.99 0.139764 -0.144207 -0.916993 0.927583
2 0.0972089 -0.17498 -1.31061 1.31421
2.01 0.0768329 -0.343413 -1.74491 1.7466
2.02 0.0626771 -0.302855 -2.0943 2.09524
2.03 0.0916388 -0.34698 -2.3492 2.35099
2.04 0.147466 -0.372028 -2.5077 2.51203
2.05 0.222189 -0.448637 -2.635 2.64435
2.06 0.392554 -0.542965 -3.03186 3.05717
2.07 0.39404 -0.49229 -3.28291 3.30648
2.08 0.420603 -0.548011 -3.55486 3.57966
2.09 0.409998 -0.542236 -3.7162 3.73875
2.1 0.44417 -0.562649 -3.84072 3.86632
2.11 0.469846 -0.475372 -4.00299 4.03047
2.12 0.499573 -0.819014 -4.22529 4.25472
2.13 0.516349 -0.632068 -4.46929 4.49901
2.14 0.515375 -0.683733 -4.68245 4.71072
2.15 0.476011 -0.739602 -4.89996 4.92302
2.16 0.463776 -0.687232 -5.04626 5.06752
2.17 0.441749 -0.601978 -5.21243 5.23112
2.18 0.433969 -0.626793 -5.48996 5.50708
2.19 0.453426 -0.632867 -5.7359 5.75379
2.2 0.451243 -0.609011 -5.9029 5.92013
2.21 0.436064 -0.688255 -6.09041 6.106
2.22 0.425595 -0.646297 -6.23795 6.25245
2.23 0.450848 -0.61296 -6.32865 6.34469
2.24 0.493141 -0.711047 -6.4735 6.49226
2.25 0.559325 -0.587092 -6.64408 6.66758
2.26 0.643078 -0.821961 -6.81669 6.84696
2.27 0.712707 -0.744106 -6.98176 7.01804
2.28 0.726535 -0.824753 -7.16925 7.20597
2.29 0.707204 -0.906511 -7.24015 7.27461
2.3 0.69453 -0.756422 -7.35386 7.38659
2.31 0.674245 -0.743497 -7.46195 7.49235
2.32 0.690637 -0.815101 -7.61065 7.64193
2.33 0.670759 -0.824925 -7.77194 7.80083
2.34 0.672923 -0.749204 -7.94637 7.97481
2.35 0.644831 -0.806688 -8.15182 8.17728
2.36 0.612176 -0.67941 -8.32997 8.35243
2.37 0.58304 -0.786359 -8.51075 8.5307
2.38 0.607776 -0.724985 -8.66 8.6813
2.39 0.628408 -0.85326 -8.87487 8.89709
2.4 0.624443 -0.788299 -9.08926 9.11068
2.41 0.635367 -0.865465 -9.31031 9.33197
2.42 0.64472 -1.1024 -9.47398 9.49589
2.43 0.655223 -1.00158 -9.60886 9.63117
2.44 0.659437 -0.843408 -9.71159 9.73396
2.45 0.698518 -0.974081 -9.90065 9.92526
2.46 0.742876 -0.880942 -10.0245 10.052
2.47 0.73831 -1.15479 -10.2339 10.2605
2.48 0.76585 -0.953195 -10.3953 10.4235
2.49 0.778936 -0.983507 -10.5251 10.5539
2.5 0.779038 -1.02818 -10.596 10.6246
2.51 0.777576 -1.03676 -10.6671 10.6954
2.52 0.784256 -0.845283 -10.777 10.8055
2.53 0.792131 -1.14974 -10.895 10.9238
2.54 0.804408 -1.06036 -10.9153 10.9449
2.55 0.80509 -1.02188 -11.0324 11.0618
2.56 0.862876 -1.12037 -11.0662 11.0998
2.57 0.888476 -1.09193 -11.0546 11.0902
2.58 0.914818 -1.11789 -11.0938 11.1315
2.59 0.91363 -1.05103 -11.1256 11.1631
2.6 0.934814 -0.99281 -11.2992 11.3378
2.61 0.93444 -1.12581 -11.4679 11.5059
2.62 0.930005 -1.1314 -11.5328 11.5702
2.63 0.909061 -1.06542 -11.4998 11.5357
2.64 0.881999 -1.07943 -11.4589 11.4928
2.65 0.837718 -1.05664 -11.4826 11.5131
2.66 0.825692 -1.24061 -11.7232 11.7522
2.67 0.816702 -1.13723 -11.9494 11.9773
2.68 0.863184 -1.29124 -12.0304 12.0613
2.69 0.889512 -1.20939 -12.0121 12.045
2.7 0.88634 -1.19861 -11.9534 11.9863
2.71 0.861677 -1.13004 -11.9713 12.0023
2.72 0.806875 -1.11893 -11.9244 11.9517
2.73 0.795491 -1.13418 -11.8979 11.9244
2.74 0.782055 -1.10342 -11.9683 11.9938
2.75 0.776745 -1.04694 -12.0456 12.0706
2.76 0.761872 -1.27445 -12.1823 12.2061
2.77 0.792001 -1.14565 -12.1564 12.1822
2.78 0.778525 -1.13824 -11.9614 11.9867
2.79 0.726528 -1.07908 -11.7523 11.7747
2.8 0.648638 -1.11628 -11.7626 11.7805
2.81 0.609141 -1.07322 -11.885 11.9006
2.82 0.637507 -1.13589 -12.0033 12.0202
2.83 0.731126 -1.20712 -11.9883 12.0105
2.84 0.79164 -1.18258 -11.8946 11.9209
2.85 0.804596 -1.33358 -11.8574 11.8846
2.86 0.7563 -1.125 -11.9133 11.9373
2.87 0.682831 -1.2401 -12.0399 12.0593
2.88 0.652707 -1.28868 -12.1246 12.1421
2.89 0.707717 -1.17101 -12.1907 12.2112
2.9 0.774966 -1.27561 -12.186 12.2106
2.91 0.81081 -1.2358 -12.0826 12.1097
2.92 0.807001 -1.0954 -12.0424 12.0694
2.93 0.767191 -1.15552 -12.1705 12.1947
2.94 0.720555 -1.22054 -12.2211 12.2423
2.95 0.714336 -1.13236 -12.2453 12.2661
2.96 0.715027 -1.11094 -12.2054 12.2263
2.97 0.75791 -1.06653 -12.1856 12.2091
2.98 0.822321 -1.08414 -12.207 12.2347
2.99 0.836834 -1.12108 -12.3304 12.3588
3 0.846207 -1.1404 -12.3962 12.425
3.01 0.822685 -1.17574 -12.371 12.3983
3.02 0.846187 -1.17276 -12.3638 12.3927
3.03 0.831275 -1.13318 -12.39 12.4179
3.04 0.840409 -1.13907 -12.448 12.4763
3.05 0.854634 -1.08108 -12.5194 12.5486
3.06 0.867811 -1.04583 -12.546 12.5759
3.07 0.903334 -1.17973 -12.5416 12.5741
3.08 0.92292 -1.18276 -12.4718 12.5059
3.09 0.924288 -1.15668 -12.4388 12.4731
3.1 0.892047 -1.18591 -12.5477 12.5793
3.11 0.868213 -1.17065 -12.7086 12.7383
3.12 0.84198 -1.19832 -12.6874 12.7153
3.13 0.785821 -1.12721 -12.6903 12.7146
3.14 0.730544 -1.10548 -12.6994 12.7204
3.15 0.700596 -1.13581 -12.7444 12.7636
3.16 0.726503 -1.11685 -12.7324 12.7531
3.17 0.785598 -1.13516 -12.7417 12.7659
3.18 0.83919 -1.124 -12.801 12.8285
3.19 0.83755 -1.18121 -12.9512 12.9783
3.2 0.826043 -1.23655 -13.0614 13.0875
3.21 0.8333 -1.16926 -13.0402 13.0668
3.22 0.771991 -1.06567 -12.9711 12.9941
3.23 0.74017 -0.935139 -12.8792 12.9005
3.24 0.75104 -1.05487 -12.9181 12.9399
3.25 0.777295 -1.14328 -13.0514 13.0746
3.26 0.861078 -1.09722 -13.1599 13.188
3.27 0.914974 -1.26932 -13.2795 13.311
3.28 0.93507 -1.23697 -13.2657 13.2986
3.29 0.904644 -1.11551 -13.0023 13.0337
3.3 0.7975 -1.00056 -12.6334 12.6585
3.31 0.665705 -0.932614 -12.4869 12.5046
3.32 0.621611 -0.928087 -12.6561 12.6714
3.33 0.723782 -1.18819 -12.9685 12.9887
3.34 0.963793 -1.37213 -13.1366 13.1719
3.35 1.11451 -1.3985 -13.1368 13.184
3.36 1.20077 -1.40251 -12.9512 13.0067
3.37 1.17801 -1.35202 -12.7807 12.8349
3.38 1.02799 -1.27282 -12.7599 12.8013
3.39 0.845554 -1.19054 -12.8751 12.9028
3.4 0.781469 -1.23573 -13.0083 13.0317
3.41 0.80101 -1.16661 -13.1112 13.1356
3.42 0.900225 -1.17377 -13.036 13.0671
3.43 0.973158 -1.25817 -13.0447 13.081
3.44 0.915717 -1.24528 -13.0624 13.0945
3.45 0.875347 -1.17157 -13.1056 13.1348
3.46 0.853221 -1.18026 -13.2605 13.2879
3.47 0.875947 -1.19447 -13.2618 13.2907
3.48 0.905951 -1.18177 -13.1576 13.1887
3.49 0.913345 -1.13238 -13.1889 13.2205
3.5 0.859544 -1.21062 -13.3759 13.4035
3.51 0.837004 -1.19213 -13.5756 13.6014
3.52 0.811944 -1.50274 -13.6218 13.646
3.53 0.817491 -1.18161 -13.5735 13.5981
3.54 0.773835 -1.35139 -13.5207 13.5429
3.55 0.768666 -1.05912 -13.5375 13.5594
3.56 0.757643 -1.09322 -13.6402 13.6612
3.57 0.782757 -1.11037 -13.77 13.7922
3.58 0.867371 -1.00666 -13.7009 13.7283
3.59 0.940021 -1.13671 -13.5747 13.6072
3.6 0.93976 -1.03969 -13.4686 13.5013
3.61 0.867635 -0.910677 -13.5046 13.5324
3.62 0.824567 -1.10313 -13.6981 13.7229
3.63 0.844814 -1.04839 -13.7633 13.7892
3.64 0.910206 -1.14731 -13.6616 13.6919
3.65 0.952033 -1.09749 -13.612 13.6452
3.66 0.937639 -1.00004 -13.5587 13.5911
3.67 0.934123 -1.02386 -13.7141 13.7459
3.68 0.934712 -1.09182 -13.9478 13.979
3.69 0.9882 -1.26809 -14.0301 14.0649
3.7 1.04951 -1.21631 -14.0066 14.0459
3.71 1.03073 -1.17408 -13.9345 13.9725
3.72 1.0151 -1.09713 -13.9652 14.0021
3.73 0.989417 -1.16631 -14.1594 14.194
3.74 0.991395 -1.27471 -14.3355 14.3697
3.75 1.04863 -1.26093 -14.3059 14.3442
3.76 1.05931 -1.12579 -14.129 14.1687
3.77 1.0641 -1.16839 -14.1031 14.1432
3.78 1.05164 -1.14391 -14.1079 14.1471
3.79 1.03535 -1.20519 -14.2501 14.2877
3.8 1.06667 -1.23787 -14.2774 14.3172
3.81 1.08725 -1.11692 -14.4007 14.4417
3.82 1.11719 -1.18474 -14.2716 14.3153
3.83 1.1233 -1.25162 -14.128 14.1726
3.84 1.10321 -1.09206 -13.9114 13.9551
3.85 1.05883 -1.05162 -13.9879 14.0279
3.86 1.07399 -1.17217 -14.2747 14.3151
3.87 1.14956 -1.20056 -14.4786 14.5242
3.88 1.23381 -1.23459 -14.5333 14.5856
3.89 1.29249 -1.09276 -14.5469 14.6042
3.9 1.28815 -1.1666 -14.417 14.4744
3.91 1.25878 -1.15334 -14.4281 14.4829
3.92 1.16724 -1.13311 -14.5106 14.5574
3.93 1.12944 -1.11492 -14.6388 14.6823
3.94 1.23359 -1.22321 -14.6688 14.7206
3.95 1.32974 -1.22477 -14.7042 14.7642
3.96 1.37537 -1.16322 -14.7159 14.78
3.97 1.37691 -1.16065 -14.741 14.8051
3.98 1.36738 -1.04393 -14.7837 14.8468
3.99 1.38677 -0.971399 -14.7965 14.8613
4 1.20882 -0.608523 -13.0397 13.0956
4.01 1.21312 -0.291347 -9.63013 9.70624
4.02 0.978313 -0.0248472 -9.66392 9.71331
4.03 0.947957 -0.798449 -18.5935 18.6177
4.04 0.729424 -1.72734 -19.7721 19.7856
4.05 1.87937 -1.135 -15.4004 15.5146
4.06 2.36098 -1.11789 -12.0069 12.2369
4.07 2.296 -1.28835 -11.0938 11.3289
4.08 2.09613 -1.66415 -11.1425 11.338
4.09 1.59025 -2.0634 -11.2154 11.3276
4.1 1.03498 -2.02288 -10.6745 10.7246
4.11 0.673557 -1.61068 -9.50924 9.53306
4.12 0.654788 -1.26837 -7.98739 8.01418
4.13 0.870473 -1.05136 -6.80716 6.86259
4.14 1.1432 -1.00744 -6.02654 6.13401
4.15 1.21987 -1.05142 -5.48593 5.61992
4.16 1.08175 -0.884672 -4.76517 4.88641
4.17 0.811112 -0.56867 -3.86689 3.95104
4.18 0.517048 -0.273017 -3.14935 3.19151
4.19 0.230979 -0.0969868 -2.42861 2.43957
4.2 0.0222027 0.150595 -1.82169 1.82182
4.21 -0.166601 -0.0301437 -1.34267 1.35297
4.22 -0.251513 0.273221 -0.785573 0.824854
4.23 -0.276279 0.248449 -0.214771 0.349938
4.24 -0.255922 0.369435 0.219288 0.337021
4.25 -0.111937 0.167401 0.0954928 0.147135
4.26 -0.00672689 0.0365149 -0.0329536 0.0336332
4.27 -0.00344933 -0.0736065 6.16353e-05 0.00344988
4.28 -0.00104834 0.165976 -0.0644882 0.0644967
4.29 -0.0106744 0.158323 -0.0128273 0.0166878
4.3 -0.000476729 -0.124503 -0.033509 0.0335123
4.31 0.00664581 0.0316754 -0.0257634 0.0266068
4.32 -0.00483547 -0.0230996 -0.0325843 0.0329412
4.33 -0.025684 0.1096 0.000429348 0.0256876
4.34 -0.0116421 -0.0552229 -4.6162e-05 0.0116422
4.35 -0.00178562 0.0502728 -0.012601 0.0127269
4.36 0.00260106 -0.0503815 -0.0201364 0.0203037
4.37 -0.00461011 -0.0327287 -5.92741e-05 0.00461049
4.38 -0.00181599 0.0148117 0.044825 0.0448618
4.39 0.00732576 -0.0801331 0.00542162 0.00911377
4.4 -0.0277768 -0.0453874 -0.0452971 0.0531354
4.41 -0.0015704 -0.0168185 -0.0191673 0.0192315
4.42 -0.000296272 -0.102436 -0.000881702 0.000930148
4.43 -0.0172446 0.0152632 -0.0189431 0.0256168
4.44 -0.0058031 0.0837924 0.0132742 0.0144872
4.45 0.00577971 0.0189482 0.0125671 0.0138325
4.46 -0.0170254 0.0637745 0.0260073 0.0310845
4.47 -0.0119078 -0.0904712 0.0120795 0.0169621
4.48 -0.0125812 -0.0141831 -0.0127328 0.0179
4.49 -0.0206132 -0.0406311 -0.00693819 0.0217496
4.5 -0.00624034 0.150741 0.00726881 0.00958005
4.51 -0.0197741 -0.0278571 0.019433 0.0277246
4.52 -0.0177339 0.0106623 -0.00593365 0.0187002
4.53 -0.00244604 0.0062977 0.018852 0.01901
4.54 -0.00748328 -0.0395696 0.0255258 0.0266001
4.55 -0.0079015 -0.0707293 0.0310674 0.0320564
4.56 -0.0101765 -0.00223691 -0.0262518 0.0281552
4.57 -0.00542311 0.0527982 0.00609642 0.00815944
4.58 0.00726015 -0.0487148 0.00559662 0.00916689
4.59 -0.0153582 -0.0303724 0.01211 0.0195583
4.6 -0.00837755 -0.0528651 0.0190748 0.0208335
4.61 -0.00857884 -0.0433013 0.00555659 0.0102212
4.62 -0.00742006 -0.0667414 0.0257133 0.0267625
4.63 -0.00526971 0.0526133 0.0321169 0.0325464
4.64 -0.0059726 -0.00490728 -0.0324979 0.0330421
4.65 -0.000260961 -0.0173196 0.000481814 0.000547946
4.66 0.00201009 0.0258591 -0.000530198 0.00207884
4.67 -0.00791978 -0.0394025 0.0189762 0.0205626
4.68 0.00206576 0.0303038 -0.0261551 0.0262365
4.69 -0.00524247 0.0750258 0.0124707 0.0135278
4.7 -0.00409251 -0.0819459 -0.00724605 0.00832189
4.71 0.00397237 -0.0378356 0.0122838 0.0129101
4.72 -0.0121633 -0.0548854 0.0315807 0.0338421
4.73 -0.0100837 0.113829 0.0128632 0.0163445
4.74 0.0104872 0.0564957 0.0382575 0.0396689
4.75 -0.00144871 0.1039 0.0327741 0.0328061
4.76 -0.0231999 -0.0438539 -0.012591 0.0263963
4.77 -0.00822438 -0.06608 -0.000833338 0.00826649
4.78 -0.00931963 -0.0115022 0.0124498 0.0155516
4.79 0.00666514 -0.0307633 0.0253775 0.0262382
4.8 -0.0279243 -0.0142829 0.0132451 0.0309063
4.81 -0.0104521 0.171496 0.0456769 0.0468575
4.82 -0.00287474 0.0202885 -0.000817626 0.00298875
4.83 -0.00545607 0.101718 0.0578463 0.058103
4.84 0.00848925 0.0803726 -0.0137338 0.0161457
4.85 0.00447999 -0.154125 0.0182723 0.0188135
4.86 -0.0101912 0.0285665 0.0321264 0.0337041
4.87 -0.0114812 -0.180189 0.0118899 0.0165284
4.88 -0.0348133 -0.112839 -0.0265454 0.0437792
4.89 -0.00808392 -0.0527184 0.0121373 0.014583
4.9 -0.013379 -0.0716818 -0.026568 0.0297466
4.91 -0.00547643 0.034678 0.0322345 0.0326964
4.92 4.62956e-06 -0.00865398 0.0255354 0.0255354
4.93 -0.000597146 -0.0258676 0.0189629 0.0189723
4.94 0.00278076 0.0384668 0.0130344 0.0133277
4.95 -0.0111608 -0.0778176 0.0317784 0.0336813
4.96 -0.0113791 -0.122425 0.00626256 0.0129886
4.97 0.0071631 -0.00843491 0.0186825 0.0200086
4.98 -0.00541161 -0.00991186 -0.0127524 0.0138531
4.99 -0.00281153 -0.0739084 0.0192531 0.0194573
5 0.00244258 -0.0231681 0.00532016 0.00585408
5.01 -0.00871492 0.00538842 0.0129602 0.0156178
5.02 0.00988181 0.0971191 0.0129121 0.0162595
5.03 -0.00301538 0.087061 -0.019822 0.0200501
5.04 -0.00398047 -0.0374059 0.00623797 0.00739976
5.05 -0.00358371 0.136712 -0.0194494 0.0197768
5.06 -0.00821102 -0.0437956 0.0255537 0.0268405
5.07 -0.00552539 -0.0277659 0.0443152 0.0446584
5.08 -0.00506643 0.025612 0.0255994 0.026096
5.09 -0.0149799 -0.155971 0.0119586 0.0191678
5.1 -0.0136455 0.0530159 0.0259955 0.0293593
5.11 -0.0101043 0.0107778 0.0253064 0.027249
5.12 0.00545777 0.027501 0.000101034 0.0054587
5.13 -0.00408806 0.00274512 0.00679032 0.00792595
5.14 -0.00737676 -0.151543 0.0245519 0.0256362
5.15 -0.00657969 0.0624019 0.012709 0.0143112
5.16 -0.0173153 -0.0513618 -0.0262298 0.0314296
5.17 -0.00136302 0.0235563 0.0509093 0.0509275
5.18 0.00793549 -0.0357237 -0.0328424 0.0337875
5.19 -0.0155812 -0.159993 0.025065 0.0295132
5.2 -0.00406894 0.0204404 0.0518944 0.0520537
5.21 0.00362798 -0.0601879 0.0187439 0.0190917
5.22 0.000907852 0.102766 -0.0132957 0.0133266
5.23 -0.0112458 -0.041616 0.00676057 0.0131214
5.24 -0.00359789 -0.0822562 0.0509656 0.0510924
5.25 -0.00921521 0.0193749 0.012801 0.0157729
5.26 -0.0019026 0.0102827 0.00547508 0.00579624
5.27 0.00244131 -0.00164614 -0.006601 0.00703798
5.28 0.00225055 -0.00138241 -0.0067094 0.00707679
5.29 -0.00235351 0.0999046 0.0129134 0.0131261
5.3 -0.0154893 -0.0797387 0.0257042 0.0300104
5.31 -0.000472445 -0.030544 0.00590652 0.00592539
5.32 -0.000240829 0.0137083 0.0641479 0.0641484
5.33 -0.000625945 0.072073 0.0451583 0.0451626
5.34 -0.00419448 -0.0106945 0.0264749 0.0268051
5.35 0.0195065 -0.0381802 0.0378059 0.0425416
5.36 -0.00516673 0.0211162 0.00602983 0.00794065
5.37 -0.00340927 0.185012 0.00656456 0.00739707
5.38 -0.00445331 -0.0106166 0.0387004 0.0389558
5.39 -0.00910217 0.0904584 0.0393842 0.0404223
5.4 -0.00579174 0.0171394 0.025268 0.0259233
5.41 -0.0110974 -0.0463382 -0.0124276 0.0166612
5.42 0.00262858 0.00770076 -0.000189915 0.00263543
5.43 -0.0120882 0.00326638 0.0130081 0.0177577
5.44 -0.000493278 0.00108626 0.0250155 0.0250204
5.45 0.00306742 -0.0193525 0.0123375 0.0127131
5.46 -0.0145148 -0.0807801 0.0261734 0.0299287
5.47 -0.00657474 0.0446412 -0.0133883 0.0149156
5.48 -0.0121095 -0.0103633 0.0196562 0.0230869
5.49 -0.00506742 -0.00093147 0.0125009 0.0134889
5.5 0.00300222 0.025257 0.0321863 0.0323261
5.51 -0.000523966 0.0140324 0.00597445 0.00599739
5.52 -0.000114717 -0.00854704 0.0321702 0.0321704
5.53 -0.0105237 -0.194065 0.0185277 0.0213078
5.54 -0.00256181 0.0288627 0.0119723 0.0122434
5.55 0.00211574 0.0257853 0.0126153 0.0127915
5.56 -0.0135387 0.0796467 0.0259867 0.0293019
5.57 0.0138243 0.00544777 0.00560947 0.014919
5.58 0.00553948 0.162154 0.0260467 0.0266293
5.59 -0.0244121 -0.029266 0.0187708 0.0307943
5.6 -0.0121473 0.0564778 0.0712498 0.0722778
5.61 -0.00969083 0.0598592 0.0196085 0.0218725
5.62 -0.000181402 -0.0489517 0.0319212 0.0319217
5.63 -0.0161314 -0.0256841 0.0196937 0.0254571
5.64 -0.0148499 -0.120098 0.00605914 0.0160385
5.65 -0.00281449 -0.0735853 0.0253146 0.0254706
5.66 -0.00865896 0.0322922 0.0323914 0.0335288
5.67 -0.0167407 0.0460326 0.0390083 0.0424487
5.68 0.00144537 0.0176732 0.018616 0.018672
5.69 -0.0169524 0.0688394 -0.0187606 0.0252852
5.7 -0.00469822 -0.0548554 0.0253779 0.0258091
5.71 -0.00628667 0.0265567 0.0186872 0.0197164
5.72 -0.0147406 0.0851151 0.0193642 0.0243363
5.73 -0.00824719 -0.0170122 0.0383121 0.0391897
5.74 -0.00794282 0.00984599 0.00672949 0.0104103
5.75 -0.011244 -0.127134 0.031994 0.0339123
5.76 -0.0115021 -0.0776921 -0.000415193 0.0115096
5.77 -0.0155521 -0.0299468 0.0443161 0.0469657
5.78 -0.0165464 -0.0117264 -0.0197556 0.0257695
5.79 -0.000543458 -0.0171959 0.0188391 0.0188469
5.8 -0.0192896 -0.130748 0.0249767 0.0315583
5.81 -0.0132992 0.0258618 0.00670889 0.0148956
5.82 -0.0100649 0.00647218 -0.0261044 0.0279775
5.83 0.0079164 -0.0669717 0.00516087 0.00945007
5.84 -0.00125223 0.0190937 0.00624172 0.00636609
5.85 0.00211551 -0.0102263 0.0506697 0.0507138
5.86 -0.0128882 0.065979 0.00683636 0.0145891
5.87 -0.00543293 -0.0367522 -0.00064456 0.00547103
5.88 0.00215368 0.0390586 -0.0198765 0.0199928
5.89 -0.00502951 -0.0102978 -0.0136524 0.0145494
5.9 -0.0151671 -0.120038 -0.00712702 0.0167581
5.91 -0.00825182 -0.00835836 0.0127767 0.0152097
5.92 -0.00225247 0.0149787 0.0382761 0.0383423
5.93 -0.00377135 0.0468075 0.051994 0.0521306
5.94 -0.00094585 0.00553285 0.038607 0.0386186
5.95 -0.0155467 -0.0439451 0.0387709 0.0417718
5.96 -0.00813363 -0.0351697 0.0192988 0.0209428
5.97 0.00241174 0.0122566 0.00619352 0.00664652
5.98 -0.00643147 0.0669476 0.0188981 0.0199625
5.99 0.00225496 0.0700978 0.0127892 0.0129864
6 0.00216009 -0.00983369 0.0182146 0.0183423
6.01 -0.0159919 -0.0520767 0.0250287 0.0297015
6.02 0.00257687 0.0389051 0.0315938 0.0316987
6.03 -0.00340214 -0.0644302 0.0131753 0.0136074
6.04 -0.00807576 -0.0483432 0.0250315 0.026302
6.05 -0.00529659 0.043734 -0.00620557 0.00815862
6.06 0.00731108 -0.106643 0.0121059 0.0141423
6.07 -0.00609868 0.0399879 -0.00685864 0.00917795
6.08 0.00286413 0.0208597 0.0133922 0.013695
6.09 -0.00237082 0.135135 0.0202575 0.0203957
6.1 -0.0110002 0.0830002 -0.00637665 0.0127148
6.11 -0.0171251 0.0149756 0.0258136 0.0309776
6.12 -0.0127521 -0.00535032 0.00577133 0.0139973
6.13 -0.0198243 -0.0367104 0.0123808 0.0233728
6.14 -0.0112203 -0.117751 0.0249858 0.0273896
6.15 -0.00769358 0.000332173 0.00687041 0.0103147
6.16 -0.00471862 -0.000605089 0.063287 0.0634626
6.17 -0.0120115 -0.00146007 0.0133304 0.0179436
6.18 -0.0136385 0.110982 0.0197568 0.0240071
6.19 0.00311713 -0.0463301 0.00605237 0.00680791
6.2 -0.00380325 -0.0601152 0.00621041 0.00728244
6.21 -0.00140105 -0.012015 0.0120926 0.0121735
6.22 -0.016281 0.00998891 0.0260881 0.0307516
6.23 -9.40359e-05 -0.0309094 0.0384384 0.0384386
6.24 -0.00939562 0.0904728 0.0200687 0.0221592
6.25 -0.0151145 -0.128642 0.00503041 0.0159297
6.26 -0.00853069 -0.0302212 0.0381073 0.0390505
6.27 0.00395051 -0.0421778 0.0191699 0.0195728
6.28 -0.013928 0.0889901 0.0325514 0.035406
6.29 -0.00375368 -0.077825 0.0253051 0.0255819
6.3 -0.0114491 -0.0598941 0.0259558 0.0283687
6.31 -0.012745 -0.0369475 0.00644015 0.0142797
6.32 0.00379493 -0.0379273 0.044901 0.0450611
6.33 -0.00112178 0.023039 0.00643709 0.00653411
6.34 -0.0204812 -0.0544455 0.0257298 0.0328862
6.35 -0.00472071 -0.0148944 0.0128925 0.0137296
6.36 -0.00581523 0.0305571 -0.000315997 0.00582381
6.37 -0.000662621 -0.0169279 -0.00077907 0.00102275
6.38 -0.000612508 -0.0307144 0.0126116 0.0126265
6.39 -0.000355917 -0.0395956 -0.0200465 0.0200496
6.4 -0.0111358 -0.153933 0.0248626 0.0272425
6.41 -0.0131999 -0.00939666 0.0186427 0.0228427
6.42 0.0062345 0.0100941 0.0248686 0.0256382
6.43 0.0118192 -0.0158741 0.0513508 0.0526935
6.44 0.00289035 -0.00591103 -0.0130141 0.0133312
6.45 0.0140121 0.00550704 0.0117794 0.0183055
6.46 -0.00695271 0.151362 0.013648 0.015317
6.47 -0.014008 0.0489407 -0.000423163 0.0140144
6.48 -0.0153329 -0.048178 0.0384489 0.0413935
6.49 -0.00913771 0.00552228 -0.0133715 0.0161955
6.5 -0.0163085 -0.0348824 0.000678183 0.0163226
6.51 -0.00405827 -0.0818628 -0.000843694 0.00414505
6.52 -0.00521069 -0.0232378 -0.0197856 0.0204602
6.53 0.0028902 0.00335682 0.0123632 0.0126965
6.54 -0.0018373 0.0946881 0.0137205 0.0138429
6.55 0.00282112 -0.0328014 0.0124742 0.0127892
6.56 -0.00523578 0.0075977 -0.00019768 0.00523951
6.57 -0.0169686 0.0146288 0.0195172 0.0258622
6.58 -0.0116968 -0.0331242 0.0386754 0.0404055
6.59 0.00825228 -0.0493169 0.0383132 0.0391918
6.6 -0.0213461 0.0756774 0.00681484 0.0224075
6.61 -0.00840004 -0.0129041 0.00658756 0.010675
6.62 -0.0157604 -0.0301223 0.0119635 0.0197868
6.63 -0.00490078 -0.0237696 -6.15018e-05 0.00490116
6.64 -0.0123578 0.00305428 0.038953 0.0408663
6.65 0.00149084 0.0928359 -0.0258161 0.0258591
6.66 -0.00537993 -0.00952527 0.0248501 0.0254258
6.67 -0.00537671 0.106117 0.0260921 0.0266403
6.68 -0.00139186 0.0415434 0.0317468 0.0317773
6.69 0.00887631 -0.0718835 0.00597895 0.0107022
6.7 -0.00857009 -0.0123629 0.00641075 0.0107025
6.71 -0.0129208 0.0349254 0.038367 0.0404842
6.72 -0.00118857 0.0277527 0.0197665 0.0198022
6.73 -0.0114854 -0.135704 -0.000305778 0.0114894
6.74 -0.0199974 -0.0102594 -0.00047335 0.020003
6.75 0.000335657 0.0716497 -0.0326602 0.0326619
6.76 0.00249428 0.0161519 0.0197675 0.0199242
6.77 -0.0183813 0.0560755 -5.66193e-05 0.0183814
6.78 -0.00105376 -0.0126256 0.00590457 0.00599787
6.79 -0.0135136 0.0261714 0.0127348 0.0185686
6.8 -0.0134494 0.0481826 0.0196799 0.0238366
6.81 -0.0128574 0.00791448 0.012299 0.0177927
6.82 -0.0179849 0.0245641 -0.00682577 0.0192366
6.83 -0.00709998 -0.0803355 0.0382983 0.0389508
6.84 -0.0099033 0.0333023 0.00647182 0.0118305
6.85 -0.000546424 -0.0263017 0.025777 0.0257828
6.86 -0.00844358 -0.0214272 -0.00589125 0.0102957
6.87 0.00897019 -0.134641 0.0315461 0.0327966
6.88 -0.00759415 -0.0441942 -0.00657612 0.0100457
6.89 -0.00624911 0.119803 0.00641402 0.00895494
6.9 -0.0120572 -0.0323391 0.0635269 0.064661
6.91 -0.0157186 -0.0390162 0.0378372 0.0409723
6.92 -0.00402066 -0.0689116 0.0191735 0.0195906
6.93 -0.00572689 -0.00481058 -0.0260574 0.0266793
6.94 -0.0129852 0.106259 0.0199229 0.023781
6.95 -0.00403401 -0.0553455 -0.0190155 0.0194387
6.96 -0.00925405 -0.0655602 0.0186158 0.0207891
6.97 -0.0130533 0.00347989 -0.00676505 0.0147022
6.98 -0.00603261 0.0444005 0.00630609 0.00872693
6.99 -0.00900613 0.0104242 0.0186619 0.0207214
7 -0.0147508 -0.0620119 0.00649396 0.016117
7.01 -0.00361026 -0.0647864 0.0322142 0.0324159
7.02 -0.0122038 0.0162217 0.0583963 0.0596579
7.03 -0.00383746 -0.0375585 -0.00652862 0.00757291
7.04 -0.0028387 0.153593 0.0257481 0.0259042
7.05 -0.00903003 0.0811751 0.0196332 0.0216103
7.06 0.00098341 0.0354847 0.0119817 0.012022
7.07 -0.0133625 0.0303939 0.0128599 0.0185454
7.08 -0.00730027 -0.0310174 0.0324157 0.0332276
7.09 -0.00131471 -0.043156 0.0118499 0.0119226
7.1 -0.0130734 -0.0411006 0.0126793 0.018212
7.11 0.0138614 0.00520776 0.00595031 0.0150846
7.12 0.00577649 -0.00318787 -0.0264269 0.0270508
7.13 -0.00928521 0.0592664 0.0388327 0.0399274
7.14 -0.00917188 -0.0522163 0.00617738 0.0110582
7.15 -0.0210198 0.00394273 0.00697257 0.0221461
7.16 -0.000947052 0.0364838 0.0258133 0.0258306
7.17 -0.00502783 -0.00541789 0.0124817 0.0134563
7.18 -0.0115519 -0.175947 -0.0268102 0.0291931
7.19 -0.00452035 -0.018933 0.00609795 0.00759069
7.2 -0.000765823 0.0720636 0.0256104 0.0256218
7.21 -0.00379804 -0.0554168 0.0251686 0.0254536
7.22 -0.00145973 0.0547295 0.0123649 0.0124508
7.23 -0.000630789 -0.0125984 0.00598331 0.00601647
7.24 0.00111055 0.0624124 -0.013236 0.0132825
7.25 0.0138712 -0.0304747 -0.0199939 0.0243344
