0 0.00323209 -0.015324 0.0189352 0.0192091
0.01 0.0061603 0.174766 0.00641489 0.00889382
0.02 0.00389752 -0.0599758 -0.00720105 0.00818815
0.03 0.00377285 0.11816 0.013463 0.0139817
0.04 0.00878654 -0.0762504 -0.00105712 0.0088499
0.05 0.0123556 -0.0563022 -0.0388953 0.0408106
0.06 0.00912165 0.155507 -0.0195343 0.021559
0.07 0.0112329 0.0201468 -0.000198945 0.0112346
0.08 -0.00712332 -0.0761856 -0.0126655 0.0145312
0.09 0.0104367 0.0383942 -0.0193136 0.0219531
0.1 0.00662258 0.0675522 -0.00629442 0.00913665
0.11 0.0206139 0.00575677 0.0254359 0.0327402
0.12 0.0192691 0.00210995 0.00620217 0.0202426
0.13 0.0146908 0.0313663 -0.0130453 0.0196469
0.14 0.0177681 0.0696567 -0.01301 0.0220219
0.15 0.0199025 0.0106232 -0.0263923 0.0330554
0.16 0.0170784 0.101344 -0.0518092 0.0545515
0.17 0.0210116 0.103825 -0.0261715 0.0335624
0.18 0.0149949 0.0222129 -0.00657299 0.0163723
0.19 0.00138591 -0.157043 0.0244667 0.024506
0.2 0.00163563 0.0524449 -0.0260269 0.0260783
0.21 0.0258409 0.105112 -0.0265153 0.0370245
0.22 0.00576496 0.0500933 -0.00670236 0.00884061
0.23 0.0346985 0.0287244 -0.0459672 0.0575931
0.24 -9.2708e-05 0.00916697 -0.00643488 0.00643555
0.25 -0.00485422 0.02971 -0.00631941 0.00796859
0.26 0.0159843 0.022095 0.00595213 0.0170565
0.27 0.00956463 0.0745396 0.00606448 0.0113252
0.28 -0.00103585 -0.021293 -0.0134814 0.0135212
0.29 0.000285607 -0.0267072 -0.0397467 0.0397478
0.3 0.0118545 0.0112554 -0.0330488 0.0351106
0.31 0.00519565 0.153496 -0.0517149 0.0519753
0.32 0.0158579 0.0218914 -0.00712313 0.0173843
0.33 0.00302627 0.118698 0.0134405 0.013777
0.34 0.0190996 0.0160033 -0.000553709 0.0191077
0.35 0.000345878 -0.0403452 -0.0389605 0.038962
0.36 0.0118364 -0.0828314 -0.0264285 0.028958
0.37 0.0114872 0.0378099 0.0388121 0.0404763
0.38 0.00934808 0.2177 0.0134123 0.0163486
0.39 0.00304057 0.0517216 0.0193703 0.0196075
0.4 -0.000183205 0.0715819 -0.0129243 0.0129256
0.41 0.0139958 0.183427 -0.0118666 0.0183493
0.42 0.0103832 0.0298837 -0.0454428 0.0466139
0.43 0.0228102 0.0626458 -0.00685982 0.0238193
0.44 0.014364 0.0897486 -0.00662588 0.0158185
0.45 0.00196383 -0.0367273 -0.0459056 0.0459476
0.46 0.0152945 -0.0491528 0.00577806 0.0163496
0.47 0.0285679 -0.150857 0.0115953 0.0308314
0.48 0.00208369 0.10159 -0.000183883 0.00209179
0.49 0.0261063 0.0336633 -0.0205666 0.0332344
0.5 0.0114197 -0.00633737 -0.00712759 0.0134615
0.51 0.00258205 0.13711 0.0127969 0.0130548
0.52 0.0108348 0.0694181 -0.0258999 0.0280749
0.53 0.0087714 -0.0450857 -0.0454627 0.0463011
0.54 0.00972683 0.230868 -0.0120252 0.0154666
0.55 -0.000357725 -0.00878605 -0.0317265 0.0317285
0.56 0.0117118 0.0244381 0.0256471 0.0281947
0.57 0.0302682 0.0397257 -0.0264341 0.0401861
0.58 0.00437381 0.028696 0.0129707 0.0136883
0.59 0.0188312 0.0424958 0.0122362 0.0224575
0.6 0.0189893 0.00209133 -0.0328936 0.0379814
0.61 0.0104598 0.0117854 -0.0134054 0.0170033
0.62 0.00361249 0.0603789 -0.00631881 0.00727856
0.63 0.0156638 -0.000141816 -0.0199707 0.0253807
0.64 0.00276024 0.0609903 -0.0194875 0.019682
0.65 0.0147433 0.0227624 -0.000890417 0.0147702
0.66 0.0127346 -0.0433155 -0.0129406 0.0181557
0.67 0.0159991 -0.0409577 0.00618041 0.0171514
0.68 0.0185311 0.100509 0.00646297 0.0196258
0.69 0.0139219 0.0716843 0.0258389 0.0293508
0.7 0.0217882 0.125216 -0.0256038 0.0336197
0.71 0.0128456 -0.0385298 -0.00709232 0.0146735
0.72 0.0118384 -0.00710476 -0.00656932 0.013539
0.73 -0.00767586 -0.0122782 0.0183213 0.0198643
0.74 0.00838871 -0.013949 0.0191713 0.0209262
0.75 0.000365645 0.0133421 -0.00677151 0.00678137
0.76 0.0107805 0.0115437 -0.00739759 0.0130745
0.77 -0.0003567 0.0271862 -0.0195036 0.0195069
0.78 0.0299857 0.0756998 -0.0198782 0.0359762
0.79 0.0234151 0.101995 0.0387042 0.0452359
0.8 0.00660769 0.107965 -0.000184168 0.00661026
0.81 -0.000159762 -0.021789 -0.0326982 0.0326986
0.82 0.00217396 0.0167159 -0.0387468 0.0388078
0.83 0.00736814 0.0178314 -0.013032 0.0149707
0.84 0.00747602 0.0133501 0.0260071 0.0270603
0.85 0.00987013 -0.0679968 -0.0399411 0.0411425
0.86 0.0152567 0.0180301 -0.0202729 0.0253724
0.87 0.00984236 0.0791269 -0.00698562 0.0120694
0.88 0.0177594 0.0387184 -0.0138641 0.0225302
0.89 0.00770468 0.311963 -0.00507333 0.00922501
0.9 0.00288983 0.186265 -0.00604655 0.00670163
0.91 0.00777278 0.0133348 -0.0132455 0.0153577
0.92 0.0151698 0.0584585 -0.0197914 0.0249364
0.93 0.0180371 0.0338768 -0.0260385 0.0316756
0.94 0.0157045 0.0220763 -0.0331443 0.0366766
0.95 0.0174592 0.119372 -0.0259765 0.0312986
0.96 0.00978827 0.057264 -0.0265376 0.0282853
0.97 0.0216816 0.02788 -0.0204363 0.0297949
0.98 0.018952 0.00217016 -0.00698149 0.020197
0.99 0.0148253 0.0359451 0.0129241 0.0196678
1 0.00303239 0.0473463 0.00647547 0.00715032
1.01 0.0135937 0.090332 -0.000516563 0.0136035
1.02 0.00231582 0.0698121 0.0069982 0.00737142
1.03 0.0305025 0.0129693 0.0057652 0.0310426
1.04 0.002391 0.0922745 -0.026026 0.0261356
1.05 0.0151432 0.0267586 -0.00038387 0.015148
1.06 0.0185714 0.0292411 0.00590028 0.0194862
1.07 0.0190379 -0.0648017 -0.0205615 0.0280217
1.08 0.0228809 0.0132862 0.0182619 0.0292752
1.09 0.00627272 0.161972 -0.00665888 0.0091481
1.1 0.0225155 0.0133159 -0.00668235 0.0234862
1.11 -0.00930201 0.108191 -0.0380461 0.0391668
1.12 0.0189681 0.113694 0.00643464 0.0200299
1.13 0.0173977 0.0610256 -0.000931294 0.0174226
1.14 0.00835407 -0.0272233 -0.00690685 0.0108395
1.15 0.015809 -0.00470204 -0.00684436 0.017227
1.16 -0.000789946 0.0494893 0.0129396 0.0129637
1.17 0.0109257 0.0201943 0.000265919 0.010929
1.18 -0.00344878 -0.0602542 -0.0065187 0.00737479
1.19 0.0152181 0.0490599 -0.00715511 0.0168163
1.2 -0.000426077 0.10307 -0.00638759 0.00640178
1.21 0.00295735 0.0827005 -0.0127039 0.0130436
1.22 0.0112183 0.0420241 -0.0448457 0.0462275
1.23 0.00462906 -0.0108326 0.0243089 0.0247458
1.24 0.0305869 0.0219056 0.0192203 0.0361245
1.25 0.0076055 0.000180932 0.0122301 0.0144021
1.26 0.0267228 0.0329425 -0.0001899 0.0267235
1.27 0.00771669 -0.00430121 -0.00729885 0.0106217
1.28 0.0101109 0.0207269 -0.0388142 0.0401095
1.29 0.00475154 -0.0205304 -0.013764 0.0145611
1.3 0.0207535 -0.0393326 0.00626933 0.0216798
1.31 0.0121671 0.0195074 0.0322471 0.0344661
1.32 -0.000621433 0.0411211 -0.000617935 0.000876369
1.33 0.00175186 0.155435 -0.0389731 0.0390124
1.34 0.00232794 0.0298833 -0.0193035 0.0194434
1.35 0.0231298 0.0264316 -0.0130749 0.0265696
1.36 0.00624401 0.0545458 -0.00710991 0.00946248
1.37 0.0154581 0.0311059 -0.0130931 0.0202579
1.38 -0.00462521 0.0878184 1.41417e-05 0.00462523
1.39 0.00672227 0.0360559 0.026189 0.027038
1.4 0.00419121 0.0333351 0.0257565 0.0260952
1.41 0.0139391 0.139228 0.00611943 0.0152232
1.42 0.0229758 -0.00937552 -0.0261797 0.0348319
1.43 0.00728124 0.045049 -0.0070877 0.0101613
1.44 0.0183518 0.0248522 -0.00703203 0.0196529
1.45 0.00414933 -0.0603641 -0.0391366 0.0393559
1.46 0.010869 0.0468615 -0.013159 0.0170674
1.47 0.0157648 0.031078 -0.0386966 0.0417846
1.48 0.0195579 0.0107495 -1.46363e-05 0.019558
1.49 0.013265 0.0637199 -0.0393329 0.0415095
1.5 0.0111127 -0.0287684 -0.0265771 0.0288069
1.51 0.0109049 0.0386137 0.0248377 0.0271262
1.52 0.0116365 -0.0335329 -0.00717248 0.0136694
1.53 0.0150393 -0.013406 -0.000973705 0.0150708
1.54 0.0208783 0.0456559 -0.0330081 0.0390568
1.55 0.0110049 0.0206505 -0.000648177 0.011024
1.56 0.00514949 0.113208 -0.0257812 0.0262905
1.57 0.00354483 0.0160706 -0.0260055 0.026246
1.58 0.010101 0.159183 -0.0252454 0.0271912
1.59 0.00722712 0.0137571 -0.025764 0.0267584
1.6 0.00521988 0.063868 -0.0257981 0.0263209
1.61 0.00445932 -0.0156164 -0.0320871 0.0323955
1.62 0.00318114 -0.0373488 -0.0329313 0.0330846
1.63 0.00670135 0.0453882 -0.0260086 0.026858
1.64 0.00741339 0.0538742 0.0192424 0.0206211
1.65 0.00412771 -0.064887 0.0191417 0.0195817
1.66 0.0107956 0.0870957 -0.00620432 0.0124515
1.67 0.0141843 0.116704 -0.00624015 0.0154963
1.68 0.0305135 0.0398419 -0.0451322 0.0544793
1.69 0.00997005 0.0967672 -0.032442 0.0339394
1.7 0.00687144 -0.0260192 0.0055817 0.0088528
1.71 0.00710399 0.0451185 -0.000723463 0.00714074
1.72 0.0180846 0.0207356 -0.0590923 0.0617976
1.73 -0.00362201 -0.0018956 -0.00033166 0.00363716
1.74 0.0112613 -0.0110315 -0.000712269 0.0112838
1.75 0.0149311 0.0133927 0.00615521 0.01615
1.76 0.00441808 -0.109516 -0.0204493 0.0209212
1.77 0.0178712 0.163392 -0.00641446 0.0189875
1.78 0.013828 0.134442 0.000271148 0.0138307
1.79 0.0142999 0.174273 -0.00539422 0.0152835
1.8 0.0268566 0.00187113 -0.0389499 0.0473114
1.81 -0.000711061 0.0180575 -0.0321549 0.0321628
1.82 0.0154085 -0.0446902 0.00556483 0.0163826
1.83 -0.00624451 -0.183541 -0.046123 0.0465438
1.84 0.0144211 0.102362 -0.0961597 0.097235
1.85 0.0377186 -0.093588 -0.361073 0.363038
1.86 0.0477856 -0.125547 -0.816153 0.817551
1.87 0.103899 -0.111868 -0.728408 0.73578
1.88 0.145728 -0.143169 -0.548675 0.567698
1.89 0.16707 -0.130128 -0.322287 0.363017
1.9 0.147516 -0.189808 -0.175336 0.229137
1.91 0.141693 -0.0702811 -0.200045 0.245143
1.92 0.101928 -0.15195 -0.27687 0.295036
1.93 0.0852753 -0.0781873 -0.442737 0.450875
1.94 0.0844307 -0.0815846 -0.700214 0.705286
1.95 0.0892458 0.000674348 -0.886551 0.891032
1.96 0.0832149 0.0222301 -0.962331 0.965922
1.97 0.0990353 -0.0132743 -0.968985 0.974033
1.98 0.0992498 -0.0583603 -1.06623 1.07084
1.99 0.110905 -0.132127 -1.18947 1.19463
2 0.0843472 -0.017727 -1.36202 1.36463
2.01 0.0932774 -0.0672253 -1.46553 1.46849
2.02 0.0781409 -0.178366 -1.51804 1.52005
2.03 0.0984651 0.0143377 -1.61391 1.61691
2.04 0.0959844 0.0693013 -1.75557 1.75819
2.05 0.114858 -0.0177422 -1.88599 1.88949
2.06 0.134305 -0.0699268 -1.95136 1.95598
2.07 0.135238 0.00529263 -2.07429 2.0787
2.08 0.160774 -0.0452291 -2.22413 2.22993
2.09 0.16803 -0.0675115 -2.36025 2.36622
2.1 0.181204 -0.0888878 -2.5352 2.54166
2.11 0.178497 0.0240539 -2.65187 2.65787
2.12 0.188745 -0.0666063 -2.73058 2.7371
2.13 0.207849 0.0243469 -2.85307 2.86063
2.14 0.226649 -0.0226236 -2.95029 2.95898
2.15 0.225184 -0.0571041 -3.08087 3.08909
2.16 0.231729 -0.141424 -3.29339 3.30153
2.17 0.269536 -0.160136 -3.4111 3.42173
2.18 0.277535 -0.138085 -3.52236 3.53328
2.19 0.293647 -0.21007 -3.60738 3.61931
2.2 0.316394 -0.170773 -3.5251 3.53927
2.21 0.305893 -0.20039 -4.04835 4.05989
2.22 0.323341 -0.379258 -4.26313 4.27538
2.23 0.327636 -0.328267 -4.46425 4.47626
2.24 0.379872 -0.271392 -4.51734 4.53328
2.25 0.433229 -0.313483 -4.52018 4.5409
2.26 0.479417 -0.405227 -4.61807 4.64289
2.27 0.499903 -0.328061 -4.70288 4.72937
2.28 0.50975 -0.321222 -4.7738 4.80093
2.29 0.50677 -0.350248 -4.88294 4.90917
2.3 0.489852 -0.276538 -5.10769 5.13113
2.31 0.47632 -0.343086 -5.39892 5.41989
2.32 0.447254 -0.387334 -5.56672 5.58466
2.33 0.462599 -0.468305 -5.7022 5.72093
2.34 0.492655 -0.320989 -5.83876 5.8595
2.35 0.518049 -0.336806 -6.00038 6.02271
2.36 0.531525 -0.287079 -6.0923 6.11544
2.37 0.54165 -0.467961 -6.37148 6.39447
2.38 0.580161 -0.437815 -6.57317 6.59872
2.39 0.623102 -0.432838 -6.82076 6.84916
2.4 0.673525 -0.454931 -7.03696 7.06912
2.41 0.725257 -0.483212 -7.18695 7.22345
2.42 0.786053 -0.374274 -7.35116 7.39307
2.43 0.818596 -0.484342 -7.50223 7.54676
2.44 0.867908 -0.510114 -7.74376 7.79225
2.45 0.923813 -0.500457 -7.84179 7.89602
2.46 0.954487 -0.541912 -7.9787 8.03559
2.47 0.978697 -0.587511 -8.12915 8.18786
2.48 0.999755 -0.461591 -8.30966 8.36959
2.49 1.01093 -0.575138 -8.49116 8.55113
2.5 1.0239 -0.172333 -8.70881 8.76879
2.51 1.02298 -0.769627 -8.94974 9.00801
2.52 1.02613 -0.552862 -9.16928 9.22652
2.53 1.02326 -0.47144 -9.2904 9.34658
2.54 1.04047 -0.429825 -9.38121 9.43873
2.55 1.0849 -0.524641 -9.43384 9.49602
2.56 1.14625 -0.522878 -9.55134 9.61988
2.57 1.18069 -0.509099 -9.72117 9.79261
2.58 1.21056 -0.577224 -9.90873 9.98241
2.59 1.23123 -0.545407 -10.0458 10.121
2.6 1.22613 -0.539028 -10.1283 10.2022
2.61 1.23958 -0.468228 -10.075 10.151
2.62 1.23433 -0.452217 -9.96316 10.0393
2.63 1.21342 -0.381728 -9.97482 10.0484
2.64 1.18212 -0.501501 -10.0838 10.1528
2.65 1.17018 -0.574166 -10.3444 10.4103
2.66 1.20528 -0.586795 -10.593 10.6613
2.67 1.27686 -0.616745 -10.7909 10.8662
2.68 1.30989 -0.570273 -10.8183 10.8973
2.69 1.29569 -0.593598 -10.7452 10.8231
2.7 1.28129 -0.572031 -10.627 10.704
2.71 1.21478 -0.52622 -10.6818 10.7507
2.72 1.15625 -0.437151 -10.8094 10.8711
2.73 1.14923 -0.494172 -10.9386 10.9988
2.74 1.17078 -0.507457 -11.0482 11.11
2.75 1.18655 -0.477387 -11.0548 11.1183
2.76 1.20494 -0.376866 -11.0344 11.1
2.77 1.10967 -0.497321 -11.0387 11.0943
2.78 1.05711 -0.442345 -11.0224 11.0729
2.79 1.00571 -0.450374 -11.0086 11.0544
2.8 0.990753 -0.494479 -11.1194 11.1634
2.81 1.02021 -0.574454 -11.226 11.2723
2.82 1.08787 -0.579869 -11.3844 11.4363
2.83 1.1505 -0.573769 -11.5236 11.5809
2.84 1.19733 -0.593903 -11.4805 11.5428
2.85 1.16775 -0.660765 -11.3837 11.4434
2.86 1.09759 -0.612234 -11.4263 11.4789
2.87 1.02754 -0.64026 -11.7011 11.7461
2.88 1.00388 -0.630643 -11.972 12.014
2.89 1.08239 -0.572372 -12.0573 12.1058
2.9 1.16391 -0.632481 -11.9957 12.0521
2.91 1.20804 -0.575209 -11.9206 11.9817
2.92 1.17145 -0.544623 -11.9062 11.9637
2.93 1.12022 -0.710161 -12.0425 12.0945
2.94 1.12294 -0.698957 -12.251 12.3023
2.95 1.17712 -0.938327 -12.2867 12.343
2.96 1.24917 -0.599153 -12.1958 12.2596
2.97 1.24754 -0.670798 -12.1489 12.2128
2.98 1.24634 -0.655901 -12.1564 12.2202
2.99 1.2555 -0.723772 -12.334 12.3978
3 1.26518 -0.694286 -12.5052 12.5691
3.01 1.32375 -0.913646 -12.4637 12.5338
3.02 1.35294 -0.85206 -12.2939 12.3682
3.03 1.34122 -0.796342 -12.2336 12.3069
3.04 1.33209 -0.738811 -12.2767 12.3487
3.05 1.35714 -0.821144 -12.5307 12.604
3.06 1.40381 -0.6758 -12.6884 12.7659
3.07 1.43342 -0.832088 -12.6251 12.7062
3.08 1.43366 -0.809693 -12.5473 12.629
3.09 1.37299 -0.777265 -12.4277 12.5033
3.1 1.30234 -0.76541 -12.4971 12.5648
3.11 1.29684 -0.833101 -12.6663 12.7325
3.12 1.37927 -0.923285 -12.8832 12.9569
3.13 1.46603 -0.763479 -12.9551 13.0378
3.14 1.51958 -0.783368 -12.9243 13.0133
3.15 1.52586 -0.828818 -12.7738 12.8646
3.16 1.48768 -0.743967 -12.5974 12.6849
3.17 1.44283 -0.738782 -12.7318 12.8133
3.18 1.48126 -0.873766 -13.0139 13.098
3.19 1.58018 -0.826957 -13.3371 13.4304
3.2 1.66932 -1.09097 -13.4979 13.6007
3.21 1.73187 -1.00843 -13.4282 13.5395
3.22 1.7497 -0.934783 -13.2391 13.3543
3.23 1.70588 -0.948805 -13.1263 13.2366
3.24 1.6511 -0.880458 -13.2413 13.3439
3.25 1.67512 -0.931919 -13.4469 13.5508
3.26 1.78799 -1.16312 -13.6159 13.7328
3.27 1.89924 -1.10316 -13.5091 13.642
3.28 1.95212 -1.14443 -13.4392 13.5803
3.29 1.95917 -1.13532 -13.4524 13.5944
3.3 1.92365 -1.1003 -13.4835 13.62
3.31 1.85965 -1.08836 -13.578 13.7048
3.32 1.88885 -1.11562 -13.6178 13.7481
3.33 1.95982 -1.07851 -13.5021 13.6436
3.34 1.97977 -0.934162 -13.4338 13.5789
3.35 1.96106 -1.06805 -13.4379 13.5803
3.36 1.89754 -0.835814 -13.601 13.7327
3.37 1.83708 -1.02889 -13.8066 13.9283
3.38 1.86563 -0.969489 -13.9436 14.0679
3.39 1.85111 -1.0055 -13.9319 14.0543
3.4 1.85937 -0.987706 -13.8984 14.0223
3.41 1.77879 -0.937705 -13.8764 13.99
3.42 1.73986 -1.05144 -14.0582 14.1655
3.43 1.75127 -1.13029 -14.274 14.381
3.44 1.82972 -1.16439 -14.4387 14.5542
3.45 1.93453 -1.05832 -14.4457 14.5746
3.46 1.88528 -0.947018 -14.4482 14.5706
3.47 1.75614 -0.94688 -14.4814 14.5875
3.48 1.63044 -1.10583 -14.5561 14.6472
3.49 1.60138 -0.998337 -14.5808 14.6685
3.5 1.60894 -1.07869 -14.6472 14.7353
3.51 1.66483 -1.07256 -14.8111 14.9043
3.52 1.71062 -1.01051 -14.8571 14.9552
3.53 1.69396 -0.85608 -14.8082 14.9048
3.54 1.60112 -0.901324 -14.738 14.8247
3.55 1.47796 -0.963161 -14.7992 14.8728
3.56 1.43319 -0.873179 -14.8899 14.9587
3.57 1.46181 -1.06884 -15.068 15.1387
3.58 1.54039 -0.978828 -15.116 15.1943
3.59 1.64525 -1.08311 -14.9888 15.0788
3.6 1.6435 -0.996713 -14.9426 15.0327
3.61 1.54252 -1.05993 -15.0111 15.0902
3.62 1.43096 -1.12071 -15.0279 15.0958
3.63 1.42001 -1.05687 -15.0153 15.0823
3.64 1.50123 -1.0454 -14.9362 15.0115
3.65 1.63082 -0.902743 -14.9275 15.0163
3.66 1.75377 -1.08106 -15.0018 15.1039
3.67 1.80317 -1.26157 -15.1897 15.2963
3.68 1.84177 -1.02567 -15.2187 15.3298
3.69 1.84886 -0.981264 -15.0753 15.1883
3.7 1.8022 -0.886481 -14.9557 15.0639
3.71 1.79498 -0.895338 -14.929 15.0365
3.72 1.80464 -0.976543 -15.1058 15.2132
3.73 1.89654 -0.979407 -15.3485 15.4652
3.74 1.97358 -1.0979 -15.5595 15.6841
3.75 2.02663 -1.02402 -15.5628 15.6942
3.76 2.07951 -1.14649 -15.5086 15.6474
3.77 2.05395 -0.918279 -15.3963 15.5327
3.78 1.97325 -1.057 -15.1758 15.3036
3.79 1.88529 -1.16037 -15.013 15.1309
3.8 1.83893 -1.16782 -15.0402 15.1522
3.81 1.89307 -1.24134 -15.29 15.4067
3.82 2.0297 -1.34311 -15.6079 15.7393
3.83 2.22308 -1.37755 -15.7514 15.9075
3.84 2.32698 -1.4828 -15.6327 15.8049
3.85 2.33765 -1.32099 -15.243 15.4212
3.86 2.26951 -1.23569 -14.9224 15.094
3.87 2.08385 -1.28684 -14.9096 15.0545
3.88 2.00812 -1.227 -15.2876 15.4189
3.89 2.04017 -1.3082 -15.6629 15.7952
3.9 2.18028 -1.26953 -15.7487 15.8989
3.91 2.24573 -1.08223 -15.592 15.7529
3.92 2.24873 -1.14777 -15.4555 15.6182
3.93 2.19238 -1.0789 -15.4447 15.5996
3.94 2.06554 -1.05121 -15.6997 15.835
3.95 2.06834 -0.987046 -15.9119 16.0458
3.96 2.15436 -1.06691 -15.8545 16.0002
3.97 2.19076 -0.929276 -15.5027 15.6568
3.98 2.12094 -0.859237 -15.2324 15.3794
3.99 1.97438 -0.795113 -15.1895 15.3173
4 1.92881 -0.90512 -15.3982 15.5186
4.01 1.99054 -1.13918 -15.7616 15.8868
4.02 2.17584 -1.13988 -16.0621 16.2088
4.03 2.3275 -1.24451 -16.0491 16.217
4.04 2.35397 -1.18223 -15.7759 15.9506
4.05 2.24384 -1.05147 -15.606 15.7665
4.06 1.99455 -1.07586 -15.629 15.7558
4.07 1.85527 -1.13296 -15.8455 15.9538
4.08 1.78612 -1.06711 -16.1691 16.2674
4.09 1.82092 -1.06026 -16.2599 16.3616
4.1 1.87947 -0.891871 -15.6368 15.7494
4.11 1.79894 -0.315385 -11.3056 11.4478
4.12 1.74101 -0.351402 -9.97025 10.1211
4.13 1.3936 -0.300522 -12.5506 12.6277
4.14 1.22714 -1.04726 -22.4785 22.5119
4.15 2.0972 -1.25499 -18.7334 18.8504
4.16 2.94581 -0.627817 -12.452 12.7957
4.17 2.72017 -0.808773 -11.3806 11.7012
4.18 2.6789 -1.32735 -10.9336 11.257
4.19 2.67098 -1.59823 -10.0769 10.4249
4.2 2.4681 -1.5433 -8.76678 9.10757
4.21 2.096 -1.30779 -7.43159 7.72152
4.22 1.35067 -1.0231 -6.01309 6.16292
4.23 0.933119 -0.839062 -4.65179 4.74446
4.24 0.745174 -0.71284 -3.72885 3.80258
4.25 0.61899 -0.704534 -3.28124 3.33912
4.26 0.540573 -0.708832 -2.76341 2.81579
4.27 0.427368 -0.749161 -2.195 2.23621
4.28 0.324477 -0.420128 -1.67331 1.70448
4.29 0.189606 -0.250003 -1.26125 1.27543
4.3 0.0156879 -0.198813 -1.05792 1.05804
4.31 -0.118399 -0.0300566 -0.67374 0.684064
4.32 -0.246655 -0.134516 -0.385047 0.457274
4.33 -0.199697 0.0562473 -0.187431 0.273878
4.34 -0.0898328 0.0310175 -0.0764044 0.11793
4.35 0.0689168 0.0436702 0.0170797 0.0710017
4.36 0.010879 -0.139821 -0.00165476 0.0110041
4.37 0.0209963 0.0281123 -0.0011112 0.0210257
4.38 0.0221097 0.000536872 0.00580985 0.0228603
4.39 0.00766036 -0.124691 -0.014118 0.0160623
4.4 0.0198986 0.144592 -0.0134168 0.0239993
4.41 0.0213537 0.0144394 -0.0144384 0.0257769
4.42 0.0124678 0.0643499 0.0314756 0.033855
4.43 0.0204725 0.0328769 -0.0205165 0.0289836
4.44 0.0180755 0.0253255 -0.0192419 0.0264003
4.45 0.00171606 0.0351609 -0.0196095 0.0196844
4.46 0.0256904 0.0565863 -0.00727134 0.0266996
4.47 0.020611 0.0863158 0.00615208 0.0215096
4.48 0.0175549 0.0163755 0.0121463 0.0213473
4.49 0.0174594 0.0165977 -0.0136037 0.0221334
4.5 0.0257818 -0.00192504 0.0186558 0.0318236
4.51 0.0166414 0.110456 0.019525 0.0256547
4.52 0.0115612 0.123233 -0.00727939 0.013662
4.53 0.0113838 0.123141 0.0253378 0.0277776
4.54 0.0124105 0.193811 -0.0194608 0.0230812
4.55 0.0167321 0.0576316 -0.00111418 0.0167692
4.56 0.0220041 0.00061056 -0.00733569 0.0231946
4.57 0.00609125 0.0104274 -0.0137589 0.0150469
4.58 0.0109103 -0.0462509 0.0507035 0.051864
4.59 0.0311135 -0.0802891 0.0235085 0.0389962
4.6 0.0110087 -0.00117506 -0.0199296 0.022768
4.61 0.0227608 -0.115924 0.024171 0.0332008
4.62 0.030567 -0.0357246 0.0178714 0.035408
4.63 0.0260514 -0.00171295 -0.00728846 0.0270518
4.64 0.0136204 0.0190968 0.0187017 0.0231359
4.65 0.016944 0.0481966 0.0249389 0.0301504
4.66 0.0293591 0.0318273 -0.00716389 0.0302205
4.67 0.0187248 -0.0735369 -0.00709787 0.0200249
4.68 0.0261986 0.364485 0.0261219 0.0369962
4.69 0.0185516 0.00746137 -0.00724937 0.0199177
4.7 0.00634851 0.0371964 0.0183143 0.0193834
4.71 0.0154609 -0.0534552 0.0439727 0.0466116
4.72 0.00236875 -0.0187648 -0.00106549 0.00259735
4.73 0.0172535 0.0571134 0.0186512 0.0254077
4.74 0.017695 0.13235 0.0389977 0.0428245
4.75 0.00607119 0.0458003 0.0510402 0.0514
4.76 0.00983047 0.0615614 0.0190119 0.021403
4.77 0.0192811 0.108999 0.0316288 0.0370424
4.78 -0.001407 -0.0207978 0.0250889 0.0251283
4.79 0.026803 0.00228659 0.0379427 0.0464548
4.8 0.0305921 -0.0891998 0.00461954 0.0309389
4.81 0.00223584 0.0524026 -0.0323149 0.0323922
4.82 0.0108964 -0.0108603 -0.0267709 0.0289035
4.83 0.0288896 0.0809137 0.0380365 0.0477638
4.84 0.0184618 0.0163052 -0.0197451 0.0270316
4.85 0.0254095 0.0521609 0.0380932 0.0457901
4.86 0.00409679 -0.158477 -0.00807856 0.00905797
4.87 0.0262153 -0.0244087 0.0376048 0.0458406
4.88 0.0122925 0.131059 -0.0190704 0.0226888
4.89 0.0175422 -0.0275724 -0.00120835 0.0175837
4.9 0.0185975 0.0249489 -0.000591555 0.0186069
4.91 0.0142748 0.0316496 0.00658846 0.0157219
4.92 0.0061171 -0.0166656 0.0123408 0.0137737
4.93 0.0123831 0.180666 0.0255627 0.0284041
4.94 0.010916 -0.0146477 -0.0200253 0.0228073
4.95 0.0100465 0.0302813 0.0509214 0.051903
4.96 0.0249458 0.110211 0.0189033 0.031299
4.97 0.0151868 0.000265983 0.031707 0.0351564
4.98 0.0133631 0.0722813 0.0319857 0.034665
4.99 0.0130206 0.0323304 0.0446655 0.0465246
5 -0.00316883 -0.166791 0.0495371 0.0496383
5.01 0.0240243 0.106572 0.024885 0.0345895
5.02 0.0107609 0.105387 0.0644008 0.0652936
5.03 -0.00514916 0.0215556 0.038274 0.0386188
5.04 0.0148583 -0.0265268 0.0442822 0.0467085
5.05 -0.00963028 0.00126404 -0.0194366 0.0216916
5.06 0.00851074 0.0843926 0.0318841 0.0330004
5.07 0.0328652 0.0655558 0.0116647 0.0348739
5.08 0.0215203 0.0367197 -0.0134223 0.025363
5.09 0.0253862 0.0657397 -0.0137437 0.0288678
5.1 0.0331867 0.0343827 0.00532829 0.0336117
5.11 0.026173 -0.00622738 0.0119697 0.0287802
5.12 0.0306144 -0.035816 0.00560779 0.0311237
5.13 0.0137411 0.00141089 -0.0068545 0.0153559
5.14 0.0205294 0.0768952 0.012889 0.0242401
5.15 0.0183772 0.10964 0.0583256 0.0611522
5.16 0.00777562 -0.0580156 0.0383582 0.0391384
5.17 0.0191928 0.0870526 0.00567377 0.0200138
5.18 0.0259647 0.015895 0.0509231 0.0571605
5.19 0.011845 -0.126702 0.0366773 0.0385425
5.2 0.0198437 0.0960051 0.00532354 0.0205454
5.21 0.0107575 -0.0327138 0.0181058 0.0210604
5.22 0.0248372 0.0529521 0.037768 0.045203
5.23 0.00957502 0.0171937 -0.00684415 0.0117696
5.24 0.0136771 0.0500852 0.00617789 0.0150076
5.25 0.0164234 0.0977367 0.0381872 0.0415691
5.26 0.0125766 0.0867539 0.00596813 0.0139208
5.27 0.00563526 -0.0206339 -0.00744373 0.00933624
5.28 0.0170544 0.110496 0.00595276 0.0180634
5.29 0.0143731 -0.0527921 0.0117598 0.0185709
5.3 0.0182766 0.0118188 0.0251165 0.0310624
5.31 0.0175722 -0.0188549 0.00480033 0.0182161
5.32 0.0108353 0.011743 0.0251874 0.0274191
5.33 0.00838388 0.19607 0.0580662 0.0586683
5.34 0.00986628 0.10154 0.0319356 0.0334249
5.35 0.00884015 0.0445647 -0.00748751 0.011585
5.36 0.00922826 0.00851678 -0.000897896 0.00927184
5.37 0.0295924 0.0361831 -0.0140119 0.0327421
5.38 0.0329732 0.0518067 0.025326 0.0415769
5.39 0.0095486 0.110888 0.0189906 0.021256
5.4 0.0167486 0.0797539 -0.00704096 0.0181684
5.41 0.00574291 0.0323793 0.0318996 0.0324124
5.42 0.011214 -0.0685955 0.0375001 0.0391409
5.43 0.019079 -0.132327 0.0245665 0.031105
5.44 0.0140369 0.0453767 -0.0129721 0.0191131
5.45 0.0259993 0.00687135 0.0056952 0.0266157
5.46 0.0379712 -0.0580485 0.0237981 0.0448125
5.47 0.0071834 -0.0213487 -0.00106606 0.00726207
5.48 0.0244548 0.074982 0.0507712 0.0563538
5.49 0.00536257 0.0728221 0.0130655 0.0141232
5.5 0.0138985 0.0236646 0.0307902 0.0337817
5.51 0.0173804 0.105685 0.00553899 0.0182417
5.52 0.0213594 0.0681794 0.0123917 0.0246937
5.53 0.00871568 0.142566 0.0192109 0.0210955
5.54 0.0208113 0.0369977 0.0120346 0.0240404
5.55 0.00733713 -0.124146 0.0110744 0.0132844
5.56 0.00836402 0.17429 0.0449165 0.0456887
5.57 0.0088122 0.191527 0.0517209 0.0524662
5.58 0.0143704 -0.0394389 0.06375 0.0653496
5.59 0.0216328 0.0493324 0.00616156 0.0224932
5.6 0.0232569 -0.0759972 0.0112589 0.0258388
5.61 0.0226259 -0.0178904 0.0120817 0.0256495
5.62 0.0152428 -0.120542 -0.0014569 0.0153122
5.63 0.0322982 0.0391378 0.0112565 0.0342036
5.64 0.0178672 0.0342371 0.0251743 0.0308704
5.65 0.0181847 0.0477099 -0.0196108 0.0267445
5.66 0.0202145 0.152843 -0.00668898 0.0212924
5.67 0.0263301 0.0294178 -0.00724 0.0273074
5.68 0.00936649 0.00364618 -0.00748096 0.0119873
5.69 0.0290369 0.058916 0.031127 0.042568
5.7 0.0108957 -0.00173387 -0.000279294 0.0108993
5.71 0.0176484 0.0792121 -0.0323895 0.0368856
5.72 0.0242431 0.0751491 -0.000658498 0.0242521
5.73 0.00900246 0.0528395 -0.000526618 0.00901785
5.74 0.00382415 -0.113248 0.0375031 0.0376976
5.75 0.0173437 0.0746715 0.0453598 0.0485625
5.76 0.010318 -0.0416527 0.0184941 0.0211777
5.77 0.0284088 0.0235355 -0.0140067 0.0316741
5.78 0.0181553 0.0161524 0.0572499 0.0600597
5.79 0.0237933 0.168836 -3.85795e-05 0.0237934
5.8 0.0102387 0.0700939 0.00615964 0.0119487
5.81 0.0179973 0.0476309 -0.000642092 0.0180088
5.82 0.025838 0.0251399 0.0118335 0.0284189
5.83 0.0163675 0.0934725 0.012418 0.0205451
5.84 0.0221387 -0.0172891 -0.00128067 0.0221757
5.85 -0.00161627 0.0682871 0.0131936 0.0132922
5.86 0.0288641 0.0186047 -0.00740612 0.0297991
5.87 0.0179574 0.0612241 0.0510073 0.054076
5.88 0.0103933 0.0389582 0.0449745 0.0461598
5.89 0.0010493 0.142671 0.0127711 0.0128141
5.9 0.0235573 0.0395506 0.00532878 0.0241525
5.91 0.014218 0.00992906 0.0444895 0.0467062
5.92 0.000671797 -0.093544 0.0119517 0.0119706
5.93 0.0230552 0.0267504 0.0124964 0.0262241
5.94 0.0223399 0.00505457 0.0312763 0.0384354
5.95 0.00956393 0.0930949 0.0316804 0.0330925
5.96 0.0213144 0.0545955 0.025171 0.0329831
5.97 0.018468 0.047547 0.0123091 0.0221942
5.98 0.0326241 0.0568052 0.0307572 0.0448368
5.99 0.0256647 0.0740695 0.0188963 0.0318708
6 0.0122295 0.18069 0.0257951 0.0285473
6.01 0.00353664 -0.10445 0.00518893 0.00627956
