0 -0.0105839 -0.0470261 -0.0134892 0.0171457
0.01 -0.0187148 -0.0955489 -0.0461837 0.0498315
0.02 -0.00869179 0.0190162 -0.0522573 0.0529752
0.03 -0.0139475 -0.10747 -0.0330444 0.0358673
0.04 -0.00419985 -0.00173882 -0.0264284 0.0267601
0.05 -0.010117 -0.105238 -0.0266137 0.0284718
0.06 -0.000954245 0.138947 -0.00627214 0.00634431
0.07 -0.0106948 -0.0238281 0.00540272 0.011982
0.08 0.0088841 -0.0671874 -0.033636 0.0347895
0.09 -0.00859127 0.116837 -0.0190481 0.0208959
0.1 0.000908204 0.0171648 0.00610698 0.00617415
0.11 -0.0148435 0.0447054 -0.0193702 0.0244035
0.12 -0.00181422 -0.0115728 -0.0530972 0.0531281
0.13 -0.00504532 0.0302946 -0.0589338 0.0591494
0.14 0.00455916 -0.0160207 -0.0135124 0.0142608
0.15 -0.000445061 0.121184 -0.0130159 0.0130235
0.16 0.00289398 0.0300591 -0.0593612 0.0594317
0.17 -0.00834545 0.0145019 -0.0778799 0.0783258
0.18 -0.0141281 -0.0534875 -0.0397515 0.0421876
0.19 0.000810026 -0.00490875 -0.0323815 0.0323916
0.2 -0.000477674 0.0450529 -0.045339 0.0453415
0.21 -0.00470058 0.0431983 -0.0393821 0.0396616
0.22 -0.0070072 -0.026626 -0.0327317 0.0334733
0.23 -0.0111355 0.00226897 -0.0389577 0.0405179
0.24 -0.00381928 -0.00617006 -0.0456487 0.0458082
0.25 0.013954 -0.0478627 -0.0528329 0.0546446
0.26 -0.00330456 -0.0337023 -0.032439 0.0326069
0.27 0.00320481 0.0161759 -0.0330574 0.0332124
0.28 0.00050678 -0.0267272 -0.000920927 0.00105116
0.29 -0.00224214 -0.0608645 -0.00719293 0.00753428
0.3 0.0033125 0.0250474 -0.000595491 0.0033656
0.31 -0.00756836 0.0581708 0.019133 0.0205755
0.32 -0.0293547 -0.187076 -0.0143189 0.0326608
0.33 -0.0024198 -0.0739862 -0.0205045 0.0206467
0.34 -0.0194137 -0.00161646 -0.0710814 0.0736848
0.35 -0.00996151 -0.154768 -0.0396677 0.0408993
0.36 -0.00780668 0.0719175 -0.0255662 0.0267315
0.37 -0.00373714 0.0381047 -0.0457424 0.0458948
0.38 -0.0194806 0.043296 -0.0200324 0.0279427
0.39 0.0159794 -0.0316455 -0.020878 0.0262913
0.4 -0.010535 -0.127111 -0.0208335 0.0233457
0.41 -0.00747195 -0.0218442 -0.0267279 0.0277527
0.42 -0.010159 -0.0738655 -0.032573 0.0341204
0.43 0.00869202 -0.00534315 -0.00682654 0.0110523
0.44 -0.00328756 -0.0290183 -0.0584029 0.0584954
0.45 -0.00799113 0.0715155 -0.012659 0.0149703
0.46 0.00772968 -0.00433577 -0.0270792 0.0281608
0.47 0.000206167 0.00488435 -0.0209083 0.0209094
0.48 -0.00688114 -0.0179506 -0.0523653 0.0528154
0.49 -0.0194028 0.0209714 -0.0134936 0.0236336
0.5 -0.00985538 0.0509492 -0.0716939 0.0723681
0.51 -0.00596302 -0.0810918 -0.000322361 0.00597173
0.52 0.00822984 -0.00905456 -0.00154213 0.00837308
0.53 -0.0109469 0.0287106 0.00656374 0.0127639
0.54 0.00777043 0.0937915 -0.0132177 0.0153325
0.55 0.00742708 0.120622 4.89899e-06 0.00742708
0.56 0.0154315 0.0223471 -0.0273915 0.0314392
0.57 -0.000298376 0.027204 0.00590615 0.00591368
0.58 -0.00762154 -0.0397418 -0.0263398 0.0274203
0.59 -0.00159303 -0.20403 0.0243227 0.0243748
0.6 0.00803031 -0.0265183 -0.00796815 0.0113127
0.61 0.00127682 -0.0271299 -0.0584218 0.0584357
0.62 -0.0125927 0.159288 -0.0187761 0.0226079
0.63 0.000108971 -7.46581e-05 -0.0454219 0.045422
0.64 -0.0142584 -0.0176781 -0.0323136 0.0353196
0.65 -0.0235807 0.00992075 -0.012863 0.0268608
0.66 0.000414647 -0.0268477 -0.00759383 0.00760514
0.67 0.00400795 0.00232388 -0.0261865 0.0264915
0.68 -0.00585365 0.061748 -0.0134537 0.014672
0.69 -0.0114504 0.0205614 -0.032587 0.0345401
0.7 -3.23728e-05 -0.00416973 -0.033016 0.033016
0.71 -0.00452868 0.0476982 -0.0393247 0.0395846
0.72 0.000632259 -0.00467946 -0.0522702 0.0522741
0.73 -0.00741661 -0.00420771 -0.0326738 0.033505
0.74 7.19223e-05 0.0359753 -0.00728697 0.00728732
0.75 -0.014367 -0.0267102 -0.038522 0.0411139
0.76 -0.00571788 0.0529728 -0.0394745 0.0398865
0.77 -0.00536596 0.0437084 -0.0201272 0.0208302
0.78 -0.019154 0.0114773 -0.0384919 0.0429942
0.79 -0.0108324 -0.0334279 -0.0455839 0.0468533
0.8 -0.0127385 0.150496 -0.0253252 0.0283485
0.81 -0.00524997 0.0439442 -0.045839 0.0461387
0.82 -0.0187848 -0.019807 -0.0319533 0.0370659
0.83 0.00040425 -0.0268154 -0.0463816 0.0463833
0.84 0.00322651 0.0429967 -0.0200292 0.0202874
0.85 -0.0130144 0.0351457 -0.0459529 0.0477603
0.86 -0.00808527 0.0183081 -0.0455297 0.046242
0.87 -0.0103639 -0.0558289 -0.0202327 0.0227326
0.88 -0.00842883 -0.0481862 -0.0459485 0.0467152
0.89 -0.00475655 0.025422 -0.032321 0.0326691
0.9 -0.00635094 -0.0316721 -0.0386278 0.0391464
0.91 -0.00131548 0.108004 -0.0518516 0.0518683
0.92 -0.0133431 -0.0361936 0.00641916 0.0148069
0.93 -0.0152841 0.018491 -0.00670315 0.0166894
0.94 -0.0118151 0.0337627 -0.0127169 0.0173584
0.95 -0.000552093 0.0134642 -0.0388058 0.0388097
0.96 -0.0190263 -0.0643885 -0.0261981 0.0323781
0.97 -0.00676611 -0.0178754 -0.0518241 0.0522639
0.98 -0.0159205 -0.0119969 -0.0393538 0.0424521
0.99 0.0027341 0.0162599 -0.0460087 0.0460898
1 -0.00956518 -0.0875906 -0.0268553 0.0285079
1.01 0.000560079 -0.00860702 -0.0270596 0.0270654
1.02 -0.00747963 0.0895648 0.019073 0.0204872
1.03 0.00721698 0.0136086 -0.0131589 0.0150081
1.04 -0.0153688 0.0895277 6.09914e-05 0.0153689
1.05 -0.00518057 0.14152 -0.0513473 0.051608
1.06 0.000631244 -0.0312228 -0.0653694 0.0653725
1.07 -0.00800359 0.143533 -0.0187102 0.0203501
1.08 -0.0160755 0.0991119 -0.0579501 0.0601384
1.09 0.00159561 -0.205872 -0.0599004 0.0599216
1.1 -0.0122239 0.092173 -0.0255748 0.0283459
1.11 0.00414302 -0.00238477 -0.000455749 0.00416801
1.12 0.00721181 0.0851206 -0.0324475 0.0332393
1.13 -0.00406273 0.0692792 0.0191616 0.0195875
1.14 0.000917486 -0.0225812 -0.0130188 0.013051
1.15 -0.00420877 0.0606678 -0.0387791 0.0390068
1.16 -0.00357004 -0.0156839 -0.0455078 0.0456476
1.17 -0.0122572 0.0160403 -0.0578979 0.0591811
1.18 -0.0113271 -0.0241915 -0.000773113 0.0113534
1.19 -0.00747616 -0.0667805 -0.0331278 0.033961
1.2 -0.0032322 0.0381039 -0.0263888 0.026586
1.21 -0.0104707 -0.055735 -0.0585174 0.0594468
1.22 -0.0125354 -0.211292 -0.0399039 0.0418265
1.23 0.0038088 0.0289821 -0.000591972 0.00385453
1.24 -0.00670407 -0.0849626 -0.0330194 0.0336931
1.25 -0.0102233 -0.141156 -0.0268435 0.0287244
1.26 -0.00239392 0.00185578 -0.0330306 0.0331173
1.27 -0.0176189 -0.19443 -0.0400953 0.0437957
1.28 -0.00832873 0.0364437 -0.0324158 0.0334687
1.29 -0.0172217 -0.203302 -0.053203 0.0559209
1.3 -0.000282548 0.0136763 -0.0647507 0.0647513
1.31 -0.00454066 0.0742761 -0.00644516 0.00788402
1.32 -0.00402636 0.109438 -0.0193063 0.0197217
1.33 -0.0217544 0.0269844 0.000139729 0.0217549
1.34 0.00179166 -0.0856335 -0.00727979 0.00749703
1.35 -0.00466533 0.0698248 -0.0198805 0.0204206
1.36 0.00321937 0.0651649 -0.0198241 0.0200838
1.37 -0.00759147 0.0583967 -0.0261268 0.0272074
1.38 -0.0070961 0.0180291 -0.00675163 0.00979485
1.39 -0.00578502 -0.170583 -0.00089092 0.00585322
1.4 -0.0105602 -0.0244321 -0.0259595 0.0280252
1.41 0.00323279 0.03418 -0.0268107 0.0270049
1.42 0.00166573 -0.0500062 -0.00701782 0.0072128
1.43 -0.0107162 -0.0333728 -0.0199042 0.0226056
1.44 -0.00397311 -0.0685406 -0.0467135 0.0468822
1.45 -0.0154321 -0.00853332 -0.0328067 0.0362551
1.46 -0.00411528 0.00735862 -0.0392269 0.0394422
1.47 -0.00790638 0.0540495 -0.0134175 0.0155737
1.48 0.00059821 0.00418444 0.0192106 0.0192199
1.49 0.00859884 -0.040158 -0.0463958 0.0471859
1.5 -0.00406397 0.0202767 -0.03899 0.0392012
1.51 -0.0103303 -0.0650131 -0.0392075 0.0405456
1.52 -0.017756 -0.0960734 -0.0461225 0.0494223
1.53 -0.0160351 0.0278437 -0.0585121 0.0606695
1.54 0.00408531 0.0109498 -0.0324421 0.0326983
1.55 -0.0163371 0.0325896 -0.0390916 0.042368
1.56 -0.0106008 0.0108244 0.0126569 0.0165098
1.57 -0.000241026 0.0047614 -0.0137378 0.0137399
1.58 -0.0145994 -0.0177333 -0.0131125 0.0196235
1.59 0.0123131 -0.020562 -0.0204698 0.0238877
1.6 -0.0041217 -0.0598947 -0.0332269 0.0334815
1.61 -0.0112798 -0.0469227 -0.00669818 0.0131186
1.62 -0.00308656 -0.0200465 0.0058705 0.00663247
1.63 -0.0107374 -0.0243626 -0.0195953 0.0223443
1.64 0.0164145 -0.00102276 -0.000870551 0.0164376
1.65 -0.0151624 0.0582794 -0.00681661 0.0166242
1.66 0.00865665 -0.0227019 -0.000950207 0.00870864
1.67 0.000508076 -0.000162868 -0.0129609 0.0129709
1.68 -0.00766791 -0.0930602 -0.0463348 0.046965
1.69 -0.01429 -0.0316173 0.0131912 0.0194477
1.7 -0.014369 0.000156245 -0.0193619 0.0241112
1.71 -0.014935 0.000281689 -0.00667153 0.0163573
1.72 0.00771364 -0.0624297 -0.0333747 0.0342545
1.73 0.0144505 0.10291 -0.0262396 0.0299555
1.74 -0.000451602 0.0407607 -0.0518308 0.0518328
1.75 -0.00916034 -0.172221 -0.0210345 0.0229426
1.76 -0.00372303 -0.00230782 -0.0518526 0.0519861
1.77 -0.00478026 0.00282809 -0.0198507 0.0204181
1.78 -0.00319457 0.00691341 -0.0132535 0.0136331
1.79 0.000681191 -0.0583812 -0.0202624 0.0202738
1.8 0.00796573 -0.0177193 -0.0265957 0.027763
1.81 -0.00459367 0.118852 -0.00637725 0.00785946
1.82 0.00683063 0.00941812 -0.00719347 0.00991986
1.83 -0.00228472 -0.0786948 0.00522633 0.00570389
1.84 -0.00776677 -0.0351817 -0.0394661 0.0402231
1.85 -0.0358996 -0.0837916 -0.24565 0.24826
1.86 -0.0808777 -0.0773212 -0.68962 0.694347
1.87 -0.0983514 -0.0388457 -0.980124 0.985046
1.88 -0.0818558 -0.0568498 -1.00195 1.00528
1.89 -0.0793887 -0.0766035 -0.886365 0.889914
1.9 -0.0363509 -0.107216 -0.753119 0.753996
1.91 -0.0283898 -0.135178 -0.753218 0.753753
1.92 -0.0268711 -0.278969 -0.812024 0.812468
1.93 -0.0442586 -0.156334 -0.965316 0.96633
1.94 -0.0539954 -0.109535 -1.06197 1.06334
1.95 -0.0624061 -0.188668 -1.22375 1.22534
1.96 -0.0426982 -0.182298 -1.3206 1.32129
1.97 -0.0307432 -0.15895 -1.45136 1.45168
1.98 -0.0111234 -0.183835 -1.54926 1.5493
1.99 0.00440507 -0.233293 -1.7367 1.73671
2 -0.00430103 -0.241743 -1.81411 1.81412
2.01 0.00489248 -0.184721 -1.94927 1.94927
2.02 0.0051159 -0.292214 -2.03416 2.03417
2.03 0.0241816 -0.30009 -1.99008 1.99023
2.04 0.0460774 -0.229514 -1.9901 1.99064
2.05 0.0725942 -0.237186 -1.93356 1.93492
2.06 0.09319 -0.362737 -2.55025 2.55195
2.07 0.0543502 -0.323787 -2.7279 2.72844
2.08 0.103614 -0.296008 -2.7425 2.74445
2.09 0.137763 -0.339376 -2.75176 2.7552
2.1 0.187697 -0.348622 -2.70222 2.70873
2.11 0.238083 -0.331052 -2.6008 2.61167
2.12 0.255119 -0.199815 -2.56136 2.57403
2.13 0.266073 -0.184055 -2.62504 2.63849
2.14 0.278169 -0.27593 -2.71644 2.73064
2.15 0.265717 -0.348835 -2.9174 2.92947
2.16 0.273495 -0.362187 -3.05976 3.07196
2.17 0.293816 -0.289049 -3.15117 3.16484
2.18 0.294998 -0.490391 -3.24965 3.26301
2.19 0.312256 -0.309125 -3.37131 3.38574
2.2 0.30232 -0.3153 -3.54023 3.55311
2.21 0.290987 -0.33456 -3.63737 3.64899
2.22 0.276244 -0.449964 -3.80541 3.81542
2.23 0.283167 -0.449351 -3.90895 3.91919
2.24 0.292836 -0.366052 -4.02524 4.03587
2.25 0.335743 -0.566173 -4.15083 4.16439
2.26 0.364437 -0.5926 -4.30772 4.32311
2.27 0.401264 -0.571168 -4.36034 4.37876
2.28 0.41713 -0.487598 -4.53556 4.5547
2.29 0.437475 -0.580059 -4.65905 4.67955
2.3 0.484416 -0.506173 -4.68005 4.70505
2.31 0.490419 -0.607879 -4.5645 4.59077
2.32 0.427443 -0.570812 -3.08746 3.11691
2.33 0.409259 -0.438397 -2.64751 2.67895
2.34 0.379844 -0.267288 -2.61953 2.64693
2.35 0.391297 -0.359537 -3.74522 3.76561
2.36 0.292554 -0.562194 -7.68843 7.694
2.37 0.17962 -0.640261 -6.90236 6.9047
2.38 0.521866 -0.781481 -5.80693 5.83033
2.39 0.721004 -0.699125 -4.69933 4.75432
2.4 0.893339 -0.825228 -4.07414 4.17093
2.41 0.956675 -0.749784 -3.94546 4.05979
2.42 0.813977 -0.85574 -4.18056 4.25906
2.43 0.642026 -0.694269 -4.33918 4.38642
2.44 0.464799 -0.634187 -4.16291 4.18878
2.45 0.398652 -0.660908 -3.85229 3.87286
2.46 0.323076 -0.601183 -3.49716 3.51205
2.47 0.284825 -0.533198 -3.16154 3.17435
2.48 0.261293 -0.550706 -2.83582 2.84783
2.49 0.270135 -0.378688 -2.36036 2.37577
2.5 0.253686 -0.306528 -1.76165 1.77982
2.51 0.212484 -0.237513 -1.17403 1.19311
2.52 0.198147 -0.067323 -0.613449 0.644656
2.53 0.121844 0.102809 -0.15564 0.197661
2.54 0.0722143 0.0571887 0.0751466 0.10422
2.55 -0.0094718 0.0326423 -0.0138677 0.0167937
2.56 -0.0116403 -0.00165395 -0.0526105 0.0538828
2.57 -0.00832637 0.00955754 -0.0264373 0.0277175
2.58 -0.027365 -0.0323184 -0.0129407 0.0302705
2.59 -0.0153601 -0.0526516 -0.0843371 0.0857244
2.6 -0.0228608 -0.0928412 -0.0396665 0.0457826
2.61 -0.0163585 0.0990941 -0.0384778 0.0418108
2.62 -0.00686221 -0.0709408 -0.0272418 0.0280928
2.63 -0.0204192 0.0441175 -0.0453025 0.0496916
2.64 -0.0101085 -0.114054 -0.0333953 0.0348917
2.65 0.00250987 0.0214611 -0.0275022 0.0276165
2.66 -0.0133335 0.0752832 -0.0454394 0.0473552
2.67 -0.0110631 -0.0685935 -0.0270566 0.029231
2.68 -0.0148684 -0.0309759 -0.033097 0.0362833
2.69 -0.0192141 -0.0191684 -0.0450458 0.0489724
2.7 -0.0220385 -0.0222166 0.0128514 0.0255118
2.71 -0.00739413 0.0493372 -0.0579385 0.0584084
2.72 -0.00815649 -0.0616691 -0.0462386 0.0469524
2.73 -0.0194583 0.0298985 -0.019587 0.0276094
2.74 -0.00751326 0.0492634 8.78051e-05 0.00751377
2.75 -0.0144667 -0.11136 -0.0269168 0.0305581
2.76 -0.00939342 0.0331377 -0.0650597 0.0657343
2.77 -0.0160651 0.0990796 -0.0191623 0.0250056
2.78 -0.00358445 0.0113973 -0.0579596 0.0580703
2.79 -0.0116347 -0.037335 -0.0199846 0.0231247
2.8 -0.0157365 0.0230987 -0.0193646 0.0249524
2.81 -0.00153766 0.0236236 -0.00129648 0.00201128
2.82 5.97574e-05 -0.0172601 -0.0208803 0.0208804
2.83 -0.00410081 0.00732501 -0.0590073 0.0591496
2.84 -0.000203137 0.00452268 -0.0133969 0.0133984
2.85 -0.013326 0.0436665 -0.0196294 0.0237254
2.86 -0.0134425 0.178293 -0.0386433 0.0409146
2.87 -0.0149282 -0.0350776 -0.0265523 0.0304611
2.88 -0.0223273 -0.133288 -0.0462035 0.0513154
2.89 -0.0125706 0.00354269 -0.0649857 0.0661904
2.9 -0.0165448 -0.0118892 -0.0520726 0.0546378
2.91 -0.0123979 0.0212143 -0.020114 0.023628
2.92 -0.00834674 0.0770186 0.00600958 0.0102851
2.93 -0.0145066 -0.00426055 -0.0130168 0.0194905
2.94 0.00825308 -0.0222914 -0.0273503 0.0285684
2.95 0.00692928 0.0758153 -0.0132145 0.0149211
2.96 -0.0114693 0.00268533 -0.0262995 0.0286916
2.97 -0.0086466 0.0324194 -0.013645 0.0161539
2.98 -0.0240649 0.0101989 -0.0322875 0.0402691
2.99 -0.011968 -0.0237276 0.0123499 0.0171975
3 -0.0180207 -0.042545 0.00665188 0.0192091
3.01 0.000601867 -0.0401406 0.00515329 0.00518831
3.02 -0.004433 -0.00593351 -0.0458334 0.0460472
3.03 -0.00766648 -0.0306859 -0.019899 0.0213248
3.04 -0.0126669 0.079634 -0.013424 0.0184568
3.05 -0.0105638 -0.060101 -0.00698225 0.0126627
3.06 -0.00800012 0.0140333 -0.0266124 0.0277889
3.07 -0.0194498 -0.0230596 -0.0332506 0.0385214
3.08 -0.0115811 0.016455 -0.00653188 0.0132961
3.09 -0.0116612 0.00703524 0.000205086 0.011663
3.1 -0.00385802 -0.0603146 -0.0263746 0.0266553
3.11 -0.0189829 -0.0107469 -0.000141568 0.0189834
3.12 0.000769182 -0.00434703 -0.0266608 0.0266719
3.13 -0.0163565 0.0013613 -0.0262269 0.0309093
3.14 -0.00376599 -0.0374142 -0.0271553 0.0274152
3.15 -0.0154109 -0.0043327 -0.0385785 0.0415427
3.16 0.0115243 0.020616 -0.00107497 0.0115744
3.17 -0.000750764 0.0318117 -0.00675533 0.00679692
3.18 -0.0162426 0.00582389 -0.0264401 0.0310307
3.19 0.00895416 -0.0271255 -0.0143093 0.0168799
3.2 -0.0167092 0.157361 0.000326445 0.0167124
3.21 -0.00486005 0.0476113 0.0186642 0.0192865
3.22 -0.004059 -0.0015689 -0.0331335 0.0333812
3.23 0.00734119 0.120813 0.0130421 0.0149663
3.24 -0.0189885 -0.0459322 -0.00135643 0.0190369
3.25 -0.0134579 -0.205824 0.0177081 0.0222417
3.26 -0.0137558 -0.201079 -0.0214395 0.025473
3.27 -0.00775474 -0.0444809 -0.0260556 0.0271851
3.28 -0.0148214 -0.0178758 -0.0256848 0.0296544
3.29 0.00447197 -0.0423946 0.0115648 0.0123993
3.3 -0.00456413 0.0168275 -0.000618194 0.0046058
3.31 -0.0098557 0.0600559 -0.0200631 0.0223531
3.32 -0.0227492 -0.106772 -0.0331811 0.0402308
3.33 -0.0118093 -0.0281401 -0.0456962 0.0471975
3.34 -0.0121191 0.0430772 -0.0454428 0.0470311
3.35 -0.0203586 -0.0627043 -0.0592727 0.0626715
3.36 -0.0153807 -0.0757494 -0.0265361 0.0306713
3.37 -0.00658668 -0.0449921 -0.0259569 0.0267795
3.38 0.000675986 -0.0445229 -0.0136021 0.0136189
3.39 0.0122546 -0.0113119 -0.0205017 0.023885
3.4 0.00952126 -0.126121 0.00481036 0.0106674
3.41 -0.0110303 -0.104502 -0.00773843 0.0134741
3.42 -0.00806074 0.0540736 -0.0131851 0.0154538
3.43 -0.00811742 0.0230854 -0.000661242 0.00814431
3.44 -0.0108218 -0.0200882 -0.0385126 0.0400041
3.45 0.00331427 0.078315 -0.0257899 0.026002
3.46 0.000488651 -0.0178791 -0.0329265 0.0329301
3.47 -0.0121686 -0.0100793 -0.0331234 0.0352879
3.48 -0.000988418 0.0906375 0.0123979 0.0124373
3.49 -0.00627351 -0.0177021 -0.0138046 0.0151633
3.5 -0.0193169 -0.0500853 0.00488021 0.0199238
3.51 -0.0122688 0.00772286 0.0186161 0.0222954
3.52 -0.00760044 0.00465765 0.00561053 0.00944695
3.53 -0.0154456 0.0139588 0.0320266 0.0355566
3.54 -0.0153672 -0.0213963 -0.0073639 0.0170405
3.55 -0.00730477 0.0269603 0.012526 0.0145003
3.56 -0.0298502 -0.213651 -0.00798395 0.0308995
3.57 0.00689186 -0.01727 -0.0271974 0.028057
3.58 -0.00751046 0.0582081 0.0194035 0.0208063
3.59 -0.0225102 -0.0260364 -0.019537 0.0298061
3.6 -0.00568804 0.0615293 -0.00721351 0.00918632
3.61 -0.0221056 -0.0173221 -0.0252133 0.0335316
3.62 -0.0199299 -0.0766952 -0.0396031 0.0443351
3.63 0.000472549 -0.0268103 -0.00732328 0.00733851
3.64 0.00456724 -0.0424362 -0.0140768 0.0147992
3.65 -0.00740413 -0.0535851 -0.0329612 0.0337826
3.66 0.000792817 -0.0270324 -0.0264541 0.026466
3.67 -0.0152326 -0.048725 -0.000432541 0.0152387
3.68 -0.0100816 -0.0825353 -0.00141133 0.0101799
3.69 -0.00160145 -0.177293 -0.0276189 0.0276653
3.7 0.00719071 0.000785795 -0.020642 0.0218586
3.71 -0.0152636 0.0762628 -0.00646923 0.0165779
3.72 -0.0124385 -0.00084284 -0.0331934 0.0354474
3.73 -0.0109269 -0.100168 -0.0204858 0.0232178
3.74 -0.0150663 -0.0394749 -0.0453459 0.0477833
3.75 -0.00848527 0.0367905 -0.0261218 0.0274654
3.76 -0.00485837 0.0836237 -0.0193908 0.0199902
3.77 -0.000756544 0.02319 -0.0200102 0.0200245
3.78 0.00371792 0.0205504 -0.000809044 0.00380493
3.79 -0.0122482 -0.00108694 -0.0582236 0.0594979
3.8 -0.00799015 0.000809827 -0.00750109 0.0109594
3.81 -0.00812163 0.0449304 -0.00651838 0.0104139
3.82 -0.00404785 -0.0416583 -0.0331822 0.0334282
3.83 -0.00127377 0.0497478 0.0186544 0.0186978
3.84 -0.00350607 -0.0469393 -0.0133658 0.013818
3.85 -0.0192805 -0.037114 -0.000241112 0.019282
3.86 -0.00717717 -0.0806322 -0.0456105 0.0461718
3.87 -0.0121503 -0.00555557 -0.0328337 0.0350097
3.88 -0.00944632 0.0149979 -0.0137824 0.0167089
3.89 -0.00215517 -0.0522704 0.0253393 0.0254308
3.9 -0.00715899 -0.0442009 -0.0262827 0.0272403
3.91 -0.00337344 -0.0019819 -0.00106649 0.00353801
3.92 -0.00809063 0.0228777 -0.0391082 0.0399363
3.93 -0.0151863 -0.0885708 -0.0203325 0.0253778
3.94 -0.000553222 0.0188282 -0.0328662 0.0328709
3.95 -0.0106535 -0.0203262 -0.00713383 0.0128214
3.96 -0.0188188 -0.0106418 0.0121602 0.0224057
3.97 -0.0115261 -0.00582432 0.00613873 0.0130589
3.98 -0.011241 -0.00188231 -0.0190344 0.0221059
3.99 -0.00814153 0.000510986 -0.0133295 0.0156192
4 -0.00762453 -0.0620584 -0.0139397 0.0158886
4.01 0.000741494 -0.0625902 -0.0203518 0.0203653
4.02 -0.0204242 0.0392384 -0.0128666 0.0241391
4.03 -0.00785351 -0.0439564 -0.0206062 0.022052
4.04 -0.0142751 -0.0399617 -0.000133273 0.0142757
4.05 -0.0281982 0.0662835 -0.0132919 0.0311739
4.06 -0.00744087 -0.0175142 -0.0199648 0.0213064
4.07 -0.0192477 -0.0458347 -0.0142695 0.0239603
4.08 -0.0121628 -0.00145758 -0.0198692 0.0232963
4.09 -0.0109129 -0.0645315 -0.000675327 0.0109338
4.1 -0.0142863 -0.0892933 0.00571113 0.0153855
4.11 0.00467324 -0.0289769 -0.0589007 0.0590858
4.12 0.0150874 -0.0493486 -0.00143535 0.0151555
4.13 -0.00372912 -0.00182277 -0.0134766 0.013983
4.14 -0.00759106 0.00480654 -0.00699386 0.0103217
4.15 0.00559199 -0.00255561 -0.0137672 0.0148596
4.16 -0.0117629 0.0251784 -0.0257005 0.0282645
4.17 -0.0129234 -0.0365566 -0.0397015 0.041752
4.18 -0.0147992 -0.120231 -0.0144973 0.0207168
4.19 -0.00808142 0.076436 -0.0194533 0.0210651
4.2 -0.0142697 0.102789 -0.0587253 0.0604341
4.21 -0.00568121 -0.000353151 -0.0653314 0.065578
4.22 -0.0176286 -0.158748 -0.014153 0.022607
4.23 -0.0115835 0.00749059 -0.000709021 0.0116051
4.24 -0.0192083 -0.0237575 -0.0263287 0.0325908
4.25 -0.0159261 0.0274273 -0.0262889 0.0307367
4.26 -0.0164335 0.0862218 -0.0325829 0.0364925
4.27 -0.00744864 0.0448723 -0.0071776 0.0103441
4.28 -0.0145898 -0.0535768 -0.0128013 0.0194097
4.29 -0.00419548 -0.0328518 -0.0459485 0.0461397
4.3 -0.0153088 -0.00800666 -0.0136705 0.0205242
4.31 -0.0179883 -0.140667 -0.0267188 0.0322098
4.32 -0.010999 -0.0200187 -0.0321483 0.0339779
4.33 -0.00362888 -0.0237099 -0.0332617 0.0334591
4.34 -0.0215701 -0.0405328 0.00624818 0.0224568
4.35 -0.00812455 -0.00390915 -0.0323561 0.0333605
4.36 -0.0261046 -0.0149682 -0.0134999 0.0293887
4.37 -0.0136172 -0.0986179 0.0382421 0.0405942
4.38 -0.0298574 -0.168843 -0.0141181 0.033027
4.39 0.000743109 -5.48232e-05 -0.020169 0.0201827
4.4 -0.019796 -0.0278131 -0.0330052 0.0384867
4.41 -0.00801564 -0.057756 -0.00725293 0.01081
4.42 -0.000686431 0.0899748 -0.0389771 0.0389832
4.43 0.00343161 -0.00160332 -0.0203295 0.0206171
4.44 -0.017797 -0.00250695 0.0257462 0.0312985
4.45 -0.00699147 -0.0312278 -0.000366124 0.00700105
4.46 -0.0141118 -0.0983075 -0.0199688 0.0244519
4.47 -0.00624928 -0.0270353 -0.0201751 0.0211208
4.48 -0.00117119 0.0182703 -0.0325695 0.0325905
4.49 -0.00929412 0.0684037 -0.00689476 0.0115723
4.5 -0.0127743 0.0170112 -0.000499438 0.0127841
4.51 -6.00833e-05 0.0270099 -0.032502 0.0325021
4.52 -0.00351197 -0.04221 -0.0331979 0.0333832
4.53 -0.00592416 0.124439 -0.0200141 0.0208725
4.54 0.00439925 0.0419825 0.0254002 0.0257784
4.55 -0.00584147 0.137623 -0.00619954 0.00851805
4.56 -0.0119855 0.0211126 -0.032572 0.0347071
4.57 -0.0107188 -0.0688811 -0.0271806 0.0292178
4.58 0.00331104 0.0294545 -0.0264891 0.0266952
4.59 -0.00881747 0.0771025 -0.00694228 0.0112224
4.6 -0.00634739 -0.112149 -0.0135164 0.0149326
4.61 -0.0189848 -0.0863125 -0.0462537 0.0499983
4.62 0.00281652 -0.0147186 -0.0139369 0.0142187
4.63 0.00477113 -0.0334455 -0.0335107 0.0338487
4.64 -0.00782781 -0.035057 -0.00742218 0.0107872
4.65 -0.000454742 0.0409227 -0.0195163 0.0195216
4.66 -0.00715886 0.0092294 -0.019162 0.0204556
4.67 -0.0113213 0.00706995 0.00614256 0.0128803
4.68 -0.0120928 -0.0413491 -0.0459003 0.0474666
4.69 -0.00807947 -0.0439364 -0.000863905 0.00812552
4.7 -0.0071705 0.00908013 -0.00655759 0.0097169
4.71 0.00391926 -0.0422827 -0.0206644 0.0210328
4.72 -0.00783531 -0.00752516 -0.00127769 0.0079388
4.73 -0.0192403 -0.0508878 -0.000498971 0.0192468
4.74 -0.0184919 -0.0463845 -0.000597849 0.0185016
4.75 -0.00311824 -0.0336439 -0.0262691 0.0264536
4.76 -0.00408733 0.0162585 -0.026043 0.0263618
4.77 -0.00993345 -0.203222 -0.027903 0.0296184
4.78 0.00101175 -0.0491661 -0.0517595 0.0517694
4.79 -0.0113557 -0.0863384 -0.0139018 0.0179503
4.8 -0.0144938 -0.133611 -0.0335235 0.0365225
4.81 -0.0117737 0.0116776 -0.00651891 0.0134579
4.82 -0.0147611 -0.0220848 -0.0257743 0.0297019
4.83 0.00120477 -0.156471 -0.0144998 0.0145497
4.84 -0.00415724 0.0923017 -0.0391806 0.0394005
4.85 0.0028492 0.118928 -0.00644821 0.00704964
4.86 -0.0156847 0.0586368 -0.0003283 0.0156882
4.87 -0.00866387 0.14386 -0.00663126 0.0109104
4.88 0.0117199 0.00243053 -0.000810282 0.0117479
4.89 -0.000471053 0.0894858 0.00639169 0.00640902
4.9 -0.0153416 0.00526199 -0.0266501 0.0307505
4.91 -0.00793481 0.0184463 -0.013447 0.0156136
4.92 -0.0195091 0.0076929 -0.0200625 0.0279841
4.93 -0.0153608 0.0232173 -0.00702478 0.0168909
4.94 -0.000838282 0.0230372 0.0121047 0.0121337
4.95 -0.00696584 -0.0713509 -0.0201952 0.0213628
4.96 -0.00691818 -0.120484 -0.0403339 0.0409229
4.97 -0.00733565 -0.0307792 -0.0264957 0.0274924
4.98 -0.00939851 -0.203935 -0.00166503 0.00954486
4.99 -0.00508398 0.0478123 -0.0129858 0.0139455
5 -0.0131649 -0.152248 0.0178906 0.0222123
5.01 -0.00469857 -0.0278099 -0.0654235 0.065592
5.02 -0.0284595 0.138366 0.00653099 0.0291992
5.03 -0.00682435 -0.00880607 -0.000464457 0.00684014
5.04 -0.00447606 0.0163144 -0.0197169 0.0202185
5.05 -0.0176924 -0.203218 -0.0661543 0.0684792
5.06 -0.00821085 0.0498714 -0.0384519 0.0393187
5.07 -0.00529396 0.0569038 -0.0199612 0.0206513
5.08 -0.00888374 0.046146 -0.0332056 0.0343734
5.09 0.000250626 -0.0403037 -0.0133183 0.0133207
5.1 -0.0168752 0.0590508 -0.0517489 0.0544309
5.11 -0.0111904 -0.0689578 -0.0138782 0.0178278
5.12 -0.00575198 -0.116909 -0.0136215 0.0147861
5.13 -0.0151176 0.00492074 0.00611425 0.0163072
5.14 -0.00122354 0.0947528 -0.0134629 0.0135184
5.15 0.00496117 -0.109596 -0.0270079 0.0274598
5.16 -0.00716622 -0.0710553 -0.0590914 0.0595243
5.17 -0.00406117 0.0292214 -0.0196743 0.0200891
5.18 0.00193704 -0.112672 -0.0140679 0.0142006
5.19 0.00276469 0.0389645 0.0377619 0.0378629
5.2 -0.0125726 0.00776958 -0.0394871 0.0414403
5.21 -0.000291042 0.0184077 -0.0260147 0.0260163
5.22 -0.00379581 -0.0422274 -0.0137256 0.0142408
5.23 -0.00370528 -0.028432 -0.00756903 0.00842729
5.24 -0.0145815 -0.0264007 -0.0324986 0.0356199
5.25 -0.0010695 0.13056 -0.000357466 0.00112765
5.26 -0.0180855 -0.0202531 -0.0196672 0.0267187
5.27 -0.00063483 0.00940769 -0.0261293 0.026137
5.28 -0.0209219 0.0397108 -0.0387631 0.0440489
5.29 -0.00859704 0.0147095 0.00544717 0.0101775
5.3 -0.00368952 0.0163305 -0.0198349 0.0201752
5.31 -0.00765771 -0.0129583 -0.0135814 0.0155915
5.32 -0.00703843 -0.0216881 -0.0141175 0.0157748
5.33 -0.0187913 -0.0325131 -0.0132537 0.0229951
5.34 -0.0116979 -0.0101632 -0.0201722 0.0233186
5.35 -0.0299968 -0.056811 -0.0206617 0.036424
5.36 -0.0167999 0.0461555 0.0124816 0.0209291
5.37 -0.0066766 -0.0495201 -0.00673686 0.00948484
5.38 -0.0183798 -0.126916 -0.0460476 0.0495802
5.39 -0.00122071 0.103698 0.00585347 0.0059794
5.4 -0.00705234 0.0358393 0.00596766 0.00923842
5.41 -0.00452111 -0.0280602 -0.0203962 0.0208913
5.42 0.00473283 -0.0517592 -0.000899381 0.00481752
5.43 -0.00908028 0.135037 -0.0386283 0.0396811
5.44 -0.0135604 -0.0901082 0.0058039 0.0147502
5.45 -0.00861683 0.0318885 -0.0581528 0.0587877
5.46 -0.00542904 0.0616124 -0.0456919 0.0460133
5.47 -0.00795509 0.0539999 -3.9518e-05 0.00795519
5.48 -0.00458854 0.0209568 -0.0264409 0.026836
5.49 -0.000166103 0.0135506 0.0123212 0.0123223
5.5 0.000503978 -0.035672 -0.0202367 0.0202429
5.51 -0.00709531 -0.0487527 -0.00729449 0.0101761
5.52 -0.0105831 -0.113808 -0.014032 0.0175755
5.53 -0.00453171 0.00274192 -0.0205861 0.021079
5.54 -0.00344129 -0.0197267 -0.0327932 0.0329733
5.55 -0.0152372 -0.0174314 -0.032304 0.0357172
5.56 0.00399504 0.0117855 -0.00728259 0.00830641
5.57 0.0235836 0.0219649 -0.00152721 0.023633
5.58 -0.00760167 -0.0217051 -0.0588802 0.0593689
5.59 -0.0245227 0.0193761 -0.0385274 0.0456697
5.6 -0.00650134 -0.0491059 -0.0332926 0.0339214
5.61 -0.00901025 0.00163963 -0.0269093 0.0283777
5.62 -0.0178536 -0.158567 -0.0206638 0.0273083
