0 0.00369531 0.109373 0.0459715 0.0461198
0.01 -0.00709956 0.0490014 0.0138829 0.0155929
0.02 0.0148408 0.111477 0.039256 0.0419676
0.03 0.00405638 0.0605027 0.0450787 0.0452608
0.04 -0.00431327 0.0830598 -0.00575727 0.00719378
0.05 -0.012091 0.0969147 0.0327092 0.0348724
0.06 0.00308432 0.109467 -0.0116662 0.012067
0.07 -0.00499001 0.203794 0.00751198 0.00901831
0.08 0.0036153 0.0825344 0.0075341 0.00835661
0.09 -0.000935566 0.0767087 -0.0316645 0.0316783
0.1 -7.5154e-05 0.0804726 -0.00560164 0.00560214
0.11 0.0039658 0.0871059 0.000112767 0.00396741
0.12 -0.0122956 0.052274 -0.012587 0.0175958
0.13 0.00355147 0.176649 -0.0183635 0.0187038
0.14 -0.00806922 0.0805087 -0.0377592 0.0386118
0.15 -0.00430274 0.0737598 0.00765259 0.00877928
0.16 0.00261781 0.087706 -0.0187609 0.0189427
0.17 0.0129193 0.0504118 -0.0122063 0.0177736
0.18 0.0112224 0.122611 0.0262862 0.0285816
0.19 0.0158319 0.0620341 -0.0124327 0.0201301
0.2 -0.000728996 0.174436 0.0398288 0.0398355
0.21 0.00194999 0.0660797 -0.0384975 0.0385469
0.22 0.00433285 0.0866121 0.0201099 0.0205714
0.23 0.00729621 0.12044 0.0203585 0.0216265
0.24 -0.000348461 0.147365 0.026947 0.0269493
0.25 -0.00717294 0.0760248 0.0262998 0.0272604
0.26 0.00775592 0.0843962 0.00743837 0.0107463
0.27 0.00832725 0.0797012 -0.0116735 0.0143393
0.28 0.00628241 0.116861 -0.0317248 0.0323409
0.29 -0.00118936 0.17483 -0.0119798 0.0120387
0.3 0.0117727 0.100363 0.0195232 0.0227981
0.31 -0.0165619 0.0990696 0.0337001 0.0375498
0.32 -0.00799574 0.0852122 0.0202541 0.0217753
0.33 -0.00351158 0.0736148 -0.02478 0.0250275
0.34 -0.00480244 0.101099 0.000916181 0.00488905
0.35 0.00235287 0.172346 -0.00503321 0.005556
0.36 0.00179941 0.248669 -0.0375952 0.0376383
0.37 -0.00698062 0.0357035 -0.0124277 0.014254
0.38 -0.0237041 0.0947321 -0.00584097 0.0244131
0.39 0.00510925 0.0146773 0.00703621 0.00869555
0.4 -0.00318714 0.0289078 -0.0317151 0.0318748
0.41 0.0026895 0.110008 0.0330359 0.0331452
0.42 -0.00869219 0.174898 -0.00500351 0.0100294
0.43 0.00185106 0.24903 0.0273049 0.0273676
0.44 0.00820354 0.0977103 0.0199442 0.0215655
0.45 -0.00429293 0.16331 0.0143911 0.0150177
0.46 -0.0111213 0.011202 -0.00599343 0.0126334
0.47 0.0165226 0.0795302 0.0331266 0.0370185
0.48 0.0106932 0.131945 0.0133031 0.017068
0.49 -0.00178928 0.219971 0.0330226 0.0330711
0.5 -0.0100919 0.18032 -0.031445 0.0330248
0.51 -0.000238701 0.0937198 -0.0244806 0.0244817
0.52 0.00301655 0.15438 0.0393822 0.0394975
0.53 0.01033 0.114357 0.0197146 0.022257
0.54 -0.0042496 0.0917189 0.00776749 0.00885399
0.55 -0.00852946 0.205793 0.0207568 0.022441
0.56 0.00533952 0.10886 0.00628161 0.00824434
0.57 -0.00373436 0.069388 -0.00539779 0.00656365
0.58 -0.00119234 0.175153 -0.00591894 0.00603784
0.59 0.0116754 0.118184 -0.0124439 0.0170635
0.6 -0.00353958 0.127413 -0.00546659 0.00651246
0.61 0.0149889 0.116204 -0.00594648 0.0161253
0.62 -0.0116729 -0.0103692 -5.10156e-05 0.011673
0.63 -0.000107079 0.12437 -0.0374396 0.0374397
0.64 -0.0152661 0.0406143 -0.0126306 0.0198137
0.65 -0.00391522 0.0111489 0.0262822 0.0265723
0.66 -0.00368902 0.0735233 0.00783723 0.00866204
0.67 0.00244501 0.181895 0.000763356 0.00256141
0.68 0.000895648 0.0530302 0.0392246 0.0392348
0.69 -0.00021057 0.0810771 0.0257606 0.0257615
0.7 0.000159372 0.0312376 0.00668324 0.00668514
0.71 -0.0010141 0.098692 0.0394419 0.0394549
0.72 -0.00200859 0.12618 0.000746798 0.00214293
0.73 -0.00442788 0.0426052 0.0073717 0.00859931
0.74 0.00371696 0.0336006 0.0199811 0.0203239
0.75 -0.00446068 0.0916858 0.032868 0.0331693
0.76 -0.00798023 0.0675804 0.00669099 0.0104141
0.77 -0.0122786 0.110227 -0.00517654 0.0133252
0.78 0.000616563 0.0313479 0.0131618 0.0131763
0.79 0.00639904 0.130107 0.0136312 0.0150585
0.8 -0.0120628 0.0432774 -0.0128578 0.0176305
0.81 -0.0049252 0.0656978 0.000274625 0.00493285
0.82 0.00957678 0.124032 -0.0260329 0.0277386
0.83 -0.00726159 -0.0136595 -0.0320305 0.0328434
0.84 0.00361053 0.100456 0.00737845 0.00821446
0.85 0.00719194 0.067084 9.29352e-05 0.00719254
0.86 -0.0113447 0.073918 -0.0123214 0.0167486
0.87 -0.00052873 0.0987355 0.00635976 0.0063817
0.88 0.0153304 0.080247 0.0129067 0.0200401
0.89 0.00430501 0.131143 0.0140461 0.014691
0.9 0.00848467 0.0442994 0.0519199 0.0526086
0.91 0.00100566 0.0218435 0.03285 0.0328654
0.92 -0.000720061 0.205536 0.01443 0.0144479
0.93 -0.00826076 0.0540484 0.000425358 0.00827171
0.94 -0.00559339 0.124044 0.000756605 0.00564434
0.95 0.000257656 0.133466 0.0139988 0.0140012
0.96 -0.00338108 0.00669391 0.0068295 0.00762062
0.97 -0.00867351 0.156763 0.0267634 0.0281337
0.98 -0.000286382 0.102918 0.0394133 0.0394143
0.99 -5.93928e-05 0.0852998 0.0258882 0.0258883
1 0.00065714 0.053405 0.0262412 0.0262494
1.01 0.00213189 0.230816 -0.0117212 0.0119135
1.02 0.00653446 0.138932 -0.0186074 0.0197214
1.03 -0.0103568 -0.0206428 -0.0190184 0.0216556
1.04 0.0215997 0.121072 0.000180706 0.0216004
1.05 0.00381126 0.086969 0.0265982 0.0268699
1.06 -0.00464369 0.0963443 0.0205152 0.0210342
1.07 0.0072437 0.138473 0.0073279 0.0103038
1.08 0.00389557 0.0736075 -0.0312533 0.0314951
1.09 0.00238632 0.239211 0.001912 0.00305782
1.1 0.0153213 0.129282 0.0322712 0.0357235
1.11 0.0118979 0.0554681 -0.00611594 0.0133778
1.12 -0.00624104 -0.0454399 0.000172051 0.00624341
1.13 -0.00847699 0.0945962 -0.00610758 0.0104481
1.14 0.00354393 0.185284 0.0398096 0.039967
1.15 0.0118926 0.0373978 0.00664415 0.0136227
1.16 -0.00105605 0.116854 0.0389454 0.0389597
1.17 0.00849258 0.0262156 0.0197611 0.0215087
1.18 0.0112817 0.0918586 0.0130982 0.017287
1.19 -0.00848713 0.107658 0.00103466 0.00854996
1.2 -0.0130334 0.0931788 -0.012631 0.0181497
1.21 0.00308698 0.12768 0.0330268 0.0331708
1.22 -0.00450867 0.0919776 -0.0313992 0.0317213
1.23 -0.00174 0.179802 0.00706116 0.00727238
1.24 0.0160551 0.0794522 -0.0121391 0.0201277
1.25 -0.00562019 0.217758 0.0014534 0.00580508
1.26 -0.00511171 0.230787 0.00816826 0.00963587
1.27 0.00667153 0.107356 -0.012036 0.0137614
1.28 -0.000573455 0.147546 0.0204363 0.0204443
1.29 0.00670581 0.210033 0.033385 0.0340518
1.3 0.00840441 -0.00499817 -0.0315705 0.03267
1.31 0.00486495 -0.0162093 -0.0128629 0.0137521
1.32 -0.00769733 0.0674371 0.0134723 0.0155162
1.33 -0.0192821 0.0791946 -0.0120159 0.0227197
1.34 2.1121e-05 0.0134685 0.0196055 0.0196055
1.35 0.00861976 0.133097 0.0399012 0.0408217
1.36 0.00274519 0.114453 0.00741355 0.00790549
1.37 0.0123832 0.0817333 0.0264065 0.0291658
1.38 0.00628529 0.24161 0.0211474 0.0220616
1.39 0.0144726 0.111991 -0.0058804 0.0156216
1.4 0.00780326 0.0710938 0.000637601 0.00782927
1.41 0.00129587 -0.0229466 0.0195125 0.0195555
1.42 -0.0088961 0.165908 0.0144297 0.0169516
1.43 -0.0109548 -0.00236827 0.00682397 0.0129063
1.44 0.00363139 0.0782549 -0.0126063 0.0131189
1.45 0.0183508 0.0877299 -0.0259263 0.0317636
1.46 0.00659756 0.121027 0.00695807 0.00958867
1.47 0.017989 0.136601 -0.0250334 0.0308266
1.48 0.00244336 0.0967203 0.00691906 0.00733781
1.49 0.011661 0.069014 0.025715 0.0282354
1.5 -0.00208465 -0.0255402 0.0261034 0.0261865
1.51 0.007764 -0.0270325 -0.0132239 0.0153347
1.52 0.0117438 0.0957101 0.00669934 0.0135203
1.53 0.00404834 0.0242199 0.0131458 0.013755
1.54 -0.0158837 0.107795 0.0200421 0.025573
1.55 -0.000134029 0.133845 0.0263865 0.0263868
1.56 0.0224028 0.151362 0.013933 0.026382
1.57 0.00695963 0.111911 0.013701 0.0153673
1.58 0.0023075 0.168211 -0.0182689 0.018414
1.59 0.0139868 0.152327 0.0135322 0.0194616
1.6 -0.00490662 0.186186 0.0078679 0.00927247
1.61 -0.000715928 0.0810976 -0.0187322 0.0187459
1.62 -0.011049 0.0694961 0.032887 0.0346935
1.63 0.00384048 0.0825149 -0.0122081 0.0127979
1.64 0.0141657 0.192153 0.0136894 0.0196994
1.65 -0.000561925 0.094265 0.000711787 0.000906863
1.66 0.0146048 0.0719553 -0.0388169 0.0414735
1.67 0.0112829 0.109134 0.000819481 0.0113126
1.68 0.00700279 0.143094 -0.00529546 0.00877958
1.69 0.00384805 0.0735379 0.00726327 0.00821964
1.7 -0.0033347 0.0600124 0.0268245 0.027031
1.71 0.000750764 -0.0318117 0.00675533 0.00679692
1.72 0.0115499 0.12286 0.000612475 0.0115661
1.73 0.00817685 0.0622673 -0.00633833 0.0103458
1.74 -0.0051303 0.110298 0.000574986 0.00516242
1.75 0.0111418 0.0824202 -0.00557402 0.0124583
1.76 0.00215257 0.208453 -0.0054529 0.0058624
1.77 -0.0116653 0.0741598 -0.0183291 0.0217264
1.78 -0.00479428 0.105474 0.0138104 0.0146189
1.79 -0.0102424 -0.0738553 0.0318557 0.0334618
1.8 0.00269544 0.118791 0.0200372 0.0202177
1.81 0.000429692 0.0581739 -0.0575547 0.0575563
1.82 -0.0017067 -0.0654796 -0.000392688 0.00175129
1.83 0.0109326 0.110068 0.0130659 0.0170364
1.84 0.00211552 0.105919 0.0065785 0.00691029
1.85 0.00677198 0.112013 -0.0187225 0.0199096
1.86 0.00752335 0.0935538 -0.0185438 0.0200118
1.87 -0.00310136 0.0775788 0.0145137 0.0148414
1.88 0.0112001 0.105078 0.0134966 0.0175386
1.89 0.00698034 0.112189 0.0136307 0.0153141
1.9 0.00395649 0.0691981 0.0451874 0.0453602
1.91 0.000918033 0.0349128 -0.0127146 0.0127477
1.92 0.00622775 0.161599 0.000657568 0.00626237
1.93 -0.00852694 0.0188196 -0.0125882 0.0152043
1.94 0.00866668 0.0798787 0.051717 0.0524381
1.95 -0.00207761 0.122091 -0.00635641 0.00668734
1.96 0.0171717 0.0570587 -0.00645381 0.0183445
1.97 -0.0042259 0.101102 0.000759988 0.00429369
1.98 0.00741457 0.0937896 0.000625182 0.00744088
1.99 0.0135109 0.282214 0.0396827 0.0419197
2 0.00886204 0.0882567 0.0399417 0.040913
2.01 0.0155689 0.0263016 0.0198844 0.0252543
2.02 -0.00415252 0.0740787 -0.0116569 0.0123745
2.03 0.0128876 -0.0793312 -0.000257303 0.0128901
2.04 -0.000935175 0.170195 -0.044276 0.0442859
2.05 0.0064233 0.143414 0.000922252 0.00648917
2.06 0.00762408 0.12067 0.0198234 0.021239
2.07 0.0147517 0.107291 -0.0191692 0.0241882
2.08 0.00431414 0.0821079 -0.0053184 0.00684815
2.09 -0.00749864 0.1253 -0.018911 0.0203435
2.1 0.00469827 -0.0963061 0.0383228 0.0386098
2.11 -0.00388958 -0.00633446 0.000114008 0.00389125
2.12 -0.00349551 -0.0335996 -0.00629449 0.00719994
2.13 0.0154539 0.0982305 -0.0316273 0.035201
2.14 -0.000330441 0.036266 -0.0577112 0.0577122
2.15 0.0109527 0.177278 -0.245404 0.245649
2.16 0.0230461 0.00898259 -0.434059 0.434671
2.17 0.0371603 0.120641 -0.479235 0.480674
2.18 0.0598011 0.103039 -0.53944 0.542744
2.19 0.0804037 0.0368244 -0.501821 0.508221
2.2 0.064862 0.0912643 -0.533238 0.537169
2.21 0.0373456 0.0856947 -0.584239 0.585431
2.22 0.0150903 0.0685181 -0.712238 0.712398
2.23 -0.00298741 0.128569 -0.717117 0.717123
2.24 -0.00955379 0.0794382 -0.891371 0.891422
2.25 -0.0157931 0.154633 -1.01392 1.01405
2.26 0.00272629 0.147682 -1.08626 1.08626
2.27 0.0207397 0.0565324 -1.1651 1.16528
2.28 0.0599749 0.121231 -1.17269 1.17422
2.29 0.0862091 0.0604932 -1.23172 1.23473
2.3 0.112191 -0.129437 -1.21397 1.21915
2.31 0.118779 0.0181857 -1.25784 1.26344
2.32 0.125603 0.16948 -1.21184 1.21833
2.33 0.121116 0.0433179 -1.29074 1.29641
2.34 0.139215 0.0904027 -1.33026 1.33753
2.35 0.137386 0.0554683 -1.46561 1.47203
2.36 0.149608 0.137096 -1.51007 1.51746
2.37 0.158842 0.225261 -1.55538 1.56347
2.38 0.162467 0.12064 -1.64693 1.65493
2.39 0.181687 0.0687777 -1.66136 1.67126
2.4 0.180855 -0.194615 -1.61129 1.6214
2.41 0.218179 0.0595538 -1.5855 1.60044
2.42 0.229168 -0.0231311 -1.68861 1.70409
2.43 0.208655 0.0614459 -2.32131 2.33067
2.44 0.218922 -0.0341095 -2.58821 2.59745
2.45 0.288469 -0.0757243 -2.66939 2.68493
2.46 0.303227 -0.0766508 -2.64014 2.65749
2.47 0.372745 -0.155368 -2.59901 2.6256
2.48 0.432312 -0.173746 -2.67911 2.71376
2.49 0.450495 -0.220792 -2.85479 2.89011
2.5 0.476055 -0.244655 -3.02391 3.06115
2.51 0.486995 -0.349273 -3.36241 3.3975
2.52 0.522592 -0.303742 -3.54582 3.58413
2.53 0.538113 -0.380094 -3.71579 3.75456
2.54 0.601567 -0.355823 -3.80286 3.85015
2.55 0.640734 -0.371083 -3.89487 3.94722
2.56 0.662631 -0.357679 -3.9477 4.00292
2.57 0.656029 -0.406913 -4.10322 4.15533
2.58 0.653503 -0.360914 -4.10184 4.15357
2.59 0.658355 -0.358567 -4.33542 4.38513
2.6 0.611713 -0.396475 -4.43507 4.47706
2.61 0.589191 -0.31072 -4.47816 4.51675
2.62 0.590587 -0.324924 -4.43872 4.47784
2.63 0.581871 -0.190359 -4.42392 4.46202
2.64 0.564747 -0.295638 -4.46188 4.49747
2.65 0.545841 -0.493978 -4.49357 4.5266
2.66 0.547577 -0.19564 -4.53658 4.5695
2.67 0.540122 -0.18213 -4.59983 4.63143
2.68 0.5519 -0.171473 -4.68942 4.72178
2.69 0.549581 -0.160204 -4.84474 4.87581
2.7 0.545043 -0.175291 -4.97938 5.00912
2.71 0.539073 -0.100045 -5.10162 5.13002
2.72 0.55484 -0.105121 -5.15971 5.18946
2.73 0.550144 -0.186501 -5.23114 5.25999
2.74 0.561116 -0.180385 -5.3209 5.35041
2.75 0.565394 -0.0583523 -5.4762 5.50531
2.76 0.573263 -0.188242 -5.69659 5.72536
2.77 0.573491 -0.246875 -5.78079 5.80916
2.78 0.575186 -0.154317 -5.85141 5.87962
2.79 0.569162 -0.22339 -5.7542 5.78228
2.8 0.539533 -0.0687438 -4.89927 4.92889
2.81 0.505899 -0.01569 -3.28419 3.32292
2.82 0.527986 -0.0430392 -2.59349 2.64669
2.83 0.538778 0.0317936 -4.8238 4.85379
2.84 0.285022 0.446308 -7.51543 7.52083
2.85 0.285017 0.373589 -7.57755 7.58291
2.86 0.572875 -0.197904 -5.72177 5.75037
2.87 0.945332 -0.0913648 -4.12051 4.22756
2.88 1.18503 -0.222859 -3.00843 3.23341
2.89 1.28977 -0.381956 -2.40876 2.73233
2.9 1.17649 -0.239792 -2.35081 2.62877
2.91 0.943486 -0.120682 -2.38881 2.56838
2.92 0.687706 -0.113217 -2.37113 2.46885
2.93 0.515118 -0.0907234 -2.09346 2.15591
2.94 0.385213 -0.0902196 -1.46984 1.51948
2.95 0.266599 -0.147965 -0.939945 0.977022
2.96 0.174279 -0.136039 -0.561938 0.588343
2.97 0.0819129 -0.0448986 -0.261903 0.274414
2.98 0.0372944 0.0394106 -0.0409331 0.055375
2.99 -0.00492877 0.0432397 0.013789 0.0146435
3 0.00837725 0.0846116 0.0262187 0.0275245
3.01 0.00385737 0.047304 -0.0446933 0.0448595
3.02 -5.93928e-05 0.0852998 0.0258882 0.0258883
3.03 0.00203025 0.208883 0.00724277 0.00752194
3.04 -0.00525839 0.0794664 0.00635561 0.00824891
3.05 -0.00140524 0.0860404 0.0059001 0.00606513
3.06 0.00287227 0.10553 -0.00600345 0.00665517
3.07 -0.00487464 0.168037 -0.00528414 0.00718918
3.08 -0.00988083 0.0868473 -0.0187954 0.0212343
3.09 0.0114647 0.077771 0.0263267 0.0287147
3.1 -0.0121917 0.0792279 -0.00653431 0.0138324
3.11 0.0111665 0.118347 0.000517041 0.0111785
3.12 0.0110985 0.154012 0.00104956 0.011148
3.13 0.00230036 0.190379 -0.0180638 0.0182097
3.14 0.00265484 0.0967339 0.00695718 0.00744651
3.15 -0.0030873 -0.0959333 0.0122642 0.0126469
3.16 0.00751683 0.0808477 0.000155844 0.00751845
3.17 -0.00362158 0.0245063 0.0138819 0.0143465
3.18 -0.0058264 0.119669 0.0327457 0.03326
3.19 -0.00449665 0.0609747 0.0453215 0.045544
3.2 -0.00883422 0.201594 0.0208616 0.022655
3.21 0.00235631 0.123777 0.0391169 0.0391878
3.22 0.002704 0.0658329 0.00637357 0.00692344
3.23 -0.00916907 0.0728742 -0.018598 0.0207355
3.24 -0.00754462 0.031602 -0.0252366 0.0263402
3.25 0.00264199 0.212873 0.0329267 0.0330325
3.26 -0.00725532 0.0628617 -0.0126533 0.0145858
3.27 0.0180017 0.109682 0.0197328 0.0267104
3.28 -0.0153029 0.0446166 0.00758007 0.0170774
3.29 -0.00643747 0.129031 0.000482765 0.00645554
3.3 0.000165167 0.062499 0.0135989 0.0135999
3.31 0.0106745 0.127441 -0.0121252 0.0161545
3.32 -0.00442011 0.0564291 -0.00574905 0.00725182
3.33 -0.00275207 0.0195953 0.0320481 0.0321661
3.34 0.0143698 0.12101 0.000289798 0.0143727
3.35 -0.00539488 0.114965 -0.00591657 0.0080069
3.36 0.0106262 0.16777 -0.0124174 0.0163434
3.37 -0.00136203 0.143606 0.0262558 0.0262912
3.38 0.0107951 0.0963832 -0.0059663 0.0123341
3.39 0.0153237 0.0714647 0.0259055 0.0300983
3.4 0.00506687 -0.0832871 0.0254898 0.0259885
3.41 0.00340843 0.0738669 0.0330289 0.0332043
3.42 -0.00875764 0.112972 0.00666551 0.0110057
3.43 -0.000284857 0.0402206 0.00691595 0.00692181
3.44 -0.00776355 0.0722923 0.0256848 0.0268325
3.45 -0.00377867 0.171749 0.0398236 0.0400025
3.46 -0.0113164 0.0652183 0.00707974 0.0133485
3.47 0.00346274 0.118531 0.0199894 0.0202871
3.48 -0.0100517 0.108891 -0.00575413 0.0115822
3.49 -0.00595819 0.226809 0.0137173 0.0149554
3.5 -0.000583762 0.169876 0.0529551 0.0529584
3.51 0.0108142 0.114078 0.0391384 0.040605
3.52 -0.000510426 0.0496887 0.000643223 0.00082114
3.53 0.00247376 0.0386754 -0.0127543 0.012992
3.54 -0.00563153 0.190905 0.0272122 0.0277888
3.55 0.00130926 0.146658 -0.00627024 0.00640547
3.56 -0.00296413 -0.0473411 0.0325816 0.0327161
3.57 -0.00759885 0.0895315 0.0268222 0.0278778
3.58 -0.00399441 0.100417 -0.00596667 0.00718028
3.59 0.0125204 0.0462344 0.0386786 0.0406546
3.6 -0.0144798 0.0805279 0.0523402 0.0543061
3.61 -0.00611278 0.200289 0.000850507 0.00617167
3.62 0.00227488 0.0572036 -0.0320955 0.032176
3.63 -0.0265908 0.150459 0.0397066 0.0477879
3.64 0.00179721 0.0122499 0.0264324 0.0264934
3.65 -0.000181628 0.0274394 -0.0198064 0.0198072
3.66 -0.00473917 0.105996 -0.00611116 0.00773343
3.67 -0.00138728 0.116967 0.0204035 0.0204506
3.68 -0.00579941 0.244694 0.0269777 0.027594
3.69 0.00629278 0.116829 0.00706227 0.00945911
3.7 -0.0033331 0.0999081 0.0333465 0.0335127
3.71 0.00148958 0.271498 0.0139848 0.0140639
3.72 -0.000268321 0.071772 0.000112824 0.000291076
3.73 0.00977087 0.217566 0.0397421 0.0409256
3.74 -4.31517e-05 -0.00854277 0.0126573 0.0126574
3.75 -0.0062596 0.164954 -0.0187972 0.019812
3.76 -0.00178637 0.139694 -0.0183967 0.0184832
3.77 -0.00825792 0.0856328 0.0134026 0.0157424
3.78 0.00698551 0.0942474 0.0389249 0.0395468
3.79 -0.0125888 0.0747474 0.0131506 0.0182048
3.8 -0.00391715 0.0606551 0.0391038 0.0392995
3.81 -0.00831224 0.134475 -0.0113081 0.0140345
3.82 0.00652954 0.156692 0.00749059 0.00993699
3.83 0.00626 0.165909 0.0325592 0.0331555
3.84 0.0130339 0.13491 0.0387677 0.0409001
3.85 0.000563275 0.0226567 0.0384242 0.0384283
3.86 -0.00207702 0.148654 -0.0183964 0.0185133
3.87 0.0225372 0.116347 0.00601304 0.0233256
3.88 -0.0148854 -0.0892304 -0.0131401 0.0198554
3.89 0.00448762 0.0329976 0.0390104 0.0392677
3.9 -0.00853052 -0.0168493 0.00638905 0.0106579
3.91 0.000362859 0.000312429 0.00586653 0.00587774
3.92 -0.00344251 0.0162671 0.0128585 0.0133113
3.93 -0.000410899 0.107755 0.0262166 0.0262199
3.94 -0.0143825 0.120645 -0.012344 0.0189534
3.95 -0.0120576 0.0611865 0.000635073 0.0120743
3.96 -0.000340935 0.0452242 0.0065234 0.0065323
3.97 -0.000395169 0.103154 0.0585822 0.0585835
3.98 0.0147555 0.111848 0.000901545 0.014783
3.99 -0.0048149 0.23043 0.0465608 0.0468091
4 -0.00907539 0.0902506 0.000934754 0.0091234
4.01 0.00357796 0.0920423 0.0325705 0.0327664
4.02 -0.0100537 0.229263 -0.0243442 0.0263385
4.03 -0.00975234 0.117659 0.000562579 0.00976855
4.04 -0.0113222 -0.068978 0.0387899 0.0404085
4.05 -0.00399038 0.0784106 0.0261434 0.0264462
4.06 -0.00389628 0.0516645 0.0136562 0.0142012
4.07 -0.00383768 0.0422338 0.0650822 0.0651952
4.08 -0.00479901 0.146035 0.00731618 0.00874968
4.09 0.00548353 0.135251 0.00661359 0.00859119
4.1 0.007341 0.120652 0.039295 0.0399749
4.11 0.0146763 0.174392 0.00694558 0.0162369
4.12 0.00290692 0.118805 0.0200753 0.0202847
4.13 0.00308698 0.12768 0.0330268 0.0331708
4.14 -0.00031341 0.103306 0.026468 0.0264698
4.15 -0.00450942 0.0784642 0.00143158 0.0047312
4.16 -0.0117069 0.105513 0.000850155 0.0117377
4.17 -0.00541389 0.0744492 0.0067119 0.00862321
4.18 -0.00701591 -0.0362025 -0.0192515 0.0204901
4.19 3.28943e-05 0.0761524 0.00718387 0.00718395
4.2 -0.000547535 0.152522 0.0393217 0.0393255
4.21 -0.00121558 0.18839 0.0198893 0.0199264
4.22 -0.000698596 0.116392 0.0201554 0.0201675
4.23 0.00335234 0.0562309 0.0389755 0.0391194
4.24 -0.0145338 0.0267575 0.0137494 0.020007
4.25 -0.00717338 0.040194 0.0129625 0.014815
4.26 -0.0040354 -0.0151266 -0.00643514 0.00759575
4.27 0.00713389 0.0895253 0.0197368 0.0209865
4.28 0.0191556 0.0870489 0.0257589 0.0321007
4.29 0.000917302 -0.0227422 0.0132342 0.0132659
4.3 0.00666176 0.0498746 -0.0259894 0.0268296
4.31 0.000439278 0.0087777 0.0258646 0.0258683
4.32 0.007266 0.178646 0.013779 0.0155774
4.33 -0.015076 0.0589058 0.0130938 0.0199683
4.34 -0.00278925 -0.0337353 0.0257016 0.0258526
4.35 -0.00520562 0.177398 0.0266898 0.0271927
4.36 -0.00375165 0.114047 0.00107249 0.00390194
4.37 0.00581451 -0.0120018 0.0259338 0.0265776
4.38 -0.0129481 0.0833793 0.0266022 0.029586
4.39 0.0036973 0.0919354 0.0259357 0.0261979
4.4 0.0107289 0.194402 0.0461412 0.0473722
4.41 -0.000962414 0.0542767 0.0131203 0.0131556
4.42 0.0034607 0.042804 0.000130159 0.00346315
4.43 0.00760179 0.0804966 0.0133723 0.015382
4.44 0.015515 0.0578286 0.0577296 0.0597781
4.45 0.0120344 0.086751 0.00669906 0.0137733
4.46 0.0151836 0.0712943 0.0326106 0.0359721
4.47 0.0102683 0.078831 -0.0129709 0.0165433
4.48 -0.00517496 0.141813 0.0520694 0.0523259
4.49 -0.00353555 0.105407 0.0266435 0.0268771
4.5 0.00210867 0.186397 0.0400352 0.0400907
4.51 -4.35095e-05 0.0714302 0.0328765 0.0328766
4.52 0.00534763 0.184101 -0.0122358 0.0133533
4.53 -0.0164423 0.224357 0.0334925 0.0373108
4.54 0.00847993 0.222752 -0.00586836 0.0103125
4.55 -0.000146168 0.0938207 0.00733094 0.0073324
4.56 0.00531538 -0.0742457 0.051246 0.0515209
4.57 -0.000831269 0.130064 -0.0113982 0.0114285
4.58 0.00287225 0.0828905 0.000335721 0.00289181
4.59 0.00211778 0.124152 0.0261329 0.0262186
4.6 0.00845539 0.0264556 0.0194203 0.0211811
4.61 0.00573363 0.277694 0.00114167 0.00584619
4.62 0.000182453 0.0046288 0.0125915 0.0125928
4.63 0.00383695 0.149439 0.0457878 0.0459483
4.64 -0.00478055 0.0477854 0.0199782 0.0205422
4.65 -0.00435363 0.0608221 0.0325549 0.0328447
4.66 -0.00468661 0.181127 0.0468145 0.0470485
4.67 0.011404 0.0914286 0.000401865 0.0114111
4.68 -0.00950024 0.162369 0.00734153 0.0120064
4.69 -0.00233599 0.17121 0.0137435 0.0139406
4.7 0.0036527 0.0651599 0.0190392 0.0193864
4.71 -0.00545846 0.22211 0.0141151 0.0151338
4.72 0.00413374 0.0691286 0.0388231 0.0390426
4.73 -0.00080302 0.0855143 0.0198042 0.0198205
4.74 -0.00947023 0.171087 0.0133496 0.0163675
4.75 0.00776352 0.0848481 0.026034 0.027167
4.76 -0.00900774 0.0640345 -0.0256121 0.0271499
4.77 0.0153826 0.0980456 0.0392746 0.0421796
4.78 -0.000928945 0.121142 0.0200662 0.0200877
4.79 0.00787157 0.0805279 0.0388196 0.0396096
4.8 0.00325508 0.172902 0.000336292 0.00327241
4.81 0.00427596 0.0558045 -0.0187578 0.019239
4.82 -0.00619834 0.164648 0.000550418 0.00622273
4.83 0.0106069 0.185726 0.00720733 0.0128239
4.84 0.00801119 0.111649 0.0193201 0.0209152
4.85 -9.89782e-05 0.0897861 0.0259074 0.0259076
4.86 0.000432182 0.0762254 0.0133919 0.0133989
4.87 -0.00217328 0.122152 -0.00585343 0.00624386
4.88 -0.000704943 0.0944176 0.0134784 0.0134968
4.89 -0.00422531 0.114454 -0.00581721 0.0071898
4.9 0.00284446 0.0791946 0.0193443 0.0195523
4.91 0.00245974 0.128111 0.0263695 0.026484
4.92 0.00728687 0.0761492 0.0260816 0.0270804
4.93 -0.00932391 0.23835 0.026898 0.0284682
4.94 0.00420177 0.0466748 0.0328278 0.0330956
4.95 -0.00238437 0.215625 -0.0185031 0.0186561
4.96 0.00244045 0.190208 0.0528756 0.0529319
4.97 -0.0234164 0.0766671 0.00109599 0.0234421
4.98 -0.00938414 0.130698 -0.037409 0.0385681
4.99 -0.00101973 0.0675916 0.00627259 0.00635494
5 -0.0131312 0.200241 0.000997718 0.0131691
5.01 -0.00729018 0.0267865 -0.00613997 0.00953131
5.02 0.00825207 0.0308172 0.0322763 0.0333145
5.03 -0.00743378 0.0135869 0.0132038 0.0151526
5.04 0.0041387 0.0645787 0.007263 0.00835942
5.05 0.00403464 0.024253 0.0329261 0.0331724
5.06 -0.00023314 0.0184451 -0.0257441 0.0257452
5.07 -0.00175214 0.139778 -0.0119944 0.0121217
5.08 -0.00382963 0.0694295 0.0202438 0.0206028
5.09 0.0068059 0.121203 0.0393107 0.0398955
5.1 -0.000404957 0.116538 0.0132179 0.0132241
5.11 -0.00403332 0.0832397 0.00708555 0.00815308
5.12 0.00897623 0.159906 -0.00640766 0.0110286
5.13 0.00669431 0.112494 0.0391639 0.0397319
5.14 0.00826285 0.0669577 0.00675616 0.0106734
5.15 0.00257668 0.13225 0.0200948 0.0202593
5.16 -0.0119273 0.0743997 0.0262108 0.028797
5.17 0.00221181 0.154719 0.0653446 0.065382
5.18 0.00259639 0.105984 0.00692529 0.007396
5.19 0.00730042 0.0985947 0.0262157 0.0272132
5.2 -1.70339e-05 0.0803292 0.0460605 0.0460605
5.21 -0.00173004 0.15715 0.0270489 0.0271041
5.22 0.0100813 0.137223 0.0129965 0.0164481
5.23 0.00333659 0.0608326 0.0066093 0.00740376
5.24 0.00381425 0.109286 0.0141981 0.0147016
5.25 -0.0122941 0.150499 0.00204808 0.0124635
5.26 0.00400166 0.0961538 0.000692305 0.0040611
5.27 0.00245071 0.0747132 -0.0195383 0.0196914
5.28 0.00854606 -0.058438 0.00599592 0.0104396
5.29 -0.00188735 0.224278 0.0338857 0.0339382
5.3 0.00309312 0.0563284 0.0260624 0.0262453
5.31 0.0101201 0.190089 0.0143965 0.0175976
5.32 0.00721397 0.0045028 -0.00622233 0.00952674
5.33 0.00106053 0.146885 -0.00664671 0.00673078
5.34 0.00705649 0.0582597 0.0323309 0.033092
5.35 -0.00168634 0.108179 0.0392278 0.039264
5.36 0.00706342 0.0362721 -0.0192657 0.0205197
5.37 0.00180216 0.164108 0.0194731 0.0195563
5.38 0.0144489 0.112037 0.000251406 0.0144511
5.39 0.00649844 0.165534 0.045545 0.0460063
5.4 -0.00759842 0.112152 0.0456223 0.0462507
5.41 0.0115194 0.0783121 -0.0187334 0.0219918
5.42 0.0105372 0.113575 0.0202341 0.0228134
5.43 0.00709965 0.0894422 0.0133345 0.0151067
5.44 0.0111755 0.0785801 0.00652919 0.012943
5.45 0.00773623 -0.0307284 0.00578526 0.00966015
5.46 0.00596096 0.0903785 0.000560376 0.00598725
5.47 0.00655738 0.112162 0.0135545 0.0150573
5.48 0.00987506 0.132478 0.0327904 0.0342451
5.49 -0.00250033 0.0907081 0.0530407 0.0530996
5.5 -0.00339718 -0.00223742 0.0324327 0.0326101
5.51 -0.00948181 0.121775 -0.00594461 0.0111912
5.52 -0.00501126 0.132508 0.0401082 0.0404201
5.53 -0.000423053 0.125045 0.0588569 0.0588584
5.54 -0.000343222 0.174703 0.0395642 0.0395657
5.55 3.23066e-05 0.0628002 0.0137611 0.0137611
5.56 -0.000158054 0.0762551 0.0333284 0.0333288
5.57 0.00718285 0.0584632 0.0454062 0.0459708
5.58 0.000531412 0.00889823 0.0325375 0.0325418
5.59 0.0123412 0.180131 0.000564654 0.0123542
5.6 0.00199621 0.128666 0.00687475 0.0071587
5.61 -0.00514775 0.154796 0.0332989 0.0336944
5.62 -0.00363407 0.0606729 0.0196321 0.0199656
5.63 0.0204425 -0.0212026 -0.0196745 0.0283722
5.64 -0.000506608 0.0851769 0.0330582 0.033062
5.65 0.00844826 0.0712635 0.0132861 0.0157446
5.66 0.00373464 0.0824276 0.00089931 0.0038414
5.67 0.00743482 0.0582359 -0.012783 0.0147879
5.68 -0.00881697 0.0637708 -0.0255037 0.0269847
5.69 0.00746614 0.151806 0.0395759 0.040274
5.7 0.0153179 0.106985 0.0195326 0.0248226
5.71 0.00744616 0.0583644 -0.000248849 0.00745032
5.72 0.000236341 0.0493122 -0.0255872 0.0255883
5.73 -0.00427367 0.101213 -0.0121156 0.0128473
5.74 -0.00923004 0.269098 0.0147151 0.0173703
5.75 0.00776805 0.0671071 -0.0252025 0.0263725
5.76 0.00771039 0.0668889 0.0259191 0.0270417
5.77 -0.00960333 0.055423 0.00620884 0.0114356
5.78 -0.00161235 0.00134324 -0.0196638 0.0197298
5.79 0.00246392 0.0968364 0.0331024 0.0331939
5.8 0.00792623 0.0357896 0.00643715 0.0102109
5.81 0.00335014 0.0832781 0.00674339 0.00752973
5.82 0.00896291 0.0355802 0.00669803 0.0111892
5.83 -0.000736797 0.0900881 0.00671536 0.00675566
5.84 -0.00395773 0.038598 0.0260244 0.0263236
5.85 0.00181162 0.231038 0.00740966 0.00762791
5.86 0.0109785 0.127555 0.0197244 0.0225739
5.87 -0.00323881 0.0560274 0.032023 0.0321864
5.88 0.014431 0.120705 0.0196381 0.0243702
5.89 -0.000598119 0.121048 0.0134695 0.0134828
5.9 0.00761309 0.0847099 -0.006048 0.00972303
5.91 0.014988 0.0630969 -0.00700569 0.0165445
5.92 0.00550121 0.0367573 0.0397022 0.0400815
5.93 0.0154917 -0.00480292 0.00622558 0.0166958
5.94 -0.0121002 0.0433563 0.0130543 0.0177997
