0 0.0072222 0.0982604 0.051154 0.0516613
0.01 0.0149229 -0.0535577 0.0433553 0.0458517
0.02 0.0161024 0.00357469 0.0311545 0.0350697
0.03 0.00410322 -0.0206991 0.0321549 0.0324157
0.04 0.0206063 -0.0346306 0.050596 0.0546313
0.05 0.00236265 0.13254 0.0512568 0.0513112
0.06 0.0163861 -0.116921 0.0313873 0.0354071
0.07 0.0100082 0.0295646 0.0187475 0.0212517
0.08 0.00734096 0.0848013 0.0510964 0.051621
0.09 0.0115472 -0.0247087 0.00547034 0.0127774
0.1 0.00802944 0.00411176 0.0317441 0.0327438
0.11 0.0162816 -0.0233613 0.00563013 0.0172276
0.12 0.0158306 -0.0231607 0.0188616 0.0246246
0.13 0.0119413 -0.0293341 -0.00727732 0.013984
0.14 0.0116934 0.0199143 0.0253574 0.0279237
0.15 0.0160565 0.0124699 0.0638482 0.0658362
0.16 0.0185291 0.104736 0.0319616 0.0369441
0.17 0.00847551 -0.1034 -0.0143238 0.0166435
0.18 0.0072498 0.0312708 0.0121649 0.0141613
0.19 0.0226335 0.00406345 0.0438979 0.0493892
0.2 0.0159626 -0.0273655 -0.000737619 0.0159796
0.21 0.00903254 -0.157265 0.00472379 0.0101932
0.22 0.014198 0.000525319 0.0180682 0.0229792
0.23 0.0223005 0.133797 0.0572817 0.0614696
0.24 0.0193761 -0.0204625 0.0245725 0.0312928
0.25 0.00649588 0.0632445 0.0377234 0.0382786
0.26 0.0305938 -0.00500143 -0.0082307 0.0316816
0.27 0.00501314 -0.127809 0.0374149 0.0377493
0.28 0.0194396 0.00154924 0.0315201 0.0370326
0.29 0.0172538 0.0253669 -0.0266405 0.0317398
0.3 0.0188068 0.0825987 0.0572044 0.0602166
0.31 0.0154674 0.0128214 0.0312788 0.0348941
0.32 0.00646046 0.0138172 0.0508146 0.0512236
0.33 0.00961571 -0.0502531 0.00620332 0.011443
0.34 0.0203964 -0.0747019 0.011722 0.0235249
0.35 0.0192671 -0.016303 0.03804 0.042641
0.36 0.00996666 0.0345347 -0.00142477 0.010068
0.37 0.00776865 0.044267 0.0576668 0.0581878
0.38 0.0106199 0.00717203 0.0050792 0.0117721
0.39 0.00498825 -0.0836018 0.0252895 0.0257768
0.4 0.00659359 0.152121 0.0516168 0.0520362
0.41 0.0197386 -0.0295982 0.056454 0.0598052
0.42 -0.00142591 0.112146 0.0453226 0.045345
0.43 0.0142857 -0.0135207 0.0569389 0.0587037
0.44 0.0104099 0.00275142 0.0309341 0.0326387
0.45 0.0186693 0.00213263 0.0376294 0.0420061
0.46 0.0070568 0.0092175 0.0244558 0.0254536
0.47 0.00862386 -0.027192 0.0185404 0.0204479
0.48 0.0209202 -0.0794664 0.0311267 0.0375037
0.49 0.00317583 0.047174 0.0188481 0.0191138
0.5 0.010579 -0.00169341 0.0116756 0.0157555
0.51 0.00342863 -0.0201769 0.0377613 0.0379166
0.52 0.0229983 0.00797707 0.0380021 0.0444194
0.53 0.0140735 0.0985269 0.0447666 0.0469267
0.54 0.0121295 -0.0160837 0.018569 0.0221795
0.55 0.020106 0.0728621 0.0126867 0.023774
0.56 0.00163255 -0.179425 0.0109927 0.0111133
0.57 -5.55394e-05 -0.0269235 0.00570795 0.00570822
0.58 0.00173613 0.137055 0.0126444 0.012763
0.59 0.00403376 -0.0606196 0.0117145 0.0123895
0.6 0.0049714 -0.00311145 0.045097 0.0453702
0.61 0.00441776 -0.00690328 -0.00656863 0.00791603
0.62 0.0045984 -0.0246112 0.0435614 0.0438035
0.63 -0.00450622 0.0741785 0.0513487 0.0515461
0.64 0.0188332 0.0955826 0.0384339 0.0428002
0.65 0.0202776 -0.0612427 0.0117796 0.0234508
0.66 0.0146626 0.049153 0.044323 0.0466853
0.67 -0.00324967 -0.095917 0.0239867 0.0242058
0.68 0.0169234 -0.0683091 0.0632702 0.0654944
0.69 0.0059471 -0.150908 0.0248073 0.0255102
0.7 0.0121694 -0.0337616 -0.00112664 0.0122215
0.71 0.0265181 0.0507983 0.063542 0.0688534
0.72 0.0152547 -0.0844212 -0.00183852 0.0153651
0.73 0.011018 -0.0153747 -0.00751277 0.0133356
0.74 0.0165234 -0.0457419 0.0507237 0.0533471
0.75 0.00325438 0.00220923 0.0317254 0.0318919
0.76 0.0138572 -0.146689 0.0631861 0.0646878
0.77 0.0108233 0.0291932 0.0315753 0.0333788
0.78 0.012288 -0.136803 0.0308651 0.0332212
0.79 0.00867259 -0.000759646 0.044514 0.0453509
0.8 0.0220512 0.0180781 0.0244607 0.0329329
0.81 0.0231881 0.00380956 0.0186734 0.0297722
0.82 0.0147712 0.0487562 0.051407 0.0534871
0.83 -2.86382e-06 -0.0447953 -0.007515 0.007515
0.84 0.00752734 0.035697 0.0253677 0.0264609
0.85 0.00405547 -0.020588 0.01928 0.0197019
0.86 0.00778648 -0.0134229 0.00526715 0.00940065
0.87 0.00801132 -0.0805461 0.0374887 0.0383351
0.88 0.0225943 0.0484657 0.0252999 0.0339203
0.89 0.00975702 0.0433052 0.0441058 0.0451722
0.9 0.0091343 -0.0410301 0.00609519 0.0109812
0.91 0.02139 0.0408848 0.0564541 0.0603705
0.92 0.0124841 -0.0654259 0.024219 0.0272473
0.93 0.00438213 -0.0829133 0.0437006 0.0439197
0.94 0.0049125 -0.0296922 0.0317279 0.032106
0.95 0.00606399 0.125624 0.0252964 0.0260131
0.96 0.0151386 0.0444997 0.0508527 0.0530582
0.97 0.0125419 -0.038825 0.0124496 0.0176718
0.98 0.00321421 0.00277237 0.0374455 0.0375832
0.99 0.0108625 0.0115156 0.0118797 0.0160973
1 0.0128559 -0.132864 0.0113588 0.0171551
1.01 0.0200507 -0.0115558 0.0180904 0.0270054
1.02 0.00588839 -0.204052 0.0234781 0.0242053
1.03 0.00818735 -0.0496647 0.0183301 0.0200755
1.04 0.0190976 -0.00240961 0.0312841 0.0366526
1.05 0.00277535 0.100692 -0.00649283 0.00706112
1.06 0.0159914 -0.0453527 0.0184248 0.0243967
1.07 0.0112092 -0.00244721 0.012272 0.0166207
1.08 0.0100406 -0.0459178 -0.0209623 0.0232429
1.09 0.0199383 -0.0523331 0.0251579 0.0321007
1.1 0.0231776 -0.0136149 0.0435565 0.0493393
1.11 0.036442 -0.0303217 -0.151727 0.156042
1.12 0.0748174 -0.127522 -0.63336 0.637763
1.13 0.0917292 -0.168298 -0.927416 0.931942
1.14 0.092944 -0.338423 -0.977294 0.981704
1.15 0.108047 -0.267955 -0.946629 0.952775
1.16 0.110008 -0.211718 -0.817541 0.824909
1.17 0.105415 -0.276339 -0.732579 0.740124
1.18 0.094304 -0.243172 -0.601109 0.608461
1.19 0.067693 -0.150464 -0.586774 0.590666
1.2 0.0326118 -0.186592 -0.662491 0.663293
1.21 0.0133654 -0.200762 -0.76434 0.764457
1.22 -0.0181456 -0.198898 -0.912594 0.912775
1.23 -0.0190434 -0.0955246 -1.0336 1.03378
1.24 -0.0203952 -0.0409917 -1.09069 1.09088
1.25 -0.0263198 -0.157992 -1.13026 1.13057
1.26 -0.0096239 -0.15946 -1.09698 1.09702
1.27 -0.00793204 -0.116244 -1.08955 1.08958
1.28 -0.0105786 -0.194889 -1.19297 1.19302
1.29 0.00308529 -0.140506 -1.25036 1.25036
1.3 -0.00314712 -0.123149 -1.41271 1.41271
1.31 0.0521174 -0.111992 -1.49786 1.49877
1.32 0.0582578 -0.138787 -1.54998 1.55107
1.33 0.0730166 -0.134291 -1.64877 1.65039
1.34 0.0994333 -0.21304 -1.68887 1.69179
1.35 0.112461 -0.0741754 -1.75316 1.75676
1.36 0.151682 -0.134061 -1.66417 1.67107
1.37 0.148048 -0.0344292 -1.69499 1.70144
1.38 0.143765 -0.12554 -1.70147 1.70753
1.39 0.142641 -0.205016 -2.25665 2.26115
1.4 0.156011 -0.158958 -2.40741 2.41246
1.41 0.0998733 -0.211278 -2.32726 2.3294
1.42 0.272403 -0.186225 -2.3224 2.33832
1.43 0.316615 -0.209161 -2.33667 2.35803
1.44 0.322059 -0.305853 -2.55727 2.57747
1.45 0.31416 -0.202299 -2.80205 2.8196
1.46 0.307908 -0.202799 -2.98324 2.99909
1.47 0.298717 -0.227924 -3.1203 3.13457
1.48 0.29921 -0.371017 -3.26962 3.28328
1.49 0.332034 -0.301408 -3.4188 3.43489
1.5 0.355023 -0.293058 -3.49724 3.51521
1.51 0.385686 -0.44965 -3.62215 3.64263
1.52 0.32925 -0.242093 -3.33016 3.34639
1.53 0.384996 -0.285035 -3.87125 3.89034
1.54 0.349718 -0.288759 -4.10192 4.1168
1.55 0.337467 -0.375776 -4.26235 4.27569
1.56 0.354283 -0.313927 -4.3024 4.31696
1.57 0.384991 -0.239838 -4.3217 4.33881
1.58 0.429479 -0.249792 -4.34965 4.3708
1.59 0.487835 -0.286198 -4.40195 4.4289
1.6 0.512538 -0.212852 -4.51836 4.54734
1.61 0.522356 -0.187523 -4.71235 4.74121
1.62 0.549613 -0.231231 -4.86232 4.89328
1.63 0.563902 -0.253839 -4.94072 4.97279
1.64 0.58505 -0.288941 -5.00144 5.03554
1.65 0.589789 -0.283266 -5.11223 5.14614
1.66 0.59626 -0.274142 -5.209 5.24301
1.67 0.594677 -0.331459 -5.35781 5.39071
1.68 0.597819 -0.395887 -5.48741 5.51988
1.69 0.61324 -0.39686 -5.59951 5.63299
1.7 0.611645 -0.329613 -5.51544 5.54925
1.71 0.612541 -0.233183 -4.81658 4.85537
1.72 0.563118 -0.328599 -3.41373 3.45986
1.73 0.594058 -0.334833 -2.82719 2.88893
1.74 0.594558 -0.136852 -3.45821 3.50895
1.75 0.748498 -0.24609 -7.75725 7.79328
1.76 0.43227 -0.546942 -8.31696 8.32818
1.77 0.725768 -0.672578 -6.77425 6.81302
1.78 1.06572 -0.855266 -5.03777 5.14926
1.79 1.35856 -1.07019 -3.85401 4.08645
1.8 1.45326 -1.01404 -3.19836 3.51305
1.81 1.37463 -1.03616 -3.06394 3.35818
1.82 1.17059 -0.78297 -2.97215 3.19436
1.83 0.904514 -0.599913 -2.79275 2.93557
1.84 0.661314 -0.520094 -2.17889 2.27703
1.85 0.537856 -0.505219 -1.61371 1.70098
1.86 0.393239 -0.461002 -1.02845 1.10106
1.87 0.301423 -0.390425 -0.675479 0.739681
1.88 0.202987 -0.254927 -0.298779 0.36121
1.89 0.10909 -0.0810813 -0.10708 0.152862
1.9 0.0166133 0.105765 0.0569783 0.0593509
1.91 0.0183108 0.0428328 0.043863 0.0475316
1.92 0.010173 -0.0146336 0.0504208 0.0514368
1.93 0.0140628 0.0850263 0.0639482 0.0654762
1.94 0.0146098 0.0180022 0.0245316 0.0285525
1.95 0.0113722 -0.0290467 0.0377281 0.0394048
1.96 0.0264134 -0.00253784 0.0181372 0.032041
1.97 0.0109168 -0.0241159 0.0311275 0.0329864
1.98 0.00624899 0.0364433 0.0444373 0.0448745
1.99 0.0145677 0.0360029 0.0502888 0.0523562
2 -0.00531232 0.115078 0.0122464 0.013349
2.01 0.014115 -0.0486299 -0.00796918 0.0162093
2.02 0.00788303 -0.0180327 0.0317721 0.0327355
2.03 0.00343375 -0.0645011 0.0237033 0.0239507
2.04 0.00287742 0.0649491 0.02563 0.025791
2.05 0.0112419 0.0376935 0.0575102 0.0585987
2.06 0.00373777 -0.0244512 0.0117972 0.0123751
2.07 0.0121645 -0.105422 0.030767 0.0330845
2.08 0.0110075 -0.00641638 0.0567225 0.0577807
2.09 0.0144033 0.0492505 0.0314099 0.0345548
2.1 0.00789552 -0.0674101 0.0314847 0.0324596
2.11 -0.00464152 0.0428755 0.0636723 0.0638412
2.12 0.0154261 -0.0133201 0.0501538 0.0524726
2.13 0.0187065 0.078103 0.0376373 0.0420298
2.14 0.00519285 0.0280641 0.0507025 0.0509677
2.15 0.0230484 -0.000123488 0.00482632 0.0235483
2.16 -0.0100784 0.0866198 0.0127777 0.016274
2.17 0.00455384 -0.0785744 0.0700108 0.0701588
2.18 0.00618012 0.0230858 0.0119568 0.0134595
2.19 0.0181986 0.0248563 0.018339 0.0258362
2.2 -0.00733054 -0.008662 0.037635 0.0383423
2.21 0.00249528 0.0389136 0.0374525 0.0375356
2.22 0.0171104 -0.104061 0.0309643 0.0353773
2.23 0.00453094 -0.0518046 0.0378497 0.0381199
2.24 0.0114373 0.0198498 -0.0198709 0.0229274
2.25 0.0154611 0.0134872 0.0182626 0.0239284
2.26 -0.00223103 0.00612968 0.0117117 0.0119223
2.27 0.0114635 0.0152159 0.0512824 0.0525481
2.28 0.013981 0.00492019 0.0507046 0.0525968
2.29 0.0146266 0.0184421 0.0567759 0.0586297
2.3 0.0112604 0.0423784 0.031547 0.0334964
2.31 0.0113475 -0.0555444 0.0307607 0.032787
2.32 0.026574 -0.015462 0.0430776 0.0506148
2.33 0.00368593 0.0292318 0.0634959 0.0636028
2.34 0.00764969 -0.0355992 0.044083 0.0447418
2.35 0.00644258 0.0451243 0.063862 0.0641862
2.36 -4.61005e-05 0.0490939 0.0704152 0.0704152
2.37 0.0180582 0.0337926 0.0766749 0.0787727
2.38 0.00800157 -0.0675034 0.0697689 0.0702262
2.39 0.0111105 -0.00206304 0.0188359 0.0218686
2.4 0.0150907 0.0218099 0.0705692 0.0721646
2.41 0.00153682 0.0394572 0.0122534 0.0123494
2.42 0.00754744 -1.75822e-05 0.0382132 0.0389514
2.43 0.0136046 0.0583725 0.0443711 0.0464099
2.44 0.0227942 -0.0181286 0.0434611 0.0490758
2.45 0.00750264 -0.0134404 0.0247395 0.0258521
2.46 -0.00689387 0.0715679 -0.00741503 0.0101246
2.47 -0.00516412 0.0166891 0.0570613 0.0572945
2.48 0.011805 0.00598365 0.0318427 0.0339605
2.49 -0.000286062 -0.0129055 0.0309954 0.0309967
2.5 0.0196414 -0.168122 0.0308534 0.0365748
2.51 0.0227073 0.0222998 0.0439425 0.0494628
2.52 0.0106662 0.0161878 0.0444458 0.0457078
2.53 0.0185776 0.0378431 0.0442937 0.0480319
2.54 0.0194346 0.0155669 0.0119267 0.0228024
2.55 -0.00401626 -0.0106421 0.0441324 0.0443148
2.56 0.0129429 -0.0789904 0.0312134 0.0337904
2.57 0.00807361 -0.0316683 0.0635963 0.0641068
2.58 0.00762602 -0.0355534 0.0502148 0.0507906
2.59 0.0111724 0.0109839 0.031607 0.0335235
2.6 0.00651317 0.0185851 0.0312531 0.0319245
2.61 0.0135182 0.121421 0.0636525 0.0650722
2.62 0.0147256 0.031249 0.0698878 0.0714223
2.63 0.00410879 -0.0424032 0.0368977 0.0371257
2.64 0.0172835 0.043191 0.0309977 0.0354906
2.65 0.00994654 -0.00596096 -0.0139373 0.0171226
2.66 0.0187815 0.020109 0.0631534 0.065887
2.67 0.0271193 0.0772994 0.0703526 0.0753985
2.68 0.00344798 0.03353 0.044811 0.0449435
2.69 0.0179189 0.0471356 0.0505498 0.0536318
2.7 0.0162743 0.0307144 0.0248732 0.0297242
2.71 0.0341417 0.033044 0.0310095 0.046122
2.72 0.012066 -0.0607351 0.0179599 0.0216367
2.73 0.000632599 -0.111717 0.0434487 0.0434533
2.74 -0.00824205 0.0453416 0.0313165 0.032383
2.75 0.0139822 0.0316247 0.0375502 0.0400689
2.76 0.0188207 0.0197272 0.0060412 0.0197665
2.77 2.9047e-05 -0.0886924 0.0243204 0.0243205
2.78 0.01917 0.023977 0.0511258 0.0546016
2.79 0.0163882 0.128766 -0.00726251 0.0179253
2.8 0.010199 0.0519406 0.0125174 0.0161464
2.81 0.0181738 -0.00180247 0.0376252 0.0417844
2.82 0.0181051 0.00729917 0.0501977 0.053363
2.83 -0.00770139 -0.0399132 0.0309137 0.0318586
2.84 0.0180898 0.00245231 0.0438465 0.0474316
2.85 0.00782578 0.0175801 0.0962304 0.096548
2.86 0.0108432 0.0736126 0.0383865 0.0398885
2.87 0.0148436 0.00461828 0.0250152 0.0290877
2.88 0.00175192 0.155093 0.0386721 0.0387117
2.89 0.00701585 0.000352058 0.0310523 0.031835
2.9 0.0124865 -0.145883 0.0241919 0.0272243
2.91 0.0102914 0.132176 0.0382952 0.0396539
2.92 0.013624 0.112079 0.0514208 0.0531951
2.93 0.00449856 -0.0468466 0.0313259 0.0316473
2.94 0.00770536 -0.0311543 0.01846 0.0200036
2.95 0.023196 -0.0542095 0.0302703 0.0381359
2.96 -0.000861734 0.0361131 0.0641652 0.064171
2.97 0.0235877 -0.0319488 0.0115442 0.0262612
2.98 -0.00122243 0.00501035 0.0448394 0.044856
2.99 0.00660453 0.139058 0.0444751 0.0449628
3 0.0074474 0.0179457 0.0636991 0.064133
3.01 0.0156073 -0.0539506 0.0502838 0.0526503
3.02 0.0072916 0.0223769 0.0380386 0.0387311
3.03 0.0136031 0.12107 0.0768684 0.0780627
3.04 -0.000609295 -0.0217893 0.057064 0.0570673
3.05 0.0146209 -0.0447269 0.0308215 0.0341136
3.06 0.00493098 -0.141153 0.0498534 0.0500966
3.07 0.0146491 0.0493472 0.0378504 0.0405863
3.08 0.0102255 0.0476288 0.0311641 0.0327988
3.09 0.0144043 0.075794 0.0445084 0.0467813
3.1 0.00653829 0.0677028 0.0570205 0.0573942
3.11 0.00402844 -0.0201996 0.00633468 0.0075071
3.12 0.00627426 0.0762932 0.0448275 0.0452644
3.13 0.00157101 0.0169006 0.0249942 0.0250436
3.14 0.000413399 -0.080275 0.0438536 0.0438555
3.15 0.00855407 -0.0447949 0.0442674 0.0450863
3.16 -0.00267624 0.00149753 0.0640862 0.0641421
3.17 0.00154002 0.0615931 0.0512448 0.051268
3.18 0.00730531 -0.0579514 0.0505456 0.0510707
3.19 0.0230608 -0.0270223 0.0244534 0.033612
3.2 -0.00451479 -0.0236831 0.0510655 0.0512646
3.21 -0.00211361 -0.262142 0.0238123 0.0239059
3.22 0.00328506 -0.0107369 0.0507665 0.0508727
3.23 -0.00381497 -0.020206 0.0576507 0.0577768
3.24 0.0029807 0.0785507 0.0382598 0.0383758
3.25 0.020094 -0.0605074 0.00512768 0.020738
3.26 0.0147321 0.0175723 0.011836 0.0188978
3.27 0.0108764 0.0245125 0.0380288 0.0395536
3.28 0.0146798 -0.0181461 0.0441912 0.0465657
3.29 0.00974213 0.0969291 0.0447533 0.0458013
3.3 0.0220651 -0.0130666 0.0437277 0.0489794
3.31 0.016579 -0.041297 0.0251013 0.0300822
3.32 0.0105283 0.0692653 0.0510957 0.0521691
3.33 0.0112588 -0.0201571 0.0313642 0.0333237
3.34 -0.00405068 -0.0240972 0.0694459 0.0695639
3.35 0.0224059 0.040398 0.0567859 0.0610464
3.36 0.0147326 0.00926161 0.0182912 0.0234865
3.37 0.0100618 -0.0324493 -0.0013562 0.0101527
3.38 0.00492259 -0.0748232 0.0318006 0.0321793
3.39 0.00349229 -0.0820423 0.00505248 0.00614196
3.4 0.00693191 -0.0756884 0.0695615 0.069906
3.41 0.0187937 0.00656305 0.0762033 0.0784866
3.42 0.00995115 -0.0146149 0.0115956 0.0152801
3.43 -0.003992 0.00266441 0.0314234 0.031676
3.44 0.0151565 0.0131924 0.0378052 0.0407302
3.45 0.0192969 -0.0114897 0.0246109 0.031274
3.46 0.010502 -0.0424076 0.0502847 0.0513696
3.47 0.0162848 -0.0453671 0.0377403 0.0411038
3.48 -0.00043087 0.00484572 0.0375454 0.0375479
3.49 0.0117756 -0.00667723 0.0566747 0.0578851
3.5 0.0032315 -0.0418871 0.0309752 0.0311433
3.51 0.00375189 0.00191757 0.00623039 0.00727286
3.52 0.00370618 -0.0157507 0.0509641 0.0510987
3.53 0.00349993 0.0651444 0.0695488 0.0696368
3.54 0.0156609 -0.000160608 0.063736 0.0656318
3.55 0.0190439 -0.033721 0.0377464 0.0422783
3.56 0.00264429 -0.0101119 0.037636 0.0377288
3.57 -0.0128702 -0.0104465 -0.0197895 0.0236065
3.58 0.00573124 0.188434 0.0392518 0.039668
3.59 0.0266317 -0.0115008 0.0376473 0.0461147
3.6 0.0223977 0.013383 0.0502302 0.0549976
3.61 0.0111645 0.0290676 0.0637658 0.0647358
3.62 -0.000179801 0.0135838 0.0321015 0.032102
3.63 0.0117125 -0.0114129 0.0374484 0.0392373
3.64 0.0101658 -0.0151051 0.0569637 0.0578637
3.65 0.00220707 0.0794768 0.0252914 0.0253875
3.66 0.0260671 0.0246161 0.0374213 0.0456053
3.67 0.00297669 0.0202616 0.038437 0.0385521
3.68 0.00317745 0.0162034 0.0567811 0.0568699
3.69 0.0138967 0.0186235 0.0309116 0.0338916
3.7 0.0120839 -0.0430197 0.0379255 0.0398041
3.71 0.011283 -0.00685052 0.0186552 0.0218019
3.72 0.0231698 -0.004799 0.0503381 0.0554144
3.73 0.0183376 0.100915 0.0638076 0.0663904
3.74 0.0101846 0.105545 0.038304 0.0396349
3.75 0.0266315 -0.0512555 0.0300109 0.0401234
3.76 0.0134514 0.00106303 0.0180457 0.0225075
3.77 0.0110632 -0.00197156 0.0310995 0.0330087
3.78 0.0265181 0.0507983 0.063542 0.0688534
3.79 0.00420351 -0.0294142 0.0571849 0.0573391
3.8 0.0221 0.0671501 0.0440963 0.0493244
3.81 0.0187614 0.00225316 0.0443023 0.0481112
3.82 0.00757612 -0.00873691 0.0827528 0.0830989
3.83 0.00291583 0.0205473 0.044228 0.044324
3.84 0.00730891 0.00035728 0.0252291 0.0262665
3.85 0.0431818 -0.00792426 0.0376077 0.0572626
3.86 0.0101244 0.0296197 0.0444272 0.0455662
3.87 0.00226505 0.0249669 0.0128618 0.0130597
3.88 0.00239956 -0.0541896 -0.00193948 0.00308537
3.89 0.0161007 -0.0270532 0.0500103 0.0525382
3.9 0.0162819 -0.0717686 0.0820947 0.0836938
3.91 0.0102078 0.0696682 0.0188344 0.0214227
3.92 0.0246882 0.0210474 -0.0144678 0.0286151
3.93 0.0147589 0.00478868 0.0631916 0.0648922
3.94 0.00680082 -0.0221197 0.0445292 0.0450455
3.95 -0.00350483 0.00206315 0.0447858 0.0449227
3.96 0.00419673 -0.0645794 0.0308314 0.0311158
3.97 0.00778794 -0.0178301 0.0311608 0.0321192
3.98 0.00774577 -0.0224691 0.0632558 0.0637282
3.99 0.015916 -0.0272745 0.0115259 0.0196511
4 0.0147421 0.0533714 0.0639604 0.0656373
4.01 0.00213263 0.0478881 0.031824 0.0318954
4.02 2.8688e-05 -0.00871933 0.0445397 0.0445397
4.03 -0.00493851 0.0430715 0.0515327 0.0517688
4.04 0.00525688 0.0370453 0.0117214 0.0128462
4.05 0.0031136 0.100889 0.0317591 0.0319114
4.06 0.00269262 0.00312935 0.0439338 0.0440162
4.07 0.0203236 -0.0919817 0.0435105 0.0480231
4.08 0.0121476 -0.0249318 0.0505745 0.052013
4.09 -0.0108027 -0.180912 0.0242438 0.0265416
4.1 0.00367279 0.0199775 0.0830376 0.0831188
4.11 0.00588759 0.174715 0.0646737 0.0649411
4.12 0.00234987 0.136819 0.0128297 0.0130431
4.13 0.02213 0.0222969 0.0440987 0.04934
4.14 0.00691619 -0.048447 0.0308567 0.0316223
4.15 0.0157897 0.0174595 0.0634181 0.0653542
4.16 -0.00239791 0.0996729 0.0191129 0.0192628
4.17 0.0097407 0.0345547 0.0183175 0.0207464
4.18 0.0105025 0.0160631 0.0572834 0.0582382
4.19 0.00396023 -0.0111176 0.0440458 0.0442235
4.2 0.0114909 0.0110647 0.0436762 0.0451625
4.21 -0.00522556 0.0168334 0.0639667 0.0641798
4.22 0.0151629 0.0351664 0.0444822 0.0469955
