0 -0.00370655 0.00221773 0.00700462 0.00792485
0.01 -0.00410122 -0.0197199 0.0317923 0.0320558
0.02 0.015215 0.0624327 0.0196972 0.0248893
0.03 0.0106627 0.0779679 -0.00516897 0.0118496
0.04 0.0130352 0.197465 0.0138101 0.0189904
0.05 0.010427 0.0740767 0.00662871 0.0123557
0.06 0.00520835 -0.043382 0.0515597 0.0518221
0.07 0.0234724 0.0396579 0.0125389 0.0266116
0.08 -0.000822362 0.0450183 0.00729161 0.00733784
0.09 0.00120275 -0.0763351 0.038034 0.038053
0.1 0.000698561 0.262376 0.0210376 0.0210492
0.11 0.0104004 0.0650166 0.0196977 0.0222748
0.12 -0.0016545 0.183374 0.0145736 0.0146672
0.13 0.0104848 0.0607422 0.038615 0.0400131
0.14 -0.00410481 0.0513279 0.00755661 0.00859952
0.15 0.00207238 0.0879476 0.0201128 0.0202192
0.16 -6.14077e-05 0.022784 0.000566801 0.000570118
0.17 0.00227344 0.0653538 -0.0123002 0.0125085
0.18 0.00666238 0.156391 0.00732594 0.00990236
0.19 0.0140421 0.0942167 0.0128656 0.0190448
0.2 -0.0115612 0.0608745 0.000279233 0.0115645
0.21 0.00310623 0.0561538 0.00739643 0.00802221
0.22 0.0145689 0.0223477 0.0256659 0.0295125
0.23 0.0106399 0.113825 0.0394411 0.0408511
0.24 0.00979283 0.190001 0.0138147 0.0169336
0.25 0.00652935 0.14332 0.0392064 0.0397464
0.26 0.00233361 0.140937 0.0592236 0.0592696
0.27 0.00845239 -0.00528989 0.0326967 0.0337715
0.28 -0.00753289 -0.0444994 0.0127696 0.0148259
0.29 0.00755724 0.0801039 0.045828 0.0464469
0.3 -0.00342605 -0.00688995 0.0196088 0.0199058
0.31 0.0075047 0.0981369 0.0327967 0.0336444
0.32 0.0105647 0.0784935 0.000283671 0.0105685
0.33 0.00691587 0.0673767 0.0392746 0.0398789
0.34 -8.42754e-05 0.0360013 0.051513 0.051513
0.35 0.00234555 0.203782 0.0205484 0.0206819
0.36 -0.00636948 -0.0765935 0.0584592 0.0588052
0.37 0.0137998 0.0854861 0.00681944 0.0153928
0.38 0.00774356 0.00836005 0.0264372 0.0275479
0.39 -0.000288436 0.00455166 0.0258932 0.0258948
0.4 0.0191627 0.042241 0.0318931 0.0372072
0.41 0.0110163 0.0380746 -0.0255307 0.027806
0.42 0.00383624 -0.0155287 -0.0196667 0.0200374
0.43 0.00313682 0.0782235 0.00682478 0.00751114
0.44 0.00224763 0.092105 0.0392471 0.0393114
0.45 -0.00465979 0.0874131 0.0461183 0.0463531
0.46 0.00719518 0.11186 0.0327459 0.0335271
0.47 0.0102725 0.047557 -0.00623806 0.0120182
0.48 0.00743796 -0.14211 -0.0144116 0.0162178
0.49 -0.00214623 0.121763 0.00709247 0.00741009
0.5 0.00522134 0.202453 0.000304819 0.00523023
0.51 0.013862 0.0853415 -8.59344e-05 0.0138623
0.52 0.00397619 0.0335032 0.0328942 0.0331337
0.53 0.0104444 0.109371 0.0455156 0.0466986
0.54 -0.00406913 0.100575 0.0458582 0.0460384
0.55 0.00528976 0.103769 0.0197816 0.0204766
0.56 0.00287967 0.0963922 0.0397215 0.0398258
0.57 0.0130684 0.148365 0.0134524 0.018755
0.58 -0.00123079 0.0234556 -0.0257855 0.0258149
0.59 0.017613 0.105995 -0.0196318 0.0263747
0.6 0.0176092 0.07425 -0.00635601 0.0187212
0.61 -0.00407834 0.0470162 0.0262034 0.0265188
0.62 0.00771889 -0.0181376 0.0194704 0.0209446
0.63 0.0152609 0.0535374 -0.0129966 0.0200451
0.64 0.0142201 0.147254 0.00755741 0.0161036
0.65 0.0146919 0.0486419 -0.0253259 0.0292789
0.66 -0.00145172 0.175089 0.00742155 0.0075622
0.67 0.0069918 0.0136282 0.00658328 0.00960338
0.68 0.00685576 0.0849576 0.00764832 0.0102712
0.69 -0.0015574 0.0722283 0.0329018 0.0329387
0.7 -0.0030954 0.153387 -0.0183701 0.018629
0.71 -0.00866261 0.0101759 -0.0317418 0.0329026
0.72 -0.00327638 0.0600302 0.0522343 0.052337
0.73 0.0118077 0.0374071 0.0710735 0.0720476
0.74 -0.0047452 -0.0280201 -0.0257926 0.0262254
0.75 0.00566395 0.228183 0.00782739 0.00966169
0.76 9.49376e-05 0.00906526 0.0259886 0.0259888
0.77 0.00335931 0.127408 0.0272739 0.0274801
0.78 0.000406859 -0.00890404 0.0256794 0.0256826
0.79 0.0114732 0.0689547 0.0195451 0.0226637
0.8 0.0101156 0.181447 0.0262808 0.0281603
0.81 0.00819319 -0.0628479 0.0457317 0.0464598
0.82 0.00672766 0.0541261 0.0134289 0.0150199
0.83 -0.00192565 0.0727422 -0.0122345 0.0123851
0.84 0.00728105 0.035459 0.0200416 0.0213232
0.85 0.015518 0.00427684 -0.031982 0.035548
0.86 -0.0190141 0.0114866 -0.0189465 0.0268423
0.87 0.0180103 0.100866 0.0129512 0.0221834
0.88 -0.0049315 0.136888 0.0334926 0.0338537
0.89 -0.0017818 0.0857611 0.0198139 0.0198938
0.9 0.0172458 0.136796 -0.00597822 0.0182525
0.91 0.0178188 0.194294 0.0527378 0.0556668
0.92 -0.00139485 0.125944 0.000932073 0.00167761
0.93 0.0125469 0.0324937 0.0582017 0.0595388
0.94 0.00680443 0.036189 0.0192134 0.0203827
0.95 0.0105802 0.154026 0.0266149 0.0286408
0.96 0.00772919 -0.0404679 -0.0130509 0.015168
0.97 -0.00783942 -0.00845986 0.000318765 0.0078459
0.98 0.0110561 0.0560472 0.0195032 0.022419
0.99 0.00721823 0.075822 0.0395298 0.0401834
1 0.0203221 0.0547928 0.039134 0.044096
1.01 -0.000428464 0.027021 0.0262597 0.0262632
1.02 0.00352959 0.0561614 0.0326113 0.0328017
1.03 0.00770204 0.0623527 0.0392779 0.0400259
1.04 0.0095115 0.123362 0.00649053 0.011515
1.05 -0.00437956 0.0558464 0.013667 0.0143516
1.06 0.011959 0.0286188 0.000133077 0.0119597
1.07 0.00290452 0.123051 0.0204353 0.0206407
1.08 0.00900271 0.168805 0.00677627 0.0112679
1.09 0.00787384 -0.0048096 0.0126607 0.0149095
1.1 0.00241396 0.101355 -0.00566554 0.00615838
1.11 0.00244853 0.185496 -0.0110015 0.0112707
1.12 0.00263537 0.0655056 0.0198225 0.0199969
1.13 0.00653667 0.111884 0.0136247 0.0151116
1.14 0.0052654 -0.0255853 0.0193601 0.0200633
1.15 -0.000248815 0.0227051 0.0195355 0.0195371
1.16 0.0132248 0.121635 -0.0321937 0.0348042
1.17 0.00526157 0.237701 0.0330606 0.0334767
1.18 0.00694312 0.089789 0.0196284 0.0208202
1.19 0.0120971 -0.0205545 0.012921 0.0177
1.2 -0.000542423 0.0319873 0.0255973 0.025603
1.21 -9.02833e-05 0.0181314 -0.0122571 0.0122574
1.22 0.00198187 0.150363 0.0136227 0.0137661
1.23 0.00626315 0.0854519 0.032532 0.0331294
1.24 -0.00837771 0.0499088 0.00670012 0.0107274
1.25 0.0260211 0.0779949 -0.000649986 0.0260292
1.26 -0.00378957 0.00663309 -0.0130296 0.0135695
1.27 -0.000836659 0.111994 0.00136184 0.00159831
1.28 0.00667614 0.0987025 0.0134969 0.0150578
1.29 0.00684639 0.0180273 0.0197099 0.0208651
1.3 -0.00385315 -0.0332986 0.0387485 0.0389396
1.31 0.0160088 0.0484316 0.0391725 0.0423174
1.32 2.68808e-05 0.0220902 0.0328597 0.0328597
1.33 0.00791549 0.0354998 0.020156 0.0216545
1.34 0.0166 0.132542 0.0133277 0.0212882
1.35 0.00348795 -0.0377186 0.0191104 0.0194261
1.36 0.00955097 0.0972124 0.0195063 0.021719
1.37 0.018764 0.0781601 0.0127693 0.0226968
1.38 -0.000258938 0.0451963 0.0258014 0.0258027
1.39 0.00585175 0.125308 0.0526256 0.05295
1.4 0.0034046 0.015739 0.00695312 0.00774191
1.41 0.00281852 0.0515792 0.00679551 0.00735684
1.42 -0.000227096 -0.107615 -0.0191576 0.0191589
1.43 0.0150907 0.0576605 0.0587684 0.060675
1.44 -0.00438885 0.0341956 0.013054 0.013772
1.45 0.00410765 -0.00653261 -4.22434e-05 0.00410787
1.46 0.00459823 0.175694 -0.0315765 0.0319096
1.47 0.00986807 0.221589 0.00728462 0.0122656
1.48 -0.0088371 -0.0260892 0.00661589 0.0110392
1.49 0.00162579 0.110606 0.0198298 0.0198963
1.5 0.00809311 0.0489632 -0.044177 0.0449122
1.51 0.00747701 0.0398936 0.0391057 0.0398141
1.52 -0.0109708 0.0113402 0.0260886 0.0283015
1.53 0.0138036 0.0945916 -0.00011846 0.0138041
1.54 -0.00384381 0.010992 0.0330254 0.0332484
1.55 0.00867895 0.030682 3.80475e-05 0.00867903
1.56 0.00279352 0.127694 0.0137113 0.013993
1.57 0.00209032 0.159234 0.0460839 0.0461313
1.58 0.00349358 0.0963167 0.0136532 0.0140931
1.59 0.00328765 0.0651701 0.0192335 0.0195125
1.6 0.0108327 0.0920387 0.0514682 0.0525958
1.61 0.00056 -0.0315479 0.00664693 0.00667048
1.62 -0.0047486 0.00699649 0.0131628 0.0139932
1.63 0.0150972 -0.000157828 -0.00616535 0.0163076
1.64 0.00232263 0.127617 0.0270131 0.0271127
1.65 0.0104428 0.069475 0.0389943 0.0403684
1.66 0.00660669 0.0719928 -0.0124064 0.0140558
1.67 0.00967508 0.0791838 0.0130271 0.0162269
1.68 -0.00375208 -0.0152894 0.0254854 0.0257601
1.69 0.00709508 0.0272299 0.0192131 0.0204813
1.7 0.0068842 0.0537793 0.007135 0.00991465
1.71 0.0119017 0.0110028 -0.0190589 0.0224698
1.72 -0.0076186 0.0226335 9.66723e-05 0.00761922
1.73 0.00633457 0.085295 0.0392752 0.0397827
1.74 -0.000816601 0.0536399 0.0205458 0.020562
1.75 0.00991972 0.154534 -0.0127002 0.0161151
1.76 0.0135269 0.0497663 0.025488 0.0288551
1.77 0.000545513 0.0220563 0.0324329 0.0324375
1.78 -0.0020623 0.0948688 0.00720973 0.00749888
1.79 0.00135062 0.101933 0.00626627 0.00641017
1.8 0.0143695 0.0491867 -0.000133604 0.0143701
1.81 0.00051147 0.0353451 -0.00568519 0.00570815
1.82 0.0141292 0.116183 0.0136814 0.0196676
1.83 0.00653939 0.0718065 -7.50509e-05 0.00653982
1.84 -0.0080423 0.0185219 0.0319749 0.0329708
1.85 0.0011826 -0.143214 -0.0138301 0.0138806
1.86 0.00383808 -0.00674458 0.025902 0.0261849
1.87 0.0149711 0.0220975 0.0258124 0.0298398
1.88 -0.00185739 0.130403 0.000875031 0.00205319
1.89 -0.00452115 0.0384201 0.00751465 0.00876988
1.9 -0.00998611 0.0774725 -0.00592662 0.0116124
1.91 0.010439 0.0339868 0.00657998 0.0123397
1.92 0.00743404 0.0220829 0.0263864 0.0274136
1.93 0.0012338 -0.0720052 0.0447964 0.0448134
1.94 0.00849435 -0.0140227 0.0323168 0.0334145
1.95 0.010808 0.0828366 0.00708417 0.0129228
1.96 0.0142947 0.076069 0.0134002 0.0195935
1.97 -0.00110009 0.0272202 0.0258045 0.025828
1.98 0.00587596 0.0454501 2.16257e-05 0.005876
1.99 -0.011252 0.00723581 0.0189472 0.0220365
2 0.0146845 0.102557 0.0201727 0.0249513
2.01 0.0078479 0.0937845 0.0394885 0.0402608
2.02 0.00368006 0.00209408 -0.0256539 0.0259165
2.03 -0.0013352 0.0631028 0.0200969 0.0201412
2.04 0.0036016 0.0693568 0.0327772 0.0329745
2.05 -0.0189517 0.0708192 -0.295124 0.295732
2.06 -0.0344668 0.091866 -0.778058 0.778821
2.07 -0.0378568 0.1212 -1.08247 1.08313
2.08 -0.0104985 -0.00720217 -1.00758 1.00764
2.09 0.0530449 -0.0196463 -0.766473 0.768307
2.1 0.0767776 0.0498587 -0.604587 0.609442
2.11 0.0655271 0.0248864 -0.57731 0.581017
2.12 0.0376991 0.0650066 -0.684739 0.685776
2.13 -0.0379947 0.0676105 -0.850198 0.851047
2.14 -0.105 0.060335 -1.06769 1.07284
2.15 -0.122274 0.0712874 -1.17711 1.18344
2.16 -0.109011 -0.168486 -1.31494 1.31945
2.17 -0.0934687 0.4732 -1.38509 1.38824
2.18 -0.0395768 -0.0683614 -1.51223 1.51275
2.19 0.00361596 0.0925228 -1.55849 1.55849
2.2 0.00403962 -0.0642878 -1.6375 1.6375
2.21 0.0419416 -0.0431448 -1.71576 1.71628
2.22 0.0252352 -0.176306 -1.81964 1.81981
2.23 0.0547053 -0.113765 -1.91733 1.91811
2.24 0.0479578 0.00569575 -1.96976 1.97035
2.25 0.0661422 -0.210676 -2.00259 2.00368
2.26 0.0555539 -0.066359 -2.02683 2.02759
2.27 0.0617244 -0.0836011 -2.06512 2.06605
2.28 0.0483709 0.0717401 -2.19306 2.19359
2.29 0.0867626 -0.231998 -2.76013 2.76149
2.3 0.0941261 -0.0442489 -2.82921 2.83077
2.31 0.166772 -0.213944 -2.86071 2.86557
2.32 0.232153 -0.201359 -2.83815 2.84763
2.33 0.309036 -0.248691 -2.83459 2.85139
2.34 0.349976 -0.203507 -2.88703 2.90816
2.35 0.371959 -0.243342 -3.08794 3.11026
2.36 0.382233 -0.284685 -3.27599 3.29821
2.37 0.37294 -0.283297 -3.52083 3.54052
2.38 0.39253 -0.24939 -3.72338 3.74401
2.39 0.416387 -0.339255 -3.82243 3.84504
2.4 0.425867 -0.278655 -3.93854 3.9615
2.41 0.443897 -0.235298 -4.08795 4.11198
2.42 0.460509 -0.32123 -4.22308 4.24812
2.43 0.483787 -0.348181 -4.39115 4.41772
2.44 0.497777 -0.356879 -4.53248 4.55973
2.45 0.537744 -0.296002 -4.63778 4.66885
2.46 0.525131 -0.355208 -4.78045 4.8092
2.47 0.554625 -0.283264 -4.91029 4.94151
2.48 0.545618 -0.290702 -5.33037 5.35822
2.49 0.542215 -0.239992 -5.57553 5.60183
2.5 0.57388 -0.434026 -5.64897 5.67804
2.51 0.619259 -0.386903 -5.50223 5.53697
2.52 0.457682 -0.243124 -3.70362 3.7318
2.53 0.575101 -0.18404 -2.52501 2.58967
2.54 0.514104 -0.110435 -2.25738 2.31518
2.55 0.626046 -0.189651 -7.53004 7.55602
2.56 0.133129 -0.0635872 -8.07629 8.07739
2.57 0.497558 -0.501713 -8.06668 8.08201
2.58 0.83877 -0.85165 -6.42987 6.48435
2.59 1.16488 -0.717438 -5.01269 5.14626
2.6 1.33349 -0.646859 -4.38496 4.58324
2.61 1.27047 -0.604616 -4.41919 4.59819
2.62 0.950535 -0.475687 -4.82273 4.91551
2.63 0.633098 -0.5268 -5.07291 5.11227
2.64 0.477205 -0.416402 -4.95018 4.97312
2.65 0.408766 -0.444921 -4.67282 4.69066
2.66 0.374347 -0.414832 -4.08417 4.10129
2.67 0.405731 -0.288163 -3.68524 3.70751
2.68 0.432775 -0.394559 -3.3438 3.37169
2.69 0.416181 -0.161989 -2.97708 3.00603
2.7 0.354758 -0.222883 -2.53204 2.55677
2.71 0.322017 -0.162517 -2.0961 2.12069
2.72 0.276921 -0.148502 -1.58487 1.60888
2.73 0.210374 -0.0722726 -1.18695 1.20545
2.74 0.151089 -0.142682 -0.95248 0.964389
2.75 0.0883814 -0.0508903 -0.773747 0.778778
2.76 0.0122176 0.0273749 -0.614787 0.614908
2.77 -0.0480722 0.0817544 -0.474998 0.477424
2.78 -0.0476951 0.116132 -0.22716 0.232113
2.79 -0.0457777 0.0334116 -0.0483823 0.0666066
2.8 -0.000313662 0.040912 0.0251707 0.0251727
2.81 -0.00076147 0.0541615 0.000624936 0.00098508
2.82 0.00671451 0.031661 0.0384334 0.0390156
2.83 0.00264889 0.0653114 0.0262951 0.0264282
2.84 -0.00537239 0.0655748 0.00744519 0.00918115
2.85 0.00221842 0.173111 7.60539e-05 0.00221972
2.86 0.0272283 0.0199112 -0.0267657 0.0381809
2.87 0.0226279 -0.0714815 0.0312152 0.038554
2.88 0.0134165 0.103612 0.00038484 0.013422
2.89 -0.00883469 -0.00769582 -8.33078e-05 0.00883508
2.9 -0.00487462 0.0877422 0.0270032 0.0274396
2.91 -0.00601901 0.0122987 -0.00626499 0.00868784
2.92 0.00650326 0.0808699 -0.00512183 0.00827801
2.93 0.0137355 0.0408352 0.00620978 0.015074
2.94 -0.00216336 0.0636489 0.0259356 0.0260257
2.95 -0.00131956 0.0362031 -0.018846 0.0188922
2.96 0.0020404 0.092886 0.0387276 0.0387813
2.97 0.0177137 0.034261 0.0254068 0.0309722
2.98 0.00981511 0.0567145 0.0126606 0.0160196
2.99 -0.00115359 0.0319204 -0.00578748 0.00590133
3 0.0119087 0.0459872 0.0586861 0.0598822
3.01 0.0104662 0.0296745 0.0252267 0.0273117
3.02 0.0260389 0.0691664 0.00621946 0.0267713
3.03 0.00552054 0.0643252 -0.0130255 0.0141471
3.04 0.00266185 0.0744047 0.0330064 0.0331135
3.05 -0.00871359 0.0454649 -0.031915 0.0330832
3.06 0.00182372 0.0881741 0.0197338 0.0198179
3.07 0.00625543 0.116908 0.032975 0.0335631
3.08 0.02093 0.09032 0.0125198 0.0243888
3.09 -0.00313222 -0.0868773 0.0187056 0.0189661
3.1 0.0139526 0.0587382 0.04488 0.0469988
3.11 -0.015529 0.0183939 -0.0131462 0.0203463
3.12 0.0156815 -0.0583347 0.0315284 0.0352129
3.13 0.0162411 -0.0993307 0.0641903 0.066213
3.14 0.00770818 -0.00899869 0.0323135 0.0332202
3.15 -0.00806582 0.00929976 0.0127294 0.0150697
3.16 0.0116306 0.0508485 0.0457219 0.047178
3.17 0.00681459 0.0363375 0.00660898 0.00949301
3.18 0.00478463 0.0330841 -0.0195526 0.0201295
3.19 -0.00786726 -0.0574353 0.032005 0.0329578
3.2 0.00710269 0.0408926 0.032346 0.0331166
3.21 0.0108522 0.0696964 0.0325979 0.0343568
3.22 0.00132955 0.0308094 0.0126095 0.0126794
3.23 0.00323118 0.0739365 0.0393931 0.0395254
3.24 0.0118068 0.0015958 0.032597 0.0346694
3.25 -0.00898146 0.0369219 0.0256268 0.0271551
3.26 0.0108965 0.0246485 0.0390729 0.0405638
3.27 -0.0122386 0.025426 0.0522301 0.0536449
3.28 -0.00476481 0.123479 0.0200571 0.0206153
3.29 -0.00696421 0.307578 -0.00525516 0.0087245
3.3 0.00390786 0.0108583 0.000172603 0.00391167
3.31 -0.00181621 0.0855169 0.0396645 0.0397061
3.32 -0.000724033 0.0763805 0.0460188 0.0460245
3.33 -0.00093872 0.054231 0.00698917 0.00705193
3.34 -0.0129323 0.101417 0.0526268 0.0541924
3.35 0.0133234 0.0992463 0.05192 0.0536022
3.36 0.00508761 0.0775214 -0.0322131 0.0326124
3.37 -7.21631e-05 0.0628539 0.0257541 0.0257542
3.38 0.00644313 -0.00826603 0.00646418 0.00912685
3.39 0.00749552 0.0445784 0.0131425 0.0151297
3.4 0.00174854 0.0525009 0.0582208 0.0582471
3.41 0.00028435 0.0622311 0.0332177 0.0332189
3.42 0.00705055 0.0494769 0.0453296 0.0458747
3.43 0.00649295 0.0899892 0.0328599 0.0334952
3.44 0.00256155 0.0699089 0.0134393 0.0136812
3.45 -0.00945278 0.11716 -0.0184998 0.0207749
3.46 -0.00599537 0.146754 0.0456637 0.0460556
3.47 -0.0088239 0.098969 0.0206301 0.0224379
3.48 0.00382024 0.0472022 0.032611 0.032834
3.49 -0.015717 0.0140903 0.0388939 0.0419495
3.5 0.0116523 0.0512864 0.019398 0.0226287
3.51 0.0111643 0.0424592 0.00691141 0.0131305
3.52 -0.00180617 0.117573 0.0460988 0.0461341
3.53 0.00591744 0.125958 0.0452389 0.0456243
3.54 -9.04799e-05 0.0583301 0.0254643 0.0254645
3.55 0.00908102 0.110468 0.0513725 0.052169
3.56 -0.00377733 -0.0551394 0.0250958 0.0253785
3.57 0.0109894 0.0156426 0.0192541 0.0221696
3.58 0.0211236 0.099001 0.0319446 0.0382971
3.59 0.00667992 0.0542373 0.000553963 0.00670285
3.6 -0.00897865 0.0590775 0.0394797 0.0404878
3.61 0.0064268 0.036554 -0.0133185 0.0147881
3.62 0.00756716 0.0404977 0.0255871 0.0266826
3.63 0.00152505 0.0925773 0.0582339 0.0582539
3.64 0.010968 0.0565602 0.0386018 0.0401297
3.65 -0.00504534 0.109947 0.0137914 0.0146853
3.66 -0.00574714 0.110696 0.0327055 0.0332066
3.67 0.0175247 0.0877922 0.000103934 0.017525
3.68 -9.24673e-05 0.0221971 0.0394945 0.0394946
3.69 0.0107567 0.0472788 0.0131864 0.0170173
3.7 0.00718715 -0.0179291 0.0385631 0.0392271
3.71 0.00572206 0.134876 0.0195976 0.0204159
3.72 0.00368473 0.0160799 -0.00645702 0.0074344
3.73 0.0223825 0.0670266 0.025739 0.0341097
3.74 0.000778459 -0.0670744 0.0381965 0.0382044
3.75 0.00726794 0.0488444 0.0332447 0.0340299
3.76 -0.00733598 -0.116115 0.00591362 0.00942272
3.77 0.0103884 0.105106 0.0197465 0.0223124
3.78 -0.000206826 0.027183 0.0136934 0.013695
3.79 0.0113362 0.0469591 0.00696872 0.0133068
3.8 0.013956 0.094246 0.0521557 0.0539906
3.81 0.00740308 0.0762043 0.0517613 0.052288
3.82 0.00736403 -0.00855005 0.00618459 0.00961655
3.83 0.00229501 0.101442 0.0261078 0.0262085
3.84 0.00635584 0.0762849 0.0389662 0.0394812
3.85 -0.00823783 0.0499182 0.026248 0.0275104
3.86 -0.000479604 -0.00837575 0.00610904 0.00612784
3.87 0.00280424 0.0250492 0.0386184 0.03872
3.88 -0.000724113 -0.0394234 0.0124623 0.0124833
3.89 -0.0023503 0.215547 0.0141529 0.0143467
3.9 0.00549569 0.188486 0.0202069 0.0209409
3.91 0.0108217 0.0560789 0.0255968 0.0277904
3.92 -0.00593152 0.155574 0.0329355 0.0334654
3.93 0.00288295 0.0737515 -0.0125099 0.0128378
3.94 -0.00111834 0.0679759 0.0128377 0.0128863
3.95 -0.000788318 0.0317295 0.0454098 0.0454166
3.96 -0.0035842 -0.0690785 0.0257199 0.0259684
3.97 0.00568268 0.0818678 0.019312 0.0201307
3.98 0.0268732 0.0998622 0.032435 0.0421212
3.99 0.00592393 0.0813506 -0.0251577 0.0258458
4 0.00246305 0.0478145 8.8748e-05 0.00246465
4.01 -0.00688453 -0.0314618 0.0390324 0.0396349
4.02 -0.000278543 -0.111265 0.00598524 0.00599172
4.03 0.0265066 0.0694056 0.0252322 0.036596
4.04 0.0105214 0.0697896 0.0391945 0.0405822
4.05 -0.000952234 0.0544253 0.000516536 0.00108331
4.06 0.019108 -0.0156139 0.0252568 0.0316705
4.07 0.00727545 -0.0759366 0.0191603 0.0204951
4.08 0.0146965 0.039988 0.000206999 0.014698
4.09 0.0111366 -0.0330798 0.0506376 0.0518478
4.1 0.0139763 0.152199 0.000998071 0.0140119
4.11 0.0109833 0.109634 0.01988 0.0227123
4.12 0.00644757 0.0632142 0.0259634 0.026752
4.13 -0.00485114 0.0743246 0.0525871 0.0528104
4.14 -0.00931005 0.148753 0.0140278 0.0168361
4.15 0.00327694 0.0743091 0.0320766 0.0322436
4.16 0.0103059 0.0744866 0.0444636 0.0456423
4.17 0.00664743 -0.00872399 0.0130458 0.0146418
4.18 0.00785382 -0.0135784 0.0705784 0.0710141
4.19 0.0110949 0.0474764 0.0514384 0.0526214
4.2 -0.00822391 0.0629151 0.0523964 0.0530379
4.21 -0.00751403 -0.0492631 0.0128182 0.0148582
4.22 0.00300142 0.0920388 0.0327267 0.0328641
4.23 -0.000782927 0.0497997 0.0326497 0.0326591
4.24 0.00970855 0.146049 0.019973 0.0222076
4.25 0.0017887 0.154873 0.0138743 0.0139891
4.26 0.0126851 -0.145836 0.0440103 0.0458019
4.27 -0.0126827 0.0345701 0.0262099 0.0291172
4.28 -0.000529496 0.0184408 0.0386471 0.0386507
4.29 -0.000376866 0.0850378 0.0652111 0.0652122
4.3 0.00694035 0.103484 -0.00602586 0.00919127
4.31 0.0191633 0.0555933 0.0253159 0.031751
4.32 0.00164211 0.119356 0.0456181 0.0456477
4.33 0.0217041 0.147865 0.0324869 0.0390701
4.34 0.0179633 0.0341951 -0.000467292 0.0179694
4.35 0.00665247 0.0987483 0.0196287 0.0207254
4.36 0.00471025 0.104089 0.0259987 0.0264219
4.37 0.0197859 -0.0606205 0.0318462 0.0374922
4.38 -0.00222005 0.126167 0.000709316 0.00233061
4.39 -0.000145534 0.0363066 0.0321653 0.0321657
4.4 0.0103739 0.0561175 0.00651381 0.0122494
4.41 0.0147366 0.0939722 0.00718899 0.0163966
4.42 0.0101718 0.145674 -0.0119244 0.0156735
4.43 0.00274099 0.0427921 0.0393065 0.039402
4.44 0.0105822 0.0299103 -0.000485796 0.0105933
4.45 0.014958 0.0581227 0.032677 0.0359378
4.46 0.0122422 0.144684 -0.00620807 0.0137263
4.47 0.00808793 0.0307123 0.0199746 0.0215499
4.48 0.0143763 0.0628499 0.0130018 0.0193836
4.49 0.0148622 0.0448119 0.0648958 0.0665759
4.5 0.00234752 0.0834095 0.0391385 0.0392088
4.51 0.00752635 0.0223644 0.00680631 0.0101475
4.52 0.0074739 0.0400555 0.0714208 0.0718108
4.53 0.00665905 0.0632278 0.0260015 0.0268407
4.54 0.0222902 0.0761739 0.0444434 0.0497199
4.55 0.010747 0.0829612 0.0391281 0.0405772
4.56 -0.00792694 -0.0172343 0.0191788 0.0207524
4.57 0.00286521 0.149996 0.0655082 0.0655708
4.58 -7.29379e-05 0.0361297 0.0640471 0.0640471
4.59 0.0113109 -0.0381702 0.0192562 0.0223324
4.6 0.00229501 0.101442 0.0261078 0.0262085
4.61 0.00296042 0.0567907 -2.90517e-05 0.00296056
4.62 -0.0103668 0.0911715 0.0386709 0.0400364
4.63 0.0119779 -0.0470111 0.0315958 0.03379
4.64 -0.000876009 0.1163 0.0527732 0.0527805
4.65 0.0130592 0.1974 0.0328169 0.0353198
4.66 -0.00862561 -0.00343582 0.000314839 0.00863135
4.67 0.0177656 0.149952 0.0132707 0.022175
4.68 -0.00564268 0.164213 0.0267181 0.0273074
4.69 0.00586808 0.0635339 0.0321811 0.0327117
4.7 0.0158683 0.03507 0.0262012 0.0306317
4.71 0.0136282 0.103445 0.0518151 0.0535774
4.72 -0.00742007 -0.0667414 0.0257108 0.0267601
4.73 0.00648077 0.0141141 0.0256057 0.0264131
4.74 0.0124351 0.117373 0.0261318 0.0289396
4.75 0.0136805 0.085593 0.0134542 0.0191878
4.76 -0.000479165 0.0274552 0.0194463 0.0194522
4.77 -0.0047545 0.0208535 0.0198255 0.0203876
4.78 0.00183885 0.150515 0.0263893 0.0264533
4.79 -0.0148913 -0.0980132 -0.000140702 0.014892
4.8 0.0157229 -0.054037 0.0770779 0.0786652
4.81 -0.0020314 0.175248 0.0398922 0.0399439
4.82 0.0257283 0.0563458 -0.00693055 0.0266454
4.83 0.0104891 0.0296293 0.0190949 0.0217862
4.84 0.00932554 0.0615622 -0.000341706 0.00933179
4.85 0.00417982 -0.096111 0.0124966 0.0131771
4.86 0.00399509 0.0513791 0.0266068 0.026905
4.87 0.00175723 0.0705703 -0.0131073 0.0132246
4.88 0.0131754 0.0948617 0.0194773 0.023515
4.89 0.00316948 0.0384109 0.00670826 0.00741933
4.9 0.00648715 0.0587278 0.0259442 0.0267429
4.91 0.0054071 0.0505751 -0.013051 0.0141267
4.92 -0.0039999 0.033959 0.0581194 0.0582569
4.93 -0.000715725 0.0582772 0.0389985 0.0390051
4.94 0.0191311 0.0776662 0.0327665 0.0379426
4.95 0.00677977 0.0229021 0.00678382 0.00959091
4.96 0.00692029 0.138857 0.0587732 0.0591792
4.97 0.00565854 0.0366538 0.0129823 0.0141618
4.98 0.0112829 0.0382679 0.0322311 0.0341489
4.99 0.00585418 0.143701 0.0459271 0.0462987
5 0.00495224 0.17129 0.0390441 0.039357
5.01 0.00166341 0.132986 0.0389707 0.0390062
5.02 0.0103475 0.0921562 0.0582973 0.0592085
5.03 0.00231195 0.146185 0.0389805 0.039049
5.04 0.00376356 0.016214 0.0451348 0.0452914
5.05 0.0109228 0.0205174 0.00632808 0.0126235
5.06 0.0064605 0.0496676 0.0390132 0.0395445
5.07 0.014984 0.00855109 0.0388622 0.0416509
5.08 0.0131669 -0.115143 0.0255013 0.0286998
5.09 0.0110197 0.033647 0.0255008 0.0277799
5.1 -0.00062403 0.0225668 0.0323342 0.0323402
