0 0.00919058 -0.0100222 -0.0315672 0.0328779
0.01 0.00837978 0.0484576 0.00682058 0.0108047
0.02 -0.000749863 -0.111263 -0.0127929 0.0128149
0.03 -0.00958137 -0.0391676 0.000167135 0.00958283
0.04 0.0208352 0.00496182 -0.0189629 0.0281727
0.05 0.0144625 -0.106978 0.00596704 0.0156451
0.06 0.00907165 -0.0099349 0.000206796 0.00907401
0.07 0.020602 0.112628 0.0260281 0.0331949
0.08 0.0059179 -0.0529476 0.0258641 0.0265325
0.09 0.0134273 0.000884713 0.0194649 0.0236469
0.1 -0.000574264 -0.196508 -0.0130015 0.0130141
0.11 0.0130976 -0.0749106 -0.0261122 0.0292129
0.12 0.00376552 0.140167 0.039921 0.0400982
0.13 0.0249902 -0.0148731 -0.0258065 0.0359234
0.14 0.00277888 -0.0373424 -0.0126518 0.0129534
0.15 0.0139598 -0.0887455 0.00616786 0.0152617
0.16 0.0108012 -0.0646331 0.013291 0.0171265
0.17 0.00250998 -0.0324934 -0.0119675 0.0122278
0.18 0.0132294 0.0233166 0.0195609 0.0236145
0.19 -0.0052698 -0.0234988 -0.0247712 0.0253255
0.2 0.0120433 0.072571 -0.00602203 0.013465
0.21 0.00405762 -0.118403 0.0257038 0.0260221
0.22 0.00285743 -0.149089 -0.000317309 0.002875
0.23 0.00783145 0.087981 0.00130481 0.00793941
0.24 0.0155591 0.0396861 -0.0254799 0.0298548
0.25 0.015637 0.186736 0.0206211 0.0258794
0.26 0.00511285 0.0503462 -0.0119404 0.012989
0.27 0.00496959 0.0506796 -0.050566 0.0508096
0.28 0.0203847 0.0945639 0.0136115 0.0245114
0.29 0.0128982 0.0102187 0.00648177 0.0144352
0.3 0.0217605 -0.00413737 0.0325427 0.0391478
0.31 0.00518309 0.010274 0.01342 0.0143861
0.32 0.00879692 0.00779439 0.000856843 0.00883855
0.33 0.00336193 -0.171709 0.000236214 0.00337022
0.34 0.0213706 -0.0530838 -0.0192827 0.0287841
0.35 0.0166994 0.0209901 0.0197643 0.0258747
0.36 0.0136565 -0.0302282 -0.0449367 0.046966
0.37 0.000719784 0.0931761 0.000719275 0.00101757
0.38 0.0133198 -0.00408256 0.00644071 0.0147953
0.39 0.0150975 -0.0935854 -0.000495803 0.0151057
0.4 -0.0136322 -0.0272335 0.00642008 0.0150683
0.41 0.00279103 -0.0508884 0.000398039 0.00281927
0.42 0.0241645 0.051951 0.0259057 0.0354264
0.43 0.0170967 0.0121178 0.0066566 0.0183469
0.44 0.00556166 0.0100696 0.0196983 0.0204684
0.45 0.0131547 -0.0213022 -0.0198359 0.0238015
0.46 0.00407247 0.060005 0.0203519 0.0207553
0.47 0.00621507 -0.0303039 -0.0448657 0.0452941
0.48 0.0140651 0.0178785 0.00123907 0.0141196
0.49 0.00829956 0.00824714 9.83053e-05 0.00830015
0.5 0.0264872 -0.0607555 0.0389413 0.0470956
0.51 0.00885064 0.0391058 -0.00560545 0.0104764
0.52 -0.00440599 0.0695871 -0.00585298 0.00732599
0.53 0.0243759 0.0519646 0.0259439 0.0355987
0.54 0.00554017 -0.0169319 0.0580616 0.0583253
0.55 0.00811696 0.0128862 0.0128841 0.0152278
0.56 0.0163417 0.0657745 -0.00595587 0.0173932
0.57 0.00092569 0.0749583 0.0397704 0.0397812
0.58 0.00239093 -0.104068 -0.00686858 0.00727282
0.59 -0.00273122 0.0146897 -0.0253532 0.0254999
0.6 0.00992049 -0.0328434 0.000636287 0.00994088
0.61 0.0104862 -0.0689804 0.0260003 0.0280352
0.62 0.0123337 -0.0297136 -0.0196644 0.0232122
0.63 -0.00274393 0.0412663 0.00752571 0.00801033
0.64 0.00849134 0.0345269 0.0133059 0.0157845
0.65 0.00306305 0.105266 -0.00589441 0.00664277
0.66 0.0132717 -0.0480936 -0.0384548 0.0406806
0.67 0.00594475 -0.0305156 -0.0189207 0.0198326
0.68 0.0323031 0.0117045 0.0064609 0.0329429
0.69 -0.00194201 -0.0256732 -0.0118012 0.0119599
0.7 -0.002084 0.0236626 0.00772543 0.00800159
0.71 0.0207776 0.0273834 0.0258196 0.0331415
0.72 0.0106485 -0.0870883 -0.00639105 0.0124192
0.73 0.00426801 0.0418195 0.0206159 0.0210531
0.74 0.0201929 0.0456444 0.00674304 0.021289
0.75 0.00449894 0.0504217 0.0141279 0.0148269
0.76 -0.00520094 -0.0233523 0.0131721 0.0141617
0.77 0.0050587 0.00584369 -0.0251545 0.0256581
0.78 0.00581839 -0.111014 0.000291316 0.00582568
0.79 0.0282687 0.0231214 0.013125 0.031167
0.8 0.00183075 -0.0459569 -0.0255555 0.025621
0.81 0.0175055 -0.0422076 -0.0124399 0.0214754
0.82 0.0057361 0.00105538 -0.00598164 0.00828752
0.83 0.0175564 0.00245685 0.033088 0.0374572
0.84 0.00860474 0.0256372 0.0196699 0.0214696
0.85 0.0217269 0.00913185 0.0195632 0.0292366
0.86 0.00105657 0.0215703 0.0134112 0.0134527
0.87 0.00867962 0.0930568 0.0264745 0.027861
0.88 0.0130273 0.000812202 0.0132569 0.0185864
0.89 0.00152388 -0.000810655 0.0136238 0.0137088
0.9 0.0138266 0.0182533 -0.0117443 0.0181412
0.91 0.00460081 0.0242886 -0.00601719 0.00757456
0.92 0.0142499 -0.0534014 -0.013204 0.0194269
0.93 0.0204999 0.0680755 0.0261926 0.0332611
0.94 0.00820493 0.111062 0.0133676 0.0156848
0.95 0.00122945 0.0526138 0.026567 0.0265955
0.96 0.00456299 0.0421073 0.0125634 0.0133663
0.97 -0.00462055 -0.122361 -0.0126272 0.013446
0.98 0.00946437 -0.00106619 0.038335 0.039486
0.99 0.0120364 -0.00689695 -0.0130038 0.0177193
1 0.00121432 -0.00972746 0.0199116 0.0199486
1.01 0.00815981 0.0531754 0.0455185 0.0462441
1.02 0.021547 -0.00901121 -0.0187656 0.0285731
1.03 0.0130694 0.00545133 -0.0188381 0.0229278
1.04 0.00703453 -0.0354055 -0.0122064 0.0140883
1.05 0.01499 0.11084 -0.011886 0.0191305
1.06 0.0087667 0.0660003 -0.00572271 0.0104692
1.07 0.0119755 -0.0160402 -0.00633716 0.0135489
1.08 0.00135843 -0.032198 -0.0390231 0.0390467
1.09 0.00823255 0.0704552 0.01373 0.016009
1.1 0.00799784 0.106318 0.0331609 0.0341118
1.11 0.00453278 0.0599534 -0.00548467 0.00711531
1.12 0.00797515 0.0755938 0.000694917 0.00800537
1.13 0.0170056 -0.0150299 0.00707661 0.0184192
1.14 0.00505019 -0.0120646 0.0199207 0.0205509
1.15 0.00470167 0.019497 0.0133119 0.0141178
1.16 0.00895688 0.0523843 0.000962891 0.00900849
1.17 0.0163829 0.0303176 0.0319579 0.0359125
1.18 0.0116208 0.064233 0.000356969 0.0116263
1.19 0.00873705 0.0346236 0.0197464 0.0215929
1.2 0.0176191 -0.0286383 0.038977 0.0427743
1.21 0.00830597 0.0660717 -0.00502541 0.00970793
1.22 0.0118933 0.0414823 -0.0253103 0.0279654
1.23 0.00896075 0.0396459 0.0584502 0.0591331
1.24 0.00153821 0.105673 0.0271613 0.0272049
1.25 0.00291654 -0.0329255 -0.0189969 0.0192195
1.26 0.0107317 -0.113982 -0.00627375 0.012431
1.27 0.0114983 0.0422039 -0.0319997 0.0340028
1.28 -0.00648807 0.0305327 -0.00548626 0.00849671
1.29 0.00700703 -0.120212 0.00614257 0.00931824
1.3 -0.00613493 -0.00968278 0.0266554 0.0273523
1.31 0.00947792 0.0213793 0.0384691 0.0396194
1.32 0.00864532 -0.00961943 -0.0189471 0.0208263
1.33 0.00481326 0.028206 0.0134587 0.0142935
1.34 0.0151412 0.0441962 0.0196526 0.0248088
1.35 0.00546933 0.103294 0.00152825 0.00567883
1.36 0.0160203 0.0487211 0.025453 0.030075
1.37 -0.00766571 0.129261 0.0205395 0.0219234
1.38 0.00937287 -0.00555448 0.00727784 0.0118667
1.39 0.0139109 -0.00866082 0.0135115 0.0193927
1.4 0.0012758 0.0127681 0.0066677 0.00678866
1.41 0.00927239 -0.0234221 0.0194265 0.021526
1.42 0.0251199 -0.0150123 0.00634642 0.0259092
1.43 0.0124381 0.13032 0.00766614 0.0146108
1.44 0.0170229 0.0165211 0.00027344 0.0170251
1.45 0.00434956 0.108896 -0.0120698 0.0128296
1.46 0.00410965 0.14006 -0.0115946 0.0123014
1.47 0.00994501 0.00292217 0.0329803 0.0344471
1.48 0.0169732 -0.0327117 0.00689143 0.0183188
1.49 0.00990262 -0.00153625 0.0136838 0.016891
1.5 -0.00283803 0.0106986 -0.0316835 0.0318103
1.51 0.00646013 -0.15562 -0.0197138 0.0207453
1.52 -0.00242278 0.099495 0.0205322 0.0206746
1.53 0.00954863 -0.090638 -0.0191843 0.0214292
1.54 0.00433579 -0.00687528 -0.025846 0.0262071
1.55 0.0163139 0.0567345 -0.0180254 0.0243117
1.56 -0.00629848 -0.00964641 0.0132394 0.0146612
1.57 0.00901459 0.0390498 0.0329492 0.0341601
1.58 0.0150443 0.151419 0.00702892 0.0166053
1.59 0.025036 0.0118823 0.00622916 0.0257993
1.6 0.0260539 -0.015471 -0.0125998 0.0289407
1.61 0.00575815 -0.00795524 -0.00629063 0.00852809
1.62 0.0055929 0.00104682 0.0330379 0.033508
1.63 0.00459006 0.0107879 0.0131644 0.0139417
1.64 0.0322723 0.0339184 0.0127971 0.0347169
1.65 0.0040523 -0.0200842 -0.0260501 0.0263634
1.66 0.0211591 0.0494957 0.0196978 0.0289087
1.67 0.0121936 0.121912 0.0076815 0.0144114
1.68 0.0156141 0.0397047 0.0584973 0.0605454
1.69 0.0215805 -0.0130126 0.0195912 0.0291468
1.7 0.00758271 0.142755 0.013626 0.0155938
1.71 -0.00062338 -0.182903 0.0249994 0.0250072
1.72 0.0242776 0.02973 0.0137084 0.0278805
1.73 0.0190169 0.206908 0.0329516 0.0380454
1.74 0.00092351 0.102006 0.00753897 0.00759533
1.75 0.0142193 0.00448229 0.032723 0.0356789
1.76 0.000644792 0.0708748 0.00749051 0.00751822
1.77 0.0197314 0.0992869 0.013446 0.0238773
1.78 0.0171431 -0.0596355 -0.0322821 0.0365516
1.79 -0.00147807 -0.00360858 0.026493 0.0265342
1.8 0.00127616 -0.000423607 -0.0130087 0.0130712
1.81 0.0241736 0.025556 0.000202742 0.0241745
1.82 0.0244929 0.0787438 0.0133306 0.0278856
1.83 0.00622563 -0.030175 -0.0323315 0.0329255
1.84 0.0130038 0.0142298 -0.0123271 0.017918
1.85 0.014093 -0.00401239 0.000964411 0.0141259
1.86 0.00684114 -0.066907 0.0260995 0.0269812
1.87 0.019414 0.00602169 -0.0133797 0.023578
1.88 0.00880271 0.025845 0.0132354 0.0158954
1.89 -0.00181092 -0.0792419 0.0132311 0.0133544
1.9 0.000768167 0.0487617 0.0329658 0.0329748
1.91 0.0133431 0.0053202 -0.0257054 0.0289622
1.92 0.00537326 -0.00334197 0.0201056 0.0208112
1.93 0.0167877 0.0165532 0.00636712 0.0179546
1.94 0.00580394 -0.0347704 0.0197388 0.0205744
1.95 0.0200796 0.0771739 -0.00595945 0.0209453
1.96 -0.0020443 -0.0259421 -0.00586965 0.00621547
1.97 0.0571678 0.0229115 -0.357892 0.362429
1.98 0.0842001 -0.239105 -0.884033 0.888034
1.99 0.0981057 -0.144396 -1.05318 1.05774
2 0.128969 -0.172005 -1.02963 1.03767
2.01 0.124953 -0.116066 -0.908417 0.916971
2.02 0.113465 -0.14493 -0.869346 0.87672
2.03 0.104332 -0.214482 -0.960512 0.966161
2.04 0.0745369 -0.173514 -1.15922 1.16161
2.05 0.0704227 -0.255015 -1.37196 1.37377
2.06 0.0641021 -0.179612 -1.56519 1.5665
2.07 0.105791 -0.187096 -1.67053 1.67388
2.08 0.140675 -0.177682 -1.71032 1.7161
2.09 0.164781 -0.125607 -1.71094 1.71886
2.1 0.175721 -0.257262 -1.72596 1.73488
2.11 0.191301 -0.235854 -1.77712 1.78739
2.12 0.18949 -0.274292 -1.84938 1.85906
2.13 0.187319 -0.224145 -1.86283 1.87223
2.14 0.228105 -0.190298 -2.36739 2.37835
2.15 0.219054 -0.256379 -2.37316 2.38325
2.16 0.226123 -0.323849 -2.2712 2.28242
2.17 0.283941 -0.359257 -2.23482 2.25279
2.18 0.317131 -0.2638 -2.21581 2.23839
2.19 0.318236 -0.322133 -2.26114 2.28342
2.2 0.298455 -0.345039 -2.36321 2.38198
2.21 0.26262 -0.34074 -2.42094 2.43514
2.22 0.249369 -0.335969 -2.54361 2.55581
2.23 0.252817 -0.320473 -2.65345 2.66547
2.24 0.259861 -0.373416 -2.74562 2.75789
2.25 0.279047 -0.434649 -2.76668 2.78072
2.26 0.312372 -0.392741 -2.80635 2.82368
2.27 0.336907 -0.443898 -2.83289 2.85285
2.28 0.354735 -0.392758 -2.87125 2.89308
2.29 0.377579 -0.392243 -2.92439 2.94867
2.3 0.362752 -0.490543 -2.98889 3.01083
2.31 0.36071 -0.381542 -3.09223 3.1132
2.32 0.351269 -0.376295 -3.1112 3.13096
2.33 0.372468 -0.420526 -3.13712 3.15915
2.34 0.364954 -0.42451 -3.13697 3.15813
2.35 0.379165 -0.410787 -3.16929 3.19189
2.36 0.381554 -0.358208 -3.27837 3.30049
2.37 0.381931 -0.384775 -3.33658 3.35837
2.38 0.394185 -0.450453 -3.42117 3.44381
2.39 0.390075 -0.403682 -3.43368 3.45577
2.4 0.399798 -0.333696 -3.48455 3.50741
2.41 0.416414 -0.375053 -3.5105 3.53511
2.42 0.414074 -0.399891 -3.67909 3.70232
2.43 0.414688 -0.435437 -3.82128 3.84372
2.44 0.396485 -0.361491 -3.97013 3.98988
2.45 0.400796 -0.394825 -4.05323 4.073
2.46 0.408569 -0.413398 -4.08551 4.10589
2.47 0.452551 -0.448576 -4.21687 4.24108
2.48 0.464136 -0.331891 -4.21666 4.24212
2.49 0.49883 -0.411615 -4.2759 4.3049
2.5 0.522688 -0.412563 -4.33541 4.36681
2.51 0.557281 -0.375796 -4.32333 4.3591
2.52 0.554351 -0.418818 -4.57525 4.60871
2.53 0.588106 -0.372308 -4.67848 4.71529
2.54 0.595173 -0.390584 -4.76901 4.806
2.55 0.594891 -0.430498 -4.81463 4.85124
2.56 0.593734 -0.344503 -4.85974 4.89587
2.57 0.602969 -0.417009 -4.8463 4.88366
2.58 0.602731 -0.403262 -4.891 4.928
2.59 0.586866 -0.344695 -4.82528 4.86084
2.6 0.542823 -0.166771 -4.4281 4.46125
2.61 0.460332 -0.243868 -2.84384 2.88086
2.62 0.462151 -0.150872 -2.19072 2.23894
2.63 0.462519 -0.145279 -2.39835 2.44254
2.64 0.335414 0.982994 -5.5686 5.5787
2.65 0.428531 -0.175999 -6.59403 6.60794
2.66 0.490381 -0.381611 -5.80581 5.82649
2.67 0.646166 -0.250858 -4.29841 4.3467
2.68 0.787981 -0.633196 -3.1922 3.28802
2.69 0.802903 -0.545709 -2.6336 2.75327
2.7 0.707847 -0.495647 -2.42846 2.52952
2.71 0.53766 -0.39826 -2.51645 2.57325
2.72 0.399306 -0.458541 -2.65632 2.68616
2.73 0.286456 -0.348651 -2.34872 2.36612
2.74 0.133803 -0.51338 -2.02311 2.02753
2.75 0.0439139 -0.328691 -1.60077 1.60137
2.76 0.0337241 -0.331791 -1.22398 1.22444
2.77 0.021751 -0.281038 -0.846407 0.846687
2.78 0.000105754 -0.363523 -0.467683 0.467683
2.79 -0.0162488 -0.0911926 -0.208266 0.208899
2.8 0.0117643 0.00640523 0.0386777 0.0404273
2.81 -0.00612225 -0.0362593 -0.00622407 0.00873046
2.82 0.00187711 -0.0898875 -0.0135011 0.0136309
2.83 0.0155386 0.035485 -0.0197081 0.025097
2.84 0.0123676 -0.0164388 0.00641379 0.0139318
2.85 0.00318318 0.0383778 -0.0130721 0.013454
2.86 0.00376028 0.0423045 -0.0189297 0.0192996
2.87 -0.0154334 0.0983267 -0.0185666 0.0241435
2.88 -0.00234342 0.0103882 0.0265281 0.0266314
2.89 -0.011838 0.0429357 0.0199065 0.0231605
2.9 0.0205409 0.0101596 0.0190534 0.0280171
2.91 0.000919343 0.0529844 0.0330934 0.0331062
2.92 -0.00699373 0.0490888 0.000775438 0.00703659
2.93 -0.00300531 -0.00245529 -0.00620791 0.0068971
2.94 0.00957233 -0.0144734 -0.025649 0.027377
2.95 -0.00142903 -0.159742 -0.00677137 0.00692052
2.96 0.00568079 -0.0165811 -3.50678e-05 0.0056809
2.97 0.0128891 0.00568278 0.0198406 0.0236596
2.98 0.0209113 0.00557994 0.0124375 0.0243305
2.99 -0.00290309 -0.0474657 0.00053763 0.00295245
3 0.0113716 0.0511071 0.00655522 0.0131257
3.01 -0.00141758 0.0499397 -0.0188562 0.0189094
3.02 -0.00747041 0.0177503 0.00716149 0.0103486
3.03 -0.000463848 0.103168 -0.00561405 0.00563318
3.04 0.000937579 -0.0582958 -0.000173311 0.000953463
3.05 0.0168389 0.00780827 0.0196365 0.0258677
3.06 0.0126485 -0.0160983 -0.00699638 0.0144545
3.07 0.00926648 -0.00956516 0.0260868 0.0276837
3.08 0.00756695 0.097992 0.025892 0.026975
3.09 0.01639 -0.0235774 -0.0386774 0.0420068
3.1 -0.00324284 0.0150341 -0.00521639 0.00614221
3.11 0.00464036 -0.0028375 0.000302153 0.00465018
3.12 0.0247543 -0.0189254 0.0122416 0.0276158
3.13 0.0275623 0.0325249 0.00650545 0.0283196
3.14 0.00363915 0.0826498 -0.0248507 0.0251157
3.15 0.0046592 -0.033984 -0.0389983 0.0392757
3.16 0.00113854 0.0215423 0.0326885 0.0327083
3.17 -0.00573175 -0.0991934 0.00634469 0.00855033
3.18 0.00911861 -0.000577914 -0.0380717 0.0391485
3.19 0.0101437 -0.032721 0.0383471 0.039666
3.2 0.00582085 -0.0126676 0.03895 0.0393825
3.21 0.0017224 -0.00989022 0.00695067 0.0071609
3.22 0.00568436 0.0228308 0.0266778 0.0272767
3.23 0.00473095 0.0373406 0.0458115 0.0460552
3.24 0.00908978 -0.018783 0.0322123 0.0334703
3.25 -0.00144409 -0.11949 0.0255925 0.0256332
3.26 -0.000523149 0.0404147 0.0453241 0.0453271
3.27 0.0107173 0.0292866 -0.00670879 0.0126439
3.28 0.0120745 0.0726759 0.0338092 0.0359007
3.29 0.00962984 -0.0238842 0.000636559 0.00965086
3.3 0.0234618 0.039529 4.77509e-06 0.0234618
3.31 0.00535218 0.00582926 -0.00583841 0.00792041
3.32 0.00219805 -0.0277348 -0.00619541 0.00657378
3.33 0.0132113 -0.0613413 0.0253055 0.0285465
3.34 -0.0109989 0.113365 0.0203296 0.0231142
3.35 0.00497898 -0.0158315 0.0188783 0.0195239
3.36 0.00956934 -0.0367901 -0.0132489 0.0163434
3.37 0.0114428 0.060218 0.0386757 0.0403329
3.38 0.00990579 -0.0189939 0.0187865 0.0212381
3.39 0.00914204 -0.059275 0.000189953 0.00914402
3.4 0.000760964 0.0482902 0.0395087 0.0395161
3.41 0.00846598 0.0397952 0.0264922 0.0278121
3.42 0.0116735 0.0422763 0.0190891 0.0223755
3.43 0.0131075 0.0410226 0.0199785 0.0238945
3.44 0.0134649 -0.0793284 -0.000413541 0.0134712
3.45 0.00471759 0.0150563 0.0194245 0.0199891
3.46 0.0158183 0.16466 0.046367 0.048991
3.47 0.0243339 -0.00982715 -0.0199105 0.0314415
3.48 -0.0103009 0.00626107 0.000412846 0.0103091
3.49 0.00439133 0.077362 0.0201425 0.0206156
3.5 0.00135202 0.0173291 0.007228 0.00735336
3.51 0.0202385 0.01901 -0.0186197 0.0275007
3.52 0.0204521 0.0455469 0.0196561 0.0283664
3.53 -0.0104796 0.069028 0.0392744 0.0406485
3.54 0.0239596 0.0390567 0.0259019 0.0352841
3.55 0.00443844 -0.0292657 -0.000300374 0.00444859
3.56 0.0093705 0.00812086 0.00676217 0.0115557
3.57 0.00437463 0.148584 0.0145727 0.0152152
3.58 -0.000350515 0.0489991 0.013427 0.0134315
3.59 0.00520259 -0.0520037 0.0383055 0.0386572
3.6 0.00483099 0.0061666 0.0257884 0.026237
3.61 0.0105209 0.239326 0.0525038 0.0535475
3.62 0.00694028 0.0582046 0.00665121 0.00961281
3.63 0.00523571 -0.110191 -0.0388216 0.0391731
3.64 0.00257065 -0.0593617 0.0194202 0.0195896
3.65 0.0169105 0.0210232 -0.00533614 0.0177325
3.66 -0.00189564 0.0144345 0.0136567 0.0137876
3.67 0.00190183 -0.037007 0.0328179 0.032873
3.68 0.00659638 0.0811121 0.0255753 0.0264123
3.69 -0.00262193 0.0725827 0.0401211 0.0402067
3.7 0.00939255 -0.000889657 0.00645318 0.0113958
3.71 0.0117688 0.0422348 -0.00655252 0.01347
3.72 0.00484647 -0.0208941 0.013101 0.0139687
3.73 0.0128036 0.072635 0.0585592 0.0599425
3.74 0.00333848 -0.175588 0.0120695 0.0125227
3.75 0.00704833 0.0538844 0.0194367 0.0206752
3.76 0.0166044 0.0344035 0.0136901 0.0215203
3.77 0.0013892 0.00387835 0.0130317 0.0131055
3.78 0.00862905 -0.0319225 0.0383725 0.0393307
3.79 0.00254635 -0.0953079 0.0384677 0.0385519
3.8 0.00460875 0.0288447 -0.0445145 0.0447525
3.81 0.0158311 0.0353099 0.0258603 0.0303213
3.82 0.0135954 -0.0301036 -0.0128927 0.0187365
3.83 0.00749792 0.040332 0.0127825 0.0148192
3.84 -0.00254638 -0.0652231 0.0191649 0.0193333
3.85 0.00892324 -0.0278526 0.0257335 0.0272367
3.86 0.00597481 -0.0794536 0.0130361 0.0143401
3.87 0.00487353 0.00135717 0.0197077 0.0203014
3.88 0.0188949 0.0511548 0.0257616 0.031948
3.89 0.00845026 0.12435 0.0394839 0.040378
3.9 0.00584408 -0.0485442 0.0194809 0.0203386
3.91 0.000184057 0.0577354 0.0136506 0.0136519
3.92 0.0123366 0.0282537 0.032665 0.034917
3.93 0.000773096 0.031001 0.00686788 0.00691126
3.94 0.00455251 0.0910009 0.0330429 0.033355
3.95 0.00839433 0.0974465 0.0200532 0.0217393
3.96 0.0144125 0.089637 0.0062497 0.0157092
3.97 0.0154531 0.0488666 0.0130048 0.0201971
3.98 0.0105539 -0.0510549 0.00633479 0.0123091
3.99 0.00874666 0.0440595 0.0073806 0.0114445
4 0.00457089 0.0240235 -0.0195955 0.0201215
4.01 0.0164584 0.0348791 0.0325182 0.036446
4.02 0.00796342 0.0355496 0.00677799 0.0104574
4.03 0.0048692 0.0551099 0.0328893 0.0332478
4.04 0.0095037 -0.0280115 -0.00673725 0.0116495
4.05 0.0120595 0.0596585 0.0327994 0.0349461
4.06 0.0057586 -0.0389057 0.00650378 0.00868681
4.07 0.00637647 -0.0930561 0.0197598 0.0207632
4.08 0.00823334 0.00367342 0.0131872 0.0155464
4.09 0.00772735 0.124842 0.0333296 0.0342136
4.1 0.0133183 -0.0213386 -0.00641919 0.0147846
4.11 0.00370178 0.0289149 -0.0126231 0.0131547
4.12 0.0124243 0.0371892 -0.0124486 0.0175878
4.13 0.00844987 0.030864 0.0520954 0.0527762
4.14 0.00865689 0.0170529 0.00668621 0.0109383
4.15 0.00408972 0.0730011 -0.0120672 0.0127414
4.16 0.0115298 0.131851 0.02606 0.0284966
4.17 0.0122866 0.0327723 -0.00610352 0.0137191
4.18 0.00204646 0.0253758 0.0202341 0.0203374
4.19 0.00375574 0.00273187 -0.0193896 0.01975
4.2 0.00510229 0.010282 0.0192812 0.0199449
4.21 -0.00624295 0.00406635 0.0129942 0.0144161
4.22 0.00017873 0.17845 -0.0240165 0.0240171
4.23 -0.00285648 0.0822241 -0.00605254 0.00669273
4.24 0.00858883 0.0300779 0.0135573 0.0160489
4.25 0.0118796 0.0242197 0.0318873 0.0340283
4.26 1.4218e-05 0.151602 0.0271134 0.0271134
4.27 0.00565434 0.000902676 0.0261326 0.0267373
4.28 -0.00545764 -0.152915 0.0186104 0.0193941
4.29 0.000392201 0.138045 0.0399689 0.0399708
4.3 0.00834931 0.00390925 -0.0125253 0.0150531
4.31 0.0073382 0.111707 0.0199793 0.0212843
4.32 0.0218631 -0.0488257 -0.0132176 0.025548
4.33 0.0109112 0.0474157 -0.013299 0.0172023
4.34 0.00950037 -0.00128611 0.0135372 0.0165383
4.35 -0.00630944 -0.00975557 -0.0244334 0.0252349
4.36 0.0126666 -0.00765084 -0.0124081 0.0177314
4.37 0.00287837 -0.135781 0.0455411 0.045632
4.38 -0.00491478 -0.149071 0.00635033 0.00803005
4.39 0.0117684 0.0554265 0.0131233 0.0176272
4.4 0.00789657 0.0979189 -0.00584389 0.00982379
4.41 0.00989701 -0.0593611 0.0188081 0.0212531
4.42 0.0124384 0.0236227 0.0257405 0.0285882
4.43 -0.0139732 -0.0272887 0.0256212 0.0291838
4.44 0.0126496 0.0594676 0.0391158 0.0411104
4.45 0.00548091 -0.0208533 0.0132153 0.0143068
4.46 0.0104397 -0.12246 0.0322582 0.0339054
4.47 0.00503042 -0.0789627 -0.00680548 0.00846285
4.48 -0.00232759 -0.0430749 -0.000372946 0.00235728
4.49 0.0122871 0.0459636 0.0135729 0.0183083
4.5 0.0035502 0.0115011 -0.0324265 0.0326202
4.51 0.0116358 0.149053 0.0269275 0.029334
4.52 0.0062581 0.0138895 0.00720585 0.00954401
4.53 0.00160778 -0.0635556 0.0255425 0.025593
4.54 0.0131582 -0.0793004 0.0251905 0.0284201
4.55 0.0162286 0.0971232 0.0327332 0.0365353
4.56 0.00733141 0.0539022 -3.49339e-05 0.00733149
4.57 0.00389699 0.113342 0.00152167 0.00418354
4.58 0.0126139 0.0102209 0.000814874 0.0126402
4.59 0.0115533 0.135729 0.0142273 0.0183274
4.6 0.00897058 0.0256265 0.0194755 0.0214422
4.61 0.00882879 0.0441926 0.00040435 0.00883805
4.62 0.00828387 0.00876401 -0.000312851 0.00828978
4.63 0.00747081 0.088947 -0.0252359 0.0263185
4.64 0.00244846 -0.0908393 0.0130778 0.013305
4.65 0.0127249 0.0150067 0.00666252 0.0143636
4.66 0.00944284 -0.014515 -0.00640911 0.0114124
4.67 0.00575959 -0.0123623 0.0196023 0.020431
4.68 0.0203873 0.0101833 0.0192858 0.0280639
4.69 -0.00612911 0.168899 -0.0185987 0.0195826
4.7 0.0124141 -0.0655523 -0.0388628 0.0407974
4.71 0.0155777 0.0440291 0.0262021 0.030483
4.72 0.0171294 -0.0954528 -0.000699766 0.0171437
4.73 0.00813097 0.0711625 0.026356 0.0275818
4.74 0.0161353 0.00351681 0.0386719 0.041903
4.75 0.0173653 -0.0104706 0.0133038 0.0218757
4.76 0.0060686 0.0631556 0.0652497 0.0655313
4.77 -0.00185606 0.0099481 0.0136375 0.0137632
4.78 -0.00338424 0.0777221 0.00773303 0.00844114
4.79 0.00424467 0.108969 -0.025216 0.0255708
4.8 0.0148084 0.071156 0.0454099 0.0477635
4.81 0.00388806 0.0822427 0.0269205 0.0271998
4.82 0.00250066 0.00316944 0.0391128 0.0391927
4.83 0.00359799 0.104554 0.0203435 0.0206593
4.84 0.0147258 -0.0355761 0.0132401 0.0198027
4.85 0.00479062 0.0774348 0.0263505 0.0267824
4.86 0.00556362 -0.0167969 0.000538239 0.0055896
4.87 0.0272747 0.02781 0.00702209 0.0281642
4.88 0.0120378 0.0554774 0.013432 0.0180368
4.89 -0.00623085 -0.0226517 -0.0187709 0.019778
4.9 0.00779108 -0.00478125 -0.00661655 0.0102215
4.91 0.000196984 0.0441888 0.0267005 0.0267012
4.92 0.00414208 0.0642361 0.0263407 0.0266644
4.93 0.00429786 0.153311 0.0142511 0.0148851
4.94 0.00126005 -0.00935483 0.0125944 0.0126573
4.95 0.0130708 -0.0520632 0.00599559 0.0143803
4.96 0.0081454 -0.00508135 0.00690793 0.0106802
4.97 0.0149459 0.178347 0.026692 0.0305916
4.98 0.00877644 -0.0405484 -0.000253412 0.0087801
4.99 0.00806131 0.031081 0.0321679 0.0331626
5 0.00825063 0.0352244 0.00638336 0.0104317
5.01 -0.000280242 0.0315667 0.0324489 0.0324501
5.02 0.0129823 0.00986805 0.0196976 0.023591
