0 -0.003853 0.0509395 -0.0243789 0.0246815
0.01 -0.0168971 0.107978 -0.0114891 0.0204331
0.02 -0.028084 0.160027 -0.0181864 0.0334583
0.03 -0.00167328 0.165659 -0.0053869 0.0056408
0.04 -0.000829365 0.0673474 -0.0187576 0.0187759
0.05 -0.0121476 0.0475714 -0.0569137 0.0581957
0.06 -0.00736757 0.00873173 0.000991299 0.00743396
0.07 -0.00536254 0.110007 0.000610269 0.00539715
0.08 -0.0102231 0.0280781 0.013833 0.0172007
0.09 -0.00767591 0.0491591 -0.0122139 0.0144256
0.1 0.00794103 0.03986 -0.0704369 0.0708831
0.11 -0.0149387 0.00879499 -0.0310901 0.0344928
0.12 -0.0228554 -0.0534092 -0.0380922 0.0444228
0.13 -0.0163889 0.0853365 -0.0443651 0.0472954
0.14 -0.0136451 0.160055 -0.0697259 0.0710485
0.15 -0.00478043 0.096173 -0.0313472 0.0317096
0.16 0.00398527 0.0421238 -0.012419 0.0130428
0.17 -0.0101241 -0.0164286 -0.0247521 0.0267425
0.18 -0.00163464 0.13463 -0.0185078 0.0185798
0.19 -0.0173141 0.162013 -0.0372418 0.0410698
0.2 -0.0165044 0.143571 -0.0116539 0.0202042
0.21 -0.00295367 -0.0789392 -0.0253146 0.0254863
0.22 0.0144888 0.0717195 -0.0131051 0.0195364
0.23 -0.00551108 0.11491 -0.0315963 0.0320733
0.24 -0.00546178 0.0747409 -0.0575571 0.0578157
0.25 -0.00366815 0.0513219 -0.0121475 0.0126892
0.26 -0.00874359 0.187567 -0.0239743 0.025519
0.27 -0.00892268 0.134369 0.00758684 0.0117121
0.28 -0.00755045 -0.0222991 -0.0258137 0.0268953
0.29 -0.00853428 0.121122 -0.0184175 0.0202987
0.3 -0.00331427 0.0151909 -0.0119602 0.0124109
0.31 -0.0175516 -0.119311 -0.0320886 0.036575
0.32 -0.00102887 0.0498836 -0.025183 0.025204
0.33 -0.00847008 0.0631797 -0.0568278 0.0574556
0.34 -0.0063958 0.00817446 -0.0187284 0.0197904
0.35 -0.0117107 0.0473847 -0.0252262 0.0278119
0.36 -0.000265212 0.062181 -0.0313259 0.0313271
0.37 -0.0125377 0.0878461 -0.0380047 0.0400194
0.38 -0.0193293 0.0605892 -0.0242532 0.0310136
0.39 -0.0113701 0.127413 -0.0242081 0.0267453
0.4 -0.00231679 0.15734 -0.0378357 0.0379065
0.41 -0.00154113 0.0813205 -0.0189549 0.0190175
0.42 -0.00608877 0.191137 -0.0569115 0.0572363
0.43 -0.00832524 0.102742 -0.0116808 0.014344
0.44 -0.0186808 0.0605773 -0.0187806 0.0264893
0.45 -0.00183343 0.201204 -0.0115273 0.0116722
0.46 -0.00169608 0.134774 -0.0116024 0.0117258
0.47 -0.00366366 0.0109411 -0.0570455 0.057163
0.48 -0.00432863 0.078213 -0.0121085 0.012859
0.49 -0.0117977 0.0425337 -0.0120671 0.016876
0.5 -0.00157079 0.14345 -0.031236 0.0312754
0.51 -0.0153125 -0.0221332 -0.0317505 0.0352501
0.52 -0.0161657 0.0677388 -0.0244613 0.0293203
0.53 -0.0158054 0.0762213 -0.0239349 0.0286826
0.54 -0.00111124 0.116674 -0.0187789 0.0188117
0.55 0.00455258 0.0327105 -0.025348 0.0257536
0.56 -0.0156403 0.10287 0.00146539 0.0157088
0.57 -0.0015295 0.098725 -0.018697 0.0187594
0.58 -0.0182273 0.130841 -0.0374021 0.0416072
0.59 -0.00112111 0.0271235 -0.0255149 0.0255395
0.6 -0.00568235 0.146402 -0.0445693 0.0449301
0.61 -0.0204282 0.137154 -0.0179416 0.0271885
0.62 -0.00672994 0.249095 -0.0434843 0.044002
0.63 -0.00425185 0.0734867 -0.0117869 0.0125303
0.64 0.0141751 0.107287 -0.019013 0.0237156
0.65 -0.0158562 0.0313762 -0.0180713 0.0240414
0.66 0.00257942 0.185678 -0.0313527 0.0314586
0.67 -0.0074274 0.0582006 0.0135423 0.0154454
0.68 -0.0185555 -0.011042 -0.00612684 0.0195408
0.69 -0.0221515 -0.0492985 -0.00573546 0.0228819
0.7 -0.00352599 -0.0245774 -0.0196347 0.0199488
0.71 -0.0122166 0.114006 -0.0177834 0.0215753
0.72 -0.0225778 0.0313122 -0.0571761 0.0614724
0.73 -0.00708567 0.0623402 -0.0376133 0.0382748
0.74 -0.00700736 0.0175561 -0.0761281 0.0764499
0.75 -0.00902184 0.201696 -0.0115612 0.0146648
0.76 -0.0265485 0.0381773 -0.0315244 0.0412142
0.77 -0.0123887 0.0161811 -0.0314827 0.0338326
0.78 -0.00524237 0.136624 -0.0443206 0.0446296
0.79 -0.00455164 0.0741669 -0.0441185 0.0443527
0.8 -0.00234385 0.135088 -0.0444424 0.0445042
0.81 -0.0124764 0.100752 -0.0241193 0.0271551
0.82 -0.000854438 0.09444 -0.0448573 0.0448654
0.83 0.00232017 0.185776 -0.0442664 0.0443272
0.84 -0.0192128 0.0288979 -0.0438652 0.0478883
0.85 0.00296748 0.0564661 -0.064658 0.0647261
0.86 0.00684914 0.0273138 -0.0386195 0.0392222
0.87 -0.022539 0.0133125 -0.0243651 0.0331913
0.88 0.00663829 0.133817 -0.00533981 0.00851942
0.89 0.00704348 0.062719 -0.0574884 0.0579182
0.9 -0.00422494 0.105006 0.0201971 0.0206343
0.91 -0.00113471 0.0497964 -0.0120756 0.0121288
0.92 -0.00395833 0.118752 -0.00514851 0.00649427
0.93 -0.00887925 0.0854173 -0.00537776 0.0103808
0.94 0.00294179 0.100332 0.000864223 0.00306611
0.95 -0.00915039 0.148245 -0.0245813 0.0262292
0.96 -0.0189885 0.0472726 -0.0117385 0.0223239
0.97 0.002991 0.162937 -0.037472 0.0375912
0.98 -0.00448263 0.0650456 -0.0315525 0.0318693
0.99 0.00239146 0.194887 -0.0121453 0.0123785
1 -0.00308777 0.0058834 -0.0319411 0.03209
1.01 -0.00489008 0.0605974 -0.0506547 0.0508902
1.02 2.8511e-05 -0.143039 -0.0649099 0.0649099
1.03 0.00110688 0.0305847 -0.00579031 0.00589515
1.04 -0.0140365 -0.112139 -0.01271 0.0189359
1.05 -0.00442593 0.096034 -0.0440757 0.0442973
1.06 -0.0122721 0.122933 -0.0238768 0.0268459
1.07 -0.0129513 0.0744541 -0.0178552 0.0220578
1.08 -0.0107835 0.0596457 -0.0179531 0.0209427
1.09 -0.00935034 0.0949498 -0.0443439 0.045319
1.1 -0.00721975 8.62754e-05 -0.0124953 0.0144312
1.11 -0.00850113 0.045639 -0.0581274 0.0587458
1.12 -0.0168466 0.117153 -0.0569436 0.0593833
1.13 -0.0133346 0.172875 -0.0565765 0.0581267
1.14 -0.029943 -0.0803482 -0.0124561 0.0324305
1.15 -0.017583 0.095019 -0.0118379 0.0211966
1.16 -0.00793292 0.0448491 0.000765916 0.00796981
1.17 -0.00887787 0.148134 -0.0565871 0.0572793
1.18 -0.00717559 0.0578122 -0.0183932 0.0197434
1.19 -0.0195958 0.0470044 -0.0251606 0.0318912
1.2 -0.00923612 0.192738 -0.0309151 0.0322653
1.21 -0.0202916 0.0923874 -0.0310473 0.0370902
1.22 0.00671407 0.102547 -0.0181167 0.0193208
1.23 -0.0177823 0.148583 -0.0759303 0.0779848
1.24 0.00403158 0.0464197 -0.025437 0.0257545
1.25 -0.00252317 0.139385 -0.0125771 0.0128277
1.26 -0.0124291 0.0874493 -0.03092 0.0333246
1.27 -0.0198538 0.0387907 -0.0316185 0.037335
1.28 -0.00852775 0.156468 -0.0434563 0.0442851
1.29 0.010579 0.0823836 -0.0251981 0.0273288
1.3 -0.00815476 0.0675075 -0.0443985 0.0451412
1.31 0.00420706 0.0330181 -0.0503626 0.050538
1.32 -0.0043621 0.0113481 -0.0190544 0.0195473
1.33 -0.0159661 0.0852026 -0.0180353 0.0240871
1.34 -0.000492247 -0.013365 -0.0576959 0.057698
1.35 0.00292279 0.18523 -0.00522369 0.00598578
1.36 -0.00564659 0.0969981 -0.0761271 0.0763362
1.37 0.00284412 0.0823223 -0.0444426 0.0445335
1.38 -0.00500919 0.15403 -0.0303779 0.0307881
1.39 -0.0207195 0.0301674 -0.0503835 0.0544774
1.4 -0.00112417 0.120791 -0.0309524 0.0309728
1.41 -0.00791666 0.0539415 -0.0510909 0.0517006
1.42 -0.0169133 0.0993884 -0.0635311 0.0657439
1.43 -0.00141321 0.192286 -0.0307693 0.0308017
1.44 -0.0146167 0.160773 -0.0762597 0.0776479
1.45 -0.00441555 0.0960017 -0.00528857 0.00688956
1.46 0.00443249 0.0554575 -0.0250518 0.0254409
1.47 -0.00687884 -0.0451381 -0.0190194 0.0202251
1.48 -0.0244885 0.153024 -0.0310393 0.0395364
1.49 -0.0135587 0.106094 -0.0122361 0.0182636
1.5 -0.0119122 0.0247187 -0.00527667 0.0130286
1.51 -0.0013913 0.138973 -0.0117066 0.011789
1.52 -0.0214717 0.102198 -0.0445559 0.0494597
1.53 -0.00881764 0.0986451 -0.0439995 0.0448744
1.54 -0.0153423 0.0492639 -0.0186537 0.0241526
1.55 -0.0138399 0.204623 -0.0306384 0.0336192
1.56 -0.00707496 0.0532012 -0.0504564 0.05095
1.57 -0.00215907 0.196908 -0.0627468 0.062784
1.58 -0.00512492 0.118939 -0.0113088 0.0124158
1.59 -0.0126129 0.123039 -0.0309286 0.0334016
1.6 -0.00918539 0.214943 -0.0304402 0.0317958
1.61 -0.0136573 0.199984 -0.0434242 0.0455212
1.62 0.0179867 0.18515 -0.0440444 0.0475755
1.63 0.0151749 0.0752298 0.013263 0.020154
1.64 -0.013128 -0.00528841 -0.0579626 0.0594306
1.65 -0.00341716 0.00156973 0.000548516 0.0034609
1.66 -0.0172366 0.295872 -0.0108166 0.0203495
1.67 -0.0109434 0.117649 0.0209601 0.023645
1.68 -0.0116694 0.00265995 -0.0126897 0.0172396
1.69 -0.0152973 0.0760586 -0.0368958 0.0399413
1.7 -0.0296038 -0.0626943 -0.0378744 0.0480714
1.71 -0.0132409 0.132596 -0.0110943 0.0172744
1.72 -0.0141198 0.204443 -0.0434812 0.0457164
1.73 -0.00790432 0.0270428 -0.0314638 0.0324415
1.74 -0.0190511 0.0332495 -0.0312035 0.0365595
1.75 -0.0178326 0.00167685 -0.00543538 0.0186425
1.76 -0.0155934 0.0537368 -0.0186726 0.0243273
1.77 0.0203777 0.0369397 -0.0577949 0.0612822
1.78 -0.00700968 0.0308896 0.00100137 0.00708084
1.79 -0.015282 0.0582656 -0.024206 0.0286264
1.8 0.000369227 0.0622218 -0.0312116 0.0312138
1.81 -0.00712171 -0.0136502 -0.0124827 0.0143713
1.82 -0.0169369 0.215238 -0.0238428 0.0292462
1.83 -0.000769709 0.0980127 -0.0373423 0.0373502
1.84 0.00187072 0.0524127 -0.0321181 0.0321726
1.85 -0.00905072 0.197043 -0.0243851 0.0260106
1.86 -0.00689715 -0.0496618 -0.0193091 0.020504
1.87 -0.0127541 0.105593 -0.0119449 0.0174742
1.88 -0.0115341 0.0113232 -0.0186741 0.021949
1.89 -0.00938654 0.121733 -0.0315862 0.0329514
1.9 -0.0187825 0.0201288 -0.0757098 0.0780048
1.91 -0.0204847 0.119537 -0.0371342 0.0424096
1.92 -0.023696 0.0896784 0.00792892 0.0249873
1.93 -0.00892879 0.125767 -0.0308091 0.0320768
1.94 -0.000354942 0.0710249 -0.0438217 0.0438231
1.95 0.00168017 0.0434086 -0.0576063 0.0576308
1.96 -0.00874875 0.112002 -0.0115184 0.0144643
1.97 0.00465874 -0.123386 -0.0583418 0.0585275
1.98 -0.0172924 0.198263 -0.0250892 0.0304712
1.99 -0.0117903 0.0563771 -0.0503264 0.0516891
2 -0.00802979 0.0985009 -0.017864 0.0195857
2.01 -0.0211384 0.213662 -0.0179567 0.0277358
2.02 -0.00571425 0.212597 -0.00509566 0.00765626
2.03 -0.0186583 0.0111873 -0.00541948 0.0194295
2.04 -0.045201 0.0587717 -0.198291 0.203378
2.05 -0.0760212 0.0156664 -0.586599 0.591504
2.06 -0.105877 0.0917055 -0.930142 0.936149
2.07 -0.0834084 -0.0782492 -1.04188 1.04522
2.08 -0.0415397 -0.0460887 -1.09568 1.09647
2.09 -0.0129231 -0.0193516 -1.12181 1.12189
2.1 0.0152153 -0.000405639 -1.2399 1.24
2.11 -0.0187562 -0.162464 -1.45301 1.45313
2.12 -0.0191636 -0.162042 -1.67866 1.67877
2.13 -0.0415871 -0.0939757 -1.92359 1.92404
2.14 -0.0506606 -0.177479 -2.15082 2.15142
2.15 -0.00832067 -0.234302 -2.31491 2.31492
2.16 0.0603232 -0.169813 -2.31068 2.31147
2.17 0.088377 -0.23696 -2.24104 2.24278
2.18 -0.020831 -0.167191 -3.02278 3.02286
2.19 0.128924 -0.233269 -3.34603 3.34852
2.2 0.151337 -0.216813 -3.4128 3.41616
2.21 0.197927 -0.397784 -3.47466 3.48029
2.22 0.263873 -0.425542 -3.41881 3.42898
2.23 0.313487 -0.40262 -3.43995 3.4542
2.24 0.347476 -0.338563 -3.53035 3.54741
2.25 0.360625 -0.293453 -3.62098 3.63889
2.26 0.365121 -0.389717 -3.83381 3.85116
2.27 0.377933 -0.348748 -3.93185 3.94997
2.28 0.377289 -0.370118 -3.98509 4.00291
2.29 0.386389 -0.375771 -4.10196 4.12012
2.3 0.39153 -0.432008 -4.18678 4.20505
2.31 0.372081 -0.469479 -4.35302 4.3689
2.32 0.400194 -0.294606 -4.41773 4.43582
2.33 0.417156 -0.412319 -4.44458 4.46412
2.34 0.416357 -0.469798 -4.48356 4.50285
2.35 0.42074 -0.548446 -4.5232 4.54273
2.36 0.410459 -0.670883 -4.60123 4.6195
2.37 0.426854 -0.480189 -4.67071 4.69018
2.38 0.427767 -0.471476 -4.7156 4.73496
2.39 0.430445 -0.419726 -4.77975 4.79909
2.4 0.427281 -0.529288 -4.86995 4.88866
2.41 0.408027 -0.539723 -4.91462 4.93153
2.42 0.404122 -0.469432 -5.02298 5.03921
2.43 0.390808 -0.452463 -5.09951 5.11446
2.44 0.406014 -0.444204 -5.20895 5.22475
2.45 0.407314 -0.462774 -5.11797 5.13416
2.46 0.377984 -0.303715 -3.98985 4.00771
2.47 0.405218 -0.197064 -2.6805 2.71096
2.48 0.330846 -0.17687 -2.52873 2.55029
2.49 0.222199 -0.441918 -7.18639 7.18982
2.5 0.0667849 -0.217372 -7.33746 7.33777
2.51 0.489594 -0.518316 -6.62316 6.64123
2.52 0.796646 -0.433641 -5.25272 5.31279
2.53 0.848623 -0.620431 -4.56167 4.63993
2.54 0.885797 -0.536223 -4.15627 4.24961
2.55 0.802662 -0.652743 -4.15049 4.22739
2.56 0.658889 -0.628859 -4.06323 4.11631
2.57 0.54219 -0.605638 -3.85799 3.8959
2.58 0.481984 -0.608127 -3.57156 3.60393
2.59 0.363235 -0.598008 -3.32194 3.34174
2.6 0.312336 -0.552726 -3.06151 3.0774
2.61 0.280855 -0.528933 -2.78718 2.8013
2.62 0.205236 -0.476999 -2.54446 2.55272
2.63 0.150868 -0.568249 -2.13399 2.13931
2.64 0.124087 -0.490122 -1.75599 1.76037
2.65 0.103575 -0.307357 -1.35265 1.35661
2.66 0.0792637 -0.346499 -1.00706 1.01018
2.67 0.0575554 -0.0745126 -0.711842 0.714165
2.68 0.0241095 -0.157276 -0.495231 0.495817
2.69 0.0237417 0.0305723 -0.246334 0.247475
2.7 0.00359154 0.073493 -0.0631035 0.0632057
2.71 -0.0111418 0.0469362 -0.0439775 0.0453669
2.72 -0.0196831 0.0742417 -0.0443555 0.0485267
2.73 -0.0126274 0.0872611 -0.0496241 0.0512055
2.74 -0.00893178 0.10345 -0.018409 0.0204614
2.75 -0.0234505 0.0541053 -0.0252208 0.0344386
2.76 -0.0164589 0.0902122 0.00127691 0.0165083
2.77 -0.0284905 0.182122 -0.0241894 0.0373743
2.78 -0.00102584 0.152154 0.0077748 0.00784219
2.79 -0.0085605 0.147893 0.00798873 0.0117091
2.8 -0.0126934 0.114575 0.00764141 0.014816
2.81 -0.00584129 0.150995 -0.0379153 0.0383626
2.82 -0.00198537 0.183809 -0.0564724 0.0565072
2.83 -0.016459 0.170346 -0.00475742 0.0171328
2.84 -0.0233125 0.0494154 -0.0831967 0.0864011
2.85 -0.0128222 0.0386647 -0.0504317 0.0520362
2.86 0.00348253 0.0339741 -0.0515704 0.0516878
2.87 -0.0178766 0.229715 -0.02449 0.0303205
2.88 -0.026354 -0.0868469 -0.0120716 0.0289872
2.89 -0.0161481 0.125834 -0.0181652 0.0243051
2.9 -0.0124106 -0.00137187 -0.0191338 0.0228062
2.91 -0.00487729 0.158912 0.0267942 0.0272344
2.92 -0.011658 0.020084 -0.0375722 0.0393393
2.93 -0.000807832 0.174302 -0.011763 0.0117907
2.94 -0.00476309 0.096793 -0.0504952 0.0507193
2.95 -0.0165318 0.143637 0.0279067 0.0324359
2.96 -0.0112369 0.0244991 -0.0382503 0.0398667
2.97 -0.00508773 0.105488 -0.0055051 0.00749607
2.98 -0.0158183 0.169721 0.00837248 0.0178974
2.99 -0.0124889 0.114278 -0.0120305 0.0173409
3 -0.00162989 0.0235437 -0.0582465 0.0582693
3.01 -0.0121438 0.0830596 -0.0244988 0.0273434
3.02 -0.0156947 0.0359084 -0.0568017 0.0589301
3.03 -0.0242956 0.0457593 -0.0440567 0.0503117
3.04 0.00256726 0.0788723 -0.0509516 0.0510163
3.05 -0.00507962 0.0166994 -0.0325059 0.0329004
3.06 -0.0122795 0.0517762 -0.0373145 0.039283
3.07 -0.0281504 0.0302205 -0.0377783 0.0471131
3.08 -0.00552965 0.110225 -0.00563057 0.00789179
3.09 -0.00742426 0.0580386 -0.0187722 0.020187
3.1 -0.00470995 0.172066 0.00131608 0.00489036
3.11 -0.00437526 0.078304 0.000157508 0.00437809
3.12 -0.0157617 0.0140394 -0.00629622 0.0169727
3.13 -0.0203944 0.101406 -0.0248771 0.0321684
3.14 0.00149621 0.20407 0.00132136 0.00199616
3.15 0.00289833 0.091809 -0.0116189 0.011975
3.16 -0.00399165 0.0294081 -0.0320088 0.0322567
3.17 0.0113316 0.055613 -0.0185642 0.0217493
3.18 0.00621395 0.116695 -0.0445295 0.044961
3.19 -0.0136326 0.155615 -0.00504582 0.0145364
3.2 -0.00440881 0.0606424 -0.0251693 0.0255526
3.21 -0.00535116 0.13686 -0.0251517 0.0257146
3.22 0.00246722 0.0968356 -0.0254657 0.0255849
3.23 -0.00412715 0.0688103 -0.0248432 0.0251837
3.24 -0.0302925 0.0404738 0.00139234 0.0303244
3.25 -0.011915 0.0384137 -0.0309316 0.0331471
3.26 -0.0179452 0.184269 -0.0246151 0.0304621
3.27 -0.0064181 -0.0319986 -0.0251795 0.0259846
3.28 -0.00912035 0.170173 -0.0240355 0.0257077
3.29 -0.00173278 0.125726 -0.0121795 0.0123021
3.3 -0.014266 0.0577789 -0.0238748 0.0278124
3.31 -0.00025225 0.0712742 -0.0246147 0.0246159
3.32 -0.0118916 0.0826516 -0.0312957 0.0334788
3.33 -0.0153452 0.0627978 -0.018055 0.0236951
3.34 -0.0154514 0.0270407 -0.0445384 0.0471425
3.35 -0.00886195 0.0501868 -0.0127244 0.0155063
3.36 0.00623562 0.120876 -0.0251627 0.0259238
3.37 0.0110045 0.0911945 0.0204468 0.0232201
3.38 -0.00203514 0.117281 -0.0124346 0.0126001
3.39 -0.0196121 0.0605519 0.0203595 0.0282691
3.4 -0.0307556 0.0410096 0.00703679 0.0315503
3.41 -0.0264989 -0.0823063 -5.689e-05 0.026499
3.42 -0.00532789 0.123623 -0.0509592 0.051237
3.43 0.0033296 0.0737329 -0.0185629 0.0188592
3.44 -0.00402927 0.00702797 -0.0511497 0.0513081
3.45 -0.0198456 0.0563768 -0.0241865 0.0312863
3.46 -0.0238674 0.130438 0.0203331 0.0313542
3.47 -0.0196548 0.065542 -0.0249545 0.0317653
3.48 -0.00920404 0.219526 0.0209003 0.0228372
3.49 -0.0127163 0.141345 -0.0245198 0.0276211
3.5 0.00638167 0.0721733 -0.0189178 0.0199652
3.51 -0.0224586 -0.0624618 0.000192238 0.0224595
3.52 -0.0139953 -0.0540898 -0.0125463 0.0187957
3.53 -0.0155915 0.0587778 -0.0187946 0.0244199
3.54 0.00399738 0.0689764 -0.0381779 0.0383866
3.55 -0.00431327 0.0830598 -0.00575727 0.00719378
3.56 -0.0190179 0.00678909 -0.0378997 0.0424036
3.57 -0.00412191 0.109359 -0.0176889 0.0181628
3.58 -0.00967341 0.0862272 -0.0445288 0.0455674
3.59 -0.0157497 0.0448158 -0.0377559 0.0409092
3.6 -0.00710561 -0.00471898 -0.0380858 0.038743
3.61 -0.00814941 0.062938 -0.05082 0.0514693
3.62 0.00745175 0.0935494 0.000966014 0.00751411
3.63 -0.0186637 -0.00688298 0.00734061 0.0200554
3.64 -0.0127971 0.0877826 -0.0246648 0.0277871
3.65 -0.00606119 0.0306411 -0.0581512 0.0584662
3.66 -0.014456 0.218535 -0.0313387 0.0345122
3.67 -0.00553501 0.114794 0.000790981 0.00559124
3.68 -0.0263786 0.0601148 -0.0114313 0.028749
3.69 0.00281234 0.0965476 -0.0255898 0.0257439
3.7 -0.0154187 0.0803923 -0.00476239 0.0161374
3.71 0.0184286 0.0869072 -0.00616694 0.0194331
3.72 -0.0300559 -0.0129879 -0.0118214 0.0322971
3.73 -0.00909738 0.120924 -0.0117862 0.0148888
3.74 0.00314263 0.109485 0.013743 0.0140977
3.75 -0.0083608 0.0852223 0.0204485 0.0220917
3.76 -0.00412546 0.0831191 0.000412651 0.00414604
3.77 -0.0120831 0.069402 0.00142604 0.012167
3.78 -0.00873666 0.0720736 -0.0378207 0.0388167
3.79 -0.00349094 0.0286126 -0.0121732 0.0126638
3.8 0.00523984 0.207137 -0.0256584 0.026188
3.81 -0.0183082 0.211779 0.0205108 0.0274933
3.82 -0.0163731 0.103374 -0.0183374 0.0245833
3.83 -0.00531101 0.0657724 -0.0771053 0.077288
3.84 -0.0268388 -0.0196258 -0.0572062 0.0631892
3.85 0.00406802 0.06882 -0.0314346 0.0316968
3.86 -0.0126977 0.0432562 -0.0381107 0.0401704
3.87 -0.0119837 0.0343046 -0.0128962 0.0176045
3.88 0.00314517 0.189477 -0.0497444 0.0498438
3.89 -0.0099552 0.251358 -0.0109936 0.0148312
3.9 -0.0287662 0.160097 -0.0311758 0.0424196
3.91 -0.025604 0.118083 -0.0632818 0.0682653
3.92 -0.0245771 0.108277 -0.0244022 0.0346338
3.93 -0.0277211 0.0522216 -0.0310251 0.0416054
3.94 -0.0201017 0.0431015 -0.0639519 0.0670367
3.95 -0.0176392 0.0775637 -0.0572853 0.0599395
3.96 -0.00763337 0.0443496 -0.0182946 0.0198233
3.97 -0.0249424 0.220329 -0.0112028 0.0273428
3.98 -0.00916545 0.188496 0.00778254 0.0120239
3.99 0.00398287 0.0463702 -0.012059 0.0126997
4 -0.0125697 0.0833555 -0.0185141 0.0223779
4.01 0.00397559 0.100446 0.00718413 0.00821079
4.02 -0.00386828 0.100801 -0.0442836 0.0444522
4.03 -0.0157911 0.0186743 -0.0188815 0.0246144
4.04 -0.0203797 0.0702607 -0.00561012 0.0211378
4.05 -0.0164237 0.170751 -0.0508617 0.0534476
4.06 -0.00338672 -0.0338354 -0.0254634 0.0256877
4.07 -0.0171132 0.148687 -0.044275 0.0474672
4.08 -0.00263748 -0.00294972 0.0137892 0.0140392
4.09 -0.000853038 0.0673932 -0.0126258 0.0126546
4.1 -0.0160009 0.0944068 -0.0241989 0.0290107
4.11 0.00341115 0.0605138 -0.018962 0.0192664
4.12 -0.000235862 0.125304 -0.0115034 0.0115058
4.13 -0.00016257 0.0360475 -0.0514711 0.0514713
4.14 -0.00226763 0.126439 -0.0384193 0.0384861
4.15 -0.00964612 0.201804 -0.02428 0.026126
4.16 -0.00846149 0.0807462 -0.0242572 0.0256907
4.17 -0.0154167 0.0403149 -0.0184596 0.0240506
4.18 -0.0207408 0.0259668 -0.0446117 0.0491974
4.19 0.00686966 0.0810006 -0.00643119 0.00941023
4.2 -0.00759513 0.102722 -0.0120695 0.0142604
4.21 -0.00533623 0.119087 -0.0376005 0.0379772
4.22 -0.00794309 0.138207 -0.0243798 0.0256411
4.23 -0.0260741 -0.00637179 -0.0315161 0.0409038
4.24 -0.00798429 0.0801576 -0.0245434 0.0258095
4.25 -0.0202489 0.087739 -0.063381 0.066537
4.26 -0.0243101 0.0993635 -0.0182706 0.0304105
4.27 -0.000702853 0.0450724 -0.0255968 0.0256064
4.28 -0.00516315 0.0699959 -0.0184103 0.0191206
4.29 -0.00431508 0.100658 -0.0119744 0.0127282
4.3 -0.00603053 0.110859 0.000787416 0.00608172
4.31 -0.00800535 0.0184625 -0.0190765 0.0206881
4.32 0.00266275 0.0786501 -0.0252017 0.0253419
4.33 -0.0150268 -0.0133317 -0.00565286 0.0160549
4.34 -0.00908161 0.138962 0.0142408 0.0168901
4.35 -0.0116671 0.0917584 -0.0245463 0.027178
4.36 -0.011504 0.0558911 -0.0244674 0.027037
4.37 -0.00536532 0.0211087 -0.0640658 0.0642901
4.38 -0.0235167 0.0721713 -0.0184711 0.0299035
4.39 -0.0122838 0.0923181 -0.01867 0.0223487
4.4 -0.000719978 0.000168821 -0.0122164 0.0122376
4.41 -0.00612849 -0.0365703 -0.0259342 0.0266484
4.42 -5.50598e-05 0.0447579 0.00724382 0.00724403
4.43 -0.0320226 0.162115 -0.0374026 0.0492382
4.44 -0.0039584 0.0734723 0.00752856 0.00850577
4.45 -0.0163443 0.108027 -0.00551352 0.0172492
4.46 -0.0197181 0.0606452 -0.0179271 0.0266493
4.47 -0.0180771 -0.0293708 0.000918511 0.0181004
4.48 -0.00847743 0.0719761 -0.0249076 0.0263108
4.49 -0.0132037 0.141785 -0.0116298 0.0175952
4.5 -0.00912416 0.0411785 -0.0187003 0.0208075
4.51 -0.0124376 -0.000983437 -0.032079 0.0344058
4.52 -0.00852313 0.147814 -0.0179234 0.0198467
4.53 -0.0047931 0.145389 -0.00480686 0.0067882
4.54 -0.0237636 0.054799 -0.0126335 0.0269131
4.55 -0.0157746 0.0407967 -0.0248089 0.0293993
4.56 -0.00790763 0.107339 -0.00518305 0.00945488
4.57 -0.0174212 0.12201 -0.00551469 0.0182732
4.58 -0.00867536 0.094408 -0.0248117 0.0262846
4.59 -0.0121752 0.0919212 -0.0115854 0.0168065
4.6 -0.00171904 0.0680378 -0.00601102 0.00625199
4.61 -0.00919739 0.0589341 -0.0316606 0.0329695
4.62 0.00492782 0.0592316 0.00120477 0.00507296
4.63 -0.0174325 0.0951572 0.0202441 0.0267155
4.64 -0.0137392 0.209099 0.0140704 0.0196658
4.65 -0.0163423 0.0811605 -0.0246742 0.0295954
4.66 -0.000921626 0.0897056 -0.00551545 0.00559192
4.67 -0.0041615 0.100635 -0.0122069 0.0128967
4.68 -0.0169162 0.192876 -0.0175745 0.0243931
4.69 -0.0056931 0.132901 -0.0253877 0.0260182
4.7 -0.00288579 0.157788 -0.0190813 0.0192983
4.71 0.00226015 0.158873 -0.00512892 0.00560482
4.72 -0.016971 0.0418567 -0.0641058 0.0663142
4.73 -0.0125836 0.163523 -0.0047675 0.0134564
4.74 -0.0113427 0.0244117 -0.0251429 0.027583
4.75 -0.0173418 0.10377 -0.0309328 0.0354623
4.76 -0.0082124 0.183435 -0.0373655 0.0382574
4.77 -0.000684849 0.0587028 0.0263238 0.0263327
4.78 -0.0121366 0.0608914 -0.0247038 0.0275241
4.79 -0.0147018 -0.0446863 -0.0191652 0.0241546
4.8 -0.0159983 0.0899797 0.0268326 0.0312399
4.81 -0.0080008 0.0580352 -0.018616 0.0202625
4.82 -0.00811742 -0.0355064 -0.0316848 0.0327081
4.83 0.00756408 0.00909391 -0.0387823 0.039513
4.84 -0.0161683 0.0363154 -0.0636914 0.0657116
4.85 -0.0230237 0.102831 0.00180691 0.0230945
4.86 -0.00387103 0.0915144 0.0140458 0.0145695
4.87 -0.0026407 0.135104 -0.00518793 0.00582133
4.88 -0.0104101 -0.0161234 0.000781094 0.0104394
4.89 -0.0202279 0.0878356 -0.0120591 0.0235497
4.9 -0.00845555 0.089529 -0.037256 0.0382035
4.91 -0.0115848 0.104922 0.0144068 0.0184868
4.92 -0.0153375 0.0313422 -0.018498 0.0240295
4.93 -0.0246882 0.122188 -0.00574891 0.0253487
4.94 -0.0120995 0.0474406 -0.0189001 0.0224413
4.95 -0.0115204 0.0245009 -0.0439173 0.0454031
4.96 -0.000315509 0.0758064 -0.0184637 0.0184664
4.97 -0.0116838 0.0694749 0.00763409 0.0139568
4.98 -0.030898 0.0450857 0.0141019 0.033964
4.99 -0.0048709 0.100932 -0.0118885 0.0128477
5 -0.00786285 0.107551 0.0137535 0.0158424
5.01 -0.0144304 0.168983 -0.0502921 0.0523214
5.02 -0.0123374 0.0743786 -0.0439235 0.0456233
5.03 -0.0162602 0.0945044 -0.0371127 0.0405185
5.04 -0.00750922 0.0489607 -0.0311123 0.0320057
5.05 -0.00540824 0.105891 -0.0377665 0.0381517
5.06 -0.0133288 0.110631 -0.0119107 0.0178752
5.07 -0.0173102 0.117367 0.0012093 0.0173524
5.08 -0.00387679 0.0828928 0.000791602 0.00395678
5.09 -0.013498 0.115076 0.00735022 0.0153695
5.1 -0.0158478 0.081192 -0.0441078 0.0468684
5.11 -0.0199292 -0.0193415 -0.0381845 0.0430724
5.12 -0.0189016 0.00684419 -0.01222 0.0225078
5.13 0.00401415 0.0467765 0.00040491 0.00403452
5.14 -0.0194133 -0.00602226 0.0133796 0.0235773
5.15 -0.00582225 0.146051 0.0135304 0.0147299
5.16 -0.0210662 0.146723 -0.0117564 0.0241246
5.17 -0.0146416 0.0444495 -0.0307518 0.0340596
5.18 -0.00442414 0.0784352 -0.0378591 0.0381168
5.19 -0.00716688 0.142565 -0.0319563 0.0327501
5.2 -0.0119208 0.0871057 0.0075106 0.0140895
5.21 -0.0116499 0.0244593 -0.024678 0.0272897
5.22 -0.0113612 0.0423666 -0.00551823 0.0126304
5.23 -0.000658707 0.0933695 -0.0306183 0.0306254
5.24 -0.00440405 0.0427206 -0.0250137 0.0253984
5.25 -0.00520114 0.114378 -0.0118691 0.0129586
5.26 0.000632629 0.0176394 -0.00610281 0.00613551
5.27 -0.0157286 0.0582842 -0.0181504 0.0240172
5.28 -0.00419872 0.0914457 -0.011672 0.0124042
5.29 -0.0161641 0.107634 -0.0179393 0.0241474
5.3 -0.0134852 0.111139 -0.0318697 0.0346053
5.31 -0.0236566 0.072162 -0.0380196 0.0447787
5.32 -0.0163462 0.0230326 -0.05075 0.0533175
5.33 -0.00724683 -0.0221651 -0.0191027 0.0204311
5.34 -0.00466761 0.073931 -0.0184061 0.0189887
5.35 -0.00421964 0.0740535 -0.0255767 0.0259224
5.36 -0.0199948 0.0920303 0.00734833 0.0213024
