0 0.0126973 -0.114738 -0.0399559 0.0419249
0.01 0.00282136 0.163459 -0.0125121 0.0128262
0.02 -0.00637045 -0.170553 -0.0395218 0.0400319
0.03 0.00108311 -0.0410318 -0.026333 0.0263553
0.04 -0.00672901 -0.0671379 -0.0844969 0.0847645
0.05 0.0016152 -0.143853 -0.0593058 0.0593278
0.06 -0.00670706 -0.0404978 -0.0200765 0.0211672
0.07 0.00299731 -0.00175894 -0.0329399 0.033076
0.08 -0.022677 -0.0575648 -0.0710695 0.0745997
0.09 -0.0149368 0.0178804 -0.0128887 0.0197288
0.1 0.00391274 -0.0559249 -0.0589359 0.0590656
0.11 -0.00411679 -0.00174635 -0.0322897 0.0325511
0.12 0.0050978 -0.0608564 -0.0778631 0.0780298
0.13 0.00537904 -0.159386 -0.0594633 0.0597061
0.14 -0.00425923 -0.0108812 -0.0197611 0.0202149
0.15 0.000754261 -0.111947 -0.0457784 0.0457846
0.16 0.00739201 0.0715172 -0.0394104 0.0400977
0.17 -0.034591 -0.0190291 -0.0779762 0.0853043
0.18 -0.007369 -0.0668534 -0.0199817 0.0212972
0.19 -0.00753017 -0.0578526 -0.0392212 0.0399376
0.2 0.00724537 0.0532967 -0.0450838 0.0456623
0.21 -0.0170894 0.126163 -0.0703212 0.072368
0.22 -0.00437206 0.104867 -0.0704524 0.0705879
0.23 -0.013348 -0.192527 -0.0594303 0.0609108
0.24 -0.0083474 -0.0304339 -0.0842799 0.0846923
0.25 0.00199461 -0.0950354 -0.0200145 0.0201136
0.26 -0.00351068 -0.0382854 -0.0388987 0.0390568
0.27 -0.00706168 -0.0535291 -0.0521629 0.0526388
0.28 0.00445505 -0.109575 -0.0715001 0.0716387
0.29 -0.00279187 -0.0425191 -0.019867 0.0200623
0.3 0.00202748 -0.108304 -0.00703488 0.00732122
0.31 0.00425658 -0.0205422 -0.019469 0.0199289
0.32 -0.00077113 0.0450673 -0.0646544 0.064659
0.33 0.00421159 -0.0378691 -0.0523805 0.0525495
0.34 -0.00909138 0.0591825 -0.071021 0.0716005
0.35 -0.00142103 0.138869 -0.0515379 0.0515575
0.36 0.00873435 -0.0231826 -0.058836 0.0594808
0.37 -0.00240922 -0.14566 -0.0335304 0.0336168
0.38 0.000740572 -0.0316183 -0.0582847 0.0582894
0.39 -0.0111575 -0.140517 -0.0592895 0.0603302
0.4 -0.000736354 -0.0214507 -0.110187 0.11019
0.41 0.0105046 0.0828637 -0.0258798 0.0279305
0.42 0.00364243 -0.0334968 -0.0393301 0.0394984
0.43 -0.00478957 0.0746833 -0.0582163 0.058413
0.44 -0.0197146 0.0523127 -0.0449008 0.0490382
0.45 -0.0102019 -0.176689 -0.0653902 0.0661813
0.46 0.00160926 -0.152636 -0.046307 0.046335
0.47 -0.00784123 -0.00407212 -0.000435574 0.00785332
0.48 -0.0111753 -0.0557792 -0.0391213 0.0406862
0.49 -0.0174932 -0.136712 -0.0518538 0.054725
0.5 -0.0220412 -0.0310002 -0.0327173 0.0394492
0.51 0.000855944 0.00883585 -0.0714144 0.0714195
0.52 -0.00234494 -0.074284 -0.0712143 0.0712529
0.53 0.00427632 0.033145 0.0127193 0.0134189
0.54 0.00898482 -0.0410077 -0.0522399 0.0530069
0.55 0.000611018 -0.0580428 -0.0783977 0.0784001
0.56 0.00570726 -0.151309 -0.0714007 0.0716285
0.57 -0.00794951 0.0709533 -0.0183797 0.0200252
0.58 0.00108484 -0.134499 -0.0974281 0.0974341
0.59 -0.00930785 -0.0162346 -0.0848568 0.0853658
0.6 -0.00294912 -0.0336807 -0.0714211 0.071482
0.61 -0.00796901 -0.0307995 -0.0517486 0.0523586
0.62 0.00032417 -0.067166 -0.0519888 0.0519898
0.63 -0.0103925 -0.0912513 -0.0716543 0.0724041
0.64 0.000137251 0.0447963 -0.0200152 0.0200156
0.65 -0.00721779 -0.0399911 -0.0261926 0.0271689
0.66 -0.0112473 -0.0689746 -0.0392879 0.0408662
0.67 -0.00234453 -0.0610929 -0.0515385 0.0515918
0.68 0.00515197 -0.0872202 -0.0332381 0.033635
0.69 -0.0024428 -0.083368 -0.0134969 0.0137162
0.7 0.00736193 -0.0360502 -0.0387471 0.0394402
0.71 -0.00646087 -0.152282 -0.052894 0.0532871
0.72 -0.0194664 0.0162554 -0.057859 0.061046
0.73 -0.00613401 0.141883 -0.0837224 0.0839468
0.74 -0.0115647 0.0336983 -0.0385909 0.0402865
0.75 -0.00697177 -0.0490011 -0.071383 0.0717226
0.76 -0.00477029 -0.0103953 -0.000739329 0.00482724
0.77 -0.00329356 0.00225745 -0.00656766 0.00734723
0.78 -0.00311108 -0.150254 -0.0456951 0.0458008
0.79 0.00426034 -0.0114368 -0.0264063 0.0267478
0.8 -0.00342474 -0.0599777 -0.0651564 0.0652464
0.81 0.00788372 -0.040331 -0.0395345 0.0403129
0.82 -0.0111911 -0.131333 -0.0403146 0.0418391
0.83 0.000653095 -0.0444777 -0.00747033 0.00749883
0.84 -0.0151729 -0.0577935 -0.0517928 0.0539696
0.85 -0.00148013 0.0453454 -0.0391975 0.0392254
0.86 0.00273532 0.0120336 -0.0715072 0.0715595
0.87 0.00343735 0.0111032 -0.0390291 0.0391802
0.88 -0.00432809 -0.00159887 -0.0585807 0.0587404
0.89 0.00313395 -0.0465252 -0.0460449 0.0461515
0.9 -0.0177265 -0.154279 -0.039543 0.0433345
0.91 -0.00557282 0.0567445 -0.0579426 0.05821
0.92 0.00450125 -0.0160581 -0.013783 0.0144993
0.93 0.00474893 -0.0428279 -0.0265026 0.0269247
0.94 -0.000857238 0.0187139 -0.0647159 0.0647215
0.95 0.00276204 0.136898 -0.0510204 0.0510951
0.96 -0.000182269 -0.00446773 -0.0388444 0.0388449
0.97 -0.00298149 -0.0249797 -0.0322541 0.0323916
0.98 -0.0086454 0.000532301 -0.0578223 0.058465
0.99 -0.00311199 -0.0515647 -0.0261135 0.0262982
1 0.0120944 -0.051978 -0.0263092 0.028956
1.01 0.00785827 -4.68111e-05 -0.0459584 0.0466254
1.02 -0.00433406 -0.0330214 -0.0392435 0.0394821
1.03 0.00081652 -0.0894517 -0.0590223 0.059028
1.04 -0.00321822 -0.0648432 -0.0326818 0.0328399
1.05 -0.00427294 0.0694471 -0.0322681 0.0325498
1.06 0.00471528 -0.0295587 -0.0394821 0.0397627
1.07 -0.0104561 -0.100252 -0.00753396 0.0128877
1.08 0.00913404 -0.0634891 -0.0389578 0.0400143
1.09 -0.0105079 -0.149937 -0.0780798 0.0787837
1.1 0.000389905 0.0266486 -0.0194805 0.0194844
1.11 -0.00249375 -0.132117 -0.0270704 0.027185
1.12 -0.0151704 -0.0221451 -0.0456309 0.0480865
1.13 0.00781747 -0.0181801 -0.0647392 0.0652095
1.14 -0.00348441 -0.0465014 -0.0396897 0.0398424
1.15 -0.0156634 -0.0794893 -0.0778937 0.0794529
1.16 0.00233164 -0.117457 -0.000562523 0.00239854
1.17 0.0080475 -0.0138235 -0.0130192 0.0153056
1.18 0.0117596 -0.127128 -0.0597632 0.0609092
1.19 0.00825079 -0.0408249 -0.0195367 0.0212075
1.2 -0.00727431 -0.0893748 -0.0655383 0.0659408
1.21 -0.0110529 -0.0335694 -0.0581562 0.0591972
1.22 -0.0147944 -0.0887886 -0.0589731 0.0608005
1.23 0.00886249 -0.0632175 -0.033205 0.0343674
1.24 -0.00417214 -0.0152979 -0.0582975 0.0584466
1.25 4.04324e-05 -0.102834 -0.0972459 0.0972459
1.26 -0.00606699 -0.000620231 -0.0650668 0.0653491
1.27 -0.00271696 -0.0560295 -0.0651148 0.0651714
1.28 5.50319e-06 -0.0270482 -0.026336 0.026336
1.29 -0.00444928 -0.006533 -0.0518246 0.0520152
1.3 -0.00835451 -0.00860757 -0.00643038 0.0105427
1.31 -0.0110446 -0.0375258 -0.0136676 0.0175723
1.32 0.00519991 -0.0166457 -0.000382494 0.00521396
1.33 -0.00241854 -0.0700614 -0.0262059 0.0263173
1.34 -0.0123302 0.0163599 -0.0323266 0.0345983
1.35 0.00312084 -0.0331398 -0.0328418 0.0329898
1.36 -0.0158199 0.0140217 -0.0317047 0.0354325
1.37 -0.0137701 0.0355554 -0.0585102 0.0601087
1.38 -0.00607239 -0.0857156 -0.0324236 0.0329873
1.39 -0.00730716 0.0396995 -0.0449614 0.0455513
1.4 -0.000663706 0.00475517 -0.0389532 0.0389588
1.41 -0.00148747 -0.00317205 -0.0589731 0.0589918
1.42 -0.0116658 -0.0774751 -0.0652228 0.0662579
1.43 -0.00624019 -0.0987096 -0.033201 0.0337824
1.44 -0.00276281 -0.0562619 -0.0589121 0.0589768
1.45 -0.0122121 -0.0104514 -0.0258069 0.0285505
1.46 -0.015064 -0.138023 -0.0660418 0.0677381
1.47 0.000143202 8.44849e-06 -0.0390195 0.0390198
1.48 -0.0163534 0.00119937 -0.0585414 0.0607826
1.49 0.00390704 -0.0155241 -0.0391771 0.0393714
1.5 0.0157805 -0.045186 -0.0330049 0.0365834
1.51 0.00831541 -0.0452161 -0.0268021 0.0280624
1.52 -0.000380625 0.00477304 -0.0584248 0.0584261
1.53 0.00280219 0.0296178 -0.0135282 0.0138153
1.54 -0.000442103 -0.0177225 -0.045181 0.0451831
1.55 -0.0130554 -0.00138036 -0.0580352 0.0594856
1.56 -0.00245768 -0.0297442 -0.0128495 0.0130824
1.57 -0.00913993 0.00992976 -0.0392645 0.0403142
1.58 -0.00804058 -0.0213747 -0.0331145 0.0340767
1.59 -0.0184656 -0.082423 -0.052382 0.0555414
1.6 -0.00485865 0.038525 -0.0581053 0.0583081
1.61 -0.00842038 0.0097806 -0.0521872 0.0528622
1.62 0.00727003 -0.0174547 -0.0460577 0.0466279
1.63 -0.00868078 -0.0168264 -0.051946 0.0526663
1.64 -0.00416694 -0.0105996 -0.0393418 0.0395619
1.65 -0.00224428 -0.0792369 -0.0256329 0.025731
1.66 -0.00863159 0.125732 -0.0449218 0.0457436
1.67 0.000961987 -0.0674679 -0.0327967 0.0328108
1.68 0.000533873 -0.0269139 -0.0645064 0.0645086
1.69 0.00790246 -0.0358269 -0.0141055 0.0161683
1.7 -0.0109985 -0.0556889 -0.0717392 0.0725774
1.71 -0.011533 -0.087205 -0.0645093 0.0655321
1.72 -0.00727863 -0.0356222 -0.0523568 0.0528603
1.73 -0.01117 -0.0378701 -0.0256284 0.0279569
1.74 0.000533924 -0.0404666 0.0186016 0.0186093
1.75 -7.84779e-05 -0.080107 -0.0718111 0.0718111
1.76 0.00187726 -0.0724308 -0.0771712 0.0771941
1.77 -0.00855372 0.0451171 -0.0967739 0.0971512
1.78 0.000162425 -0.0179469 -0.0586449 0.0586451
1.79 0.00993975 0.00301559 -0.0334088 0.034856
1.8 0.003799 -0.011204 -0.0519626 0.0521012
1.81 -0.0142998 -0.0673955 -0.0640717 0.065648
1.82 -0.0107127 -0.069366 -0.0655566 0.0664261
1.83 -0.0103916 -0.0873475 -0.0522166 0.0532406
1.84 0.000986247 -0.0541613 -0.0455057 0.0455164
1.85 -0.0132879 0.13301 -0.0513372 0.053029
1.86 0.00442003 -0.0655162 -0.0710204 0.0711578
1.87 -0.00325205 -0.0517352 -0.0194084 0.019679
1.88 -0.0145102 -0.165001 -0.0529733 0.0549247
1.89 -0.00494639 0.0299313 -0.0906368 0.0907717
1.9 0.00341326 0.0111687 -0.0580365 0.0581368
1.91 -0.0075867 -0.0981087 -0.0520747 0.0526244
1.92 -0.00332882 -0.0470088 -0.01973 0.0200089
1.93 0.0145198 0.0043872 -0.0330171 0.0360688
1.94 -0.0106193 -0.065321 -0.0645845 0.0654517
1.95 0.000468085 -0.00886759 -0.0326175 0.0326208
1.96 -0.015746 -0.0128602 -0.0452366 0.0478987
1.97 -0.00369711 -0.0691346 -0.0585279 0.0586445
1.98 -0.00722299 -0.0446894 -0.0451483 0.0457224
1.99 -0.00426826 0.00250283 -0.0651261 0.0652658
2 -0.00410368 -0.0151317 -0.0454928 0.0456775
2.01 -0.0164423 0.0458545 -0.0325613 0.0364773
2.02 -0.00275631 -0.0517238 -0.0137034 0.0139778
2.03 -0.00205821 0.028086 -0.0519012 0.051942
2.04 0.000441341 -0.0669503 -0.0525621 0.052564
2.05 -0.0150523 0.00431277 -0.00573823 0.0161089
2.06 -0.00870947 -0.0213179 -0.0910228 0.0914385
2.07 -6.84811e-05 0.0228153 -0.0967884 0.0967884
2.08 -0.00512823 -0.0322115 -0.0783945 0.0785621
2.09 -0.0118035 -0.0818918 -0.0588778 0.0600493
2.1 -0.00688936 -0.0358379 -0.0324292 0.033153
2.11 -0.00722649 -0.0442065 -0.0653404 0.0657388
2.12 0.00148579 -0.0722324 -0.0133921 0.0134742
2.13 0.000266755 0.0448379 -0.0392544 0.0392553
2.14 -0.0120891 0.0251105 -0.051419 0.052821
2.15 -9.83156e-05 -0.00872249 -0.0450663 0.0450664
2.16 -0.011931 0.00700386 -0.0252422 0.0279198
2.17 -0.00314971 -0.051165 -0.052708 0.052802
2.18 -0.00711956 -0.0403556 -0.0578957 0.0583318
2.19 -0.0162109 0.0902875 -0.0257115 0.0303953
2.2 -0.000151855 -0.0398728 -0.064857 0.0648572
2.21 -0.00410864 -0.0200109 -0.0130563 0.0136875
2.22 0.000162699 0.00451209 -0.0135912 0.0135922
2.23 -0.0036374 -0.0331253 -0.0460345 0.046178
2.24 0.00487304 -0.0608565 -0.0329817 0.0333397
2.25 0.00418771 -0.0338996 -0.0519495 0.052118
2.26 0.0116979 -0.0468492 -0.0588922 0.0600428
2.27 0.00380616 -0.0333721 -0.0521669 0.0523056
2.28 0.00377374 -0.0510539 -0.0523521 0.052488
2.29 -0.012012 -0.0369492 -0.0776545 0.078578
2.3 -0.0116967 -0.0420503 -0.0643495 0.0654039
2.31 0.003357 -0.00662848 -0.0258363 0.0260535
2.32 -0.00221762 -0.0701768 -0.0387019 0.0387654
2.33 -0.00010411 -0.0399839 -0.051982 0.0519821
2.34 0.000873163 -0.0093006 -0.0396469 0.0396565
2.35 0.00424205 -0.0468914 -0.0390409 0.0392707
2.36 -0.00736986 -0.102665 -0.0584581 0.0589208
2.37 -0.0147328 0.000348055 -0.0705597 0.0720814
2.38 0.00906057 -0.0949172 -0.0586782 0.0593737
2.39 -0.0110275 -0.0512138 -0.0580714 0.0591092
2.4 -0.0229957 -0.017447 -0.0454167 0.0509065
2.41 -0.000434313 -0.00389865 -0.0583011 0.0583027
2.42 0.00311815 0.0831482 -0.0194768 0.0197248
2.43 -0.0103365 -0.0335566 -0.0387645 0.0401189
2.44 -0.00384048 0.0109911 -0.025542 0.0258291
2.45 0.00366607 -0.0599254 -0.0848134 0.0848926
2.46 -0.00336648 -0.0920287 -0.0325324 0.0327061
2.47 -0.00377521 0.0689748 -0.00637159 0.00740604
2.48 0.0156227 -0.0138882 -0.0395053 0.0424822
2.49 -0.00322498 -0.0294839 -0.0128017 0.0132016
2.5 -0.000786008 0.00518512 -0.0262569 0.0262686
2.51 0.00735795 -0.0087 -0.0397791 0.0404539
2.52 0.00810874 -0.0405117 -0.0330231 0.0340041
2.53 0.00271003 -0.0504561 -0.0655583 0.0656143
2.54 -0.0223913 -0.0261237 -0.051311 0.0559838
2.55 -0.012235 -0.13066 -0.0834428 0.084335
2.56 -0.0086751 -0.0694865 -0.199361 0.19955
2.57 -0.032049 -0.0681533 -0.25058 0.252621
2.58 -0.0347861 0.0274184 -0.289156 0.291241
2.59 -0.0414705 0.0497543 -0.334258 0.336821
2.6 -0.0518732 -0.0911499 -0.347562 0.351412
2.61 -0.0485646 -0.00824577 -0.392069 0.395065
2.62 -0.0300884 -0.0335104 -0.373227 0.374438
2.63 -0.0175021 -0.0758469 -0.412669 0.41304
2.64 -0.0520459 -0.0858399 -0.476418 0.479252
2.65 -0.0488994 -0.16819 -0.60586 0.60783
2.66 -0.0660236 -0.0592058 -0.721697 0.724711
2.67 -0.0813876 -0.129927 -0.793274 0.797438
2.68 -0.0393057 -0.164798 -0.929052 0.929883
2.69 -0.0230692 -0.107813 -1.02021 1.02047
2.7 -0.0288279 -0.020339 -1.12943 1.1298
2.71 0.0053477 -0.15704 -1.26731 1.26733
2.72 0.00848888 -0.27051 -1.40479 1.40481
2.73 0.00764419 -0.372675 -1.52272 1.52274
2.74 0.0492696 -0.0901856 -1.59436 1.59512
2.75 0.0793492 -0.203111 -1.70569 1.70753
2.76 0.104999 -0.268428 -1.70092 1.70416
2.77 0.143012 -0.328056 -1.63926 1.64549
2.78 0.241329 -0.400502 -2.35156 2.36391
2.79 0.195806 -0.306365 -2.59552 2.6029
2.8 0.186835 -0.336047 -2.79754 2.80377
2.81 0.223702 -0.295856 -2.85268 2.86143
2.82 0.280739 -0.388981 -2.91567 2.92915
2.83 0.291094 -0.494043 -2.98135 2.99553
2.84 0.311664 -0.591321 -3.14489 3.1603
2.85 0.320406 -0.489635 -3.31244 3.3279
2.86 0.338703 -0.521935 -3.50654 3.52286
2.87 0.345768 -0.499792 -3.66102 3.67731
2.88 0.353224 -0.427745 -3.73184 3.74852
2.89 0.384134 -0.540563 -3.84838 3.8675
2.9 0.388658 -0.502896 -3.93882 3.95795
2.91 0.383777 -0.468693 -4.01518 4.03348
2.92 0.361968 -0.361451 -4.17464 4.1903
2.93 0.368438 -0.471644 -4.21964 4.23569
2.94 0.360105 -0.403866 -4.3342 4.34914
2.95 0.372058 -0.448026 -4.30776 4.32379
2.96 0.424313 -0.314623 -4.41152 4.43188
2.97 0.455727 -0.468334 -4.49678 4.51982
2.98 0.493681 -0.447623 -4.56823 4.59483
2.99 0.526164 -0.333929 -4.69134 4.72075
3 0.553397 -0.462375 -4.78282 4.81473
3.01 0.559668 -0.475775 -4.86075 4.89287
3.02 0.564746 -0.318127 -4.88751 4.92003
3.03 0.562617 -0.388573 -4.96574 4.99751
3.04 0.543012 -0.359799 -4.89331 4.92335
3.05 0.484668 -0.342854 -3.94129 3.97098
3.06 0.453395 -0.245516 -2.57168 2.61134
3.07 0.449701 -0.278323 -2.01033 2.06002
3.08 0.542997 -0.475912 -3.92349 3.96088
3.09 0.333197 -0.16381 -7.00854 7.01645
3.1 0.22399 -0.406176 -6.5454 6.54923
3.11 0.56571 -0.608094 -4.86475 4.89753
3.12 0.820673 -0.737917 -3.31507 3.41515
3.13 0.953277 -0.701075 -2.27365 2.4654
3.14 0.937324 -0.70498 -1.79631 2.02616
3.15 0.871541 -0.574069 -1.60654 1.82772
3.16 0.777643 -0.586498 -1.56931 1.75142
3.17 0.601218 -0.502936 -1.43661 1.55734
3.18 0.445909 -0.459411 -1.24817 1.32543
3.19 0.307285 -0.34647 -0.906574 0.957236
3.2 0.186619 -0.405455 -0.573407 0.603011
3.21 0.111818 -0.287434 -0.323379 0.342165
3.22 0.0372976 -0.170151 -0.201184 0.204612
3.23 -0.00720704 -0.00444334 -0.0799477 0.0802719
3.24 -0.000655713 -0.0042415 0.00565742 0.00569529
3.25 -4.81713e-05 -0.01308 -0.0325514 0.0325514
3.26 -0.00940722 0.130885 -0.0323916 0.03373
3.27 -0.0167467 -0.0609571 -0.0463366 0.04927
3.28 -0.000564592 -0.0306644 -0.00076888 0.000953908
3.29 -0.00431933 -0.0641666 -0.0199765 0.0204381
3.3 -0.00351185 -0.0555609 -0.0266207 0.0268513
3.31 -0.0151343 -0.0888233 -0.0649106 0.0666516
3.32 -0.00709411 -0.0806397 -0.0514718 0.0519584
3.33 -0.00321329 -0.0826039 -0.0587798 0.0588675
3.34 -0.0231248 -0.0748219 -0.0527352 0.0575826
3.35 -0.00824016 -0.084118 -0.0268629 0.0280983
3.36 -0.0163389 0.0501883 -0.0453087 0.0481647
3.37 -0.00299233 -0.163713 -0.0457526 0.0458504
3.38 -0.00866785 -0.030373 -0.0388961 0.0398502
3.39 0.00844968 -0.0630962 -0.0458857 0.0466572
3.4 0.00648943 0.00954375 -0.0393839 0.039915
3.41 -0.00754013 -0.138135 -0.0205825 0.0219201
3.42 -0.00631935 0.159875 -0.0189464 0.0199725
3.43 -0.0131272 0.00788321 -0.0131482 0.0185795
3.44 0.000953793 -0.0944829 -0.0393524 0.0393639
3.45 -0.00724768 -0.0711871 -0.0521157 0.0526172
3.46 -0.00344237 -0.0288514 -0.000716752 0.0035162
3.47 0.00758099 -0.0355847 -0.0201139 0.0214951
3.48 -0.00933645 0.0147827 -0.0580899 0.0588354
3.49 -0.0157501 -0.0392416 -0.0260207 0.0304162
3.5 -0.0115858 -0.0374257 -0.0322482 0.0342663
3.51 -0.00400638 -0.0329527 -0.0135257 0.0141065
3.52 -0.0031994 -0.0959897 -0.0719829 0.072054
3.53 0.00305146 0.0427437 -0.0197258 0.0199604
3.54 -0.00795266 0.00059075 -0.0322988 0.0332634
3.55 -0.00056785 -0.0791832 -0.0791126 0.0791146
3.56 -0.0116551 -0.0639743 -0.0844045 0.0852054
3.57 0.000449145 -0.0493834 -0.0199915 0.0199965
3.58 -0.0190084 -0.0730559 -0.0455848 0.0493892
3.59 -0.024525 -0.0161113 -0.0709417 0.0750613
3.6 -0.00559193 -0.224116 -0.0341556 0.0346103
3.61 -0.00882746 -0.0746406 -0.0915087 0.0919335
3.62 -0.00954273 0.0194674 -0.0391723 0.0403179
3.63 -0.00939891 0.0230573 -0.00624821 0.0112863
3.64 -0.000486233 0.000761894 -0.039616 0.039619
3.65 -0.0238925 -0.0971817 -0.0714875 0.0753745
3.66 -0.00256594 -0.118749 -0.0392764 0.0393601
3.67 0.00458386 -0.0336647 -0.013427 0.0141879
3.68 -0.00752608 -0.0663468 -0.0399414 0.0406442
3.69 -0.00423894 -0.023795 -0.0395078 0.0397345
3.7 0.00232667 -0.0323299 -0.0719929 0.0720305
3.71 -0.0119507 -0.0598942 -0.0519683 0.0533247
3.72 -0.000554838 -0.0437071 -0.0330491 0.0330537
3.73 -0.00257711 -0.145441 -0.0397712 0.0398546
3.74 -0.00765487 -0.0531763 -0.0261649 0.0272617
3.75 0.0071326 0.0714537 -0.0260706 0.0270287
3.76 0.0068865 0.027235 -0.0645316 0.064898
3.77 0.000805567 -0.196278 -0.0534821 0.0534882
3.78 -0.00512236 0.101643 -0.0324595 0.0328612
3.79 0.000202882 -0.0401926 -0.0261933 0.0261941
3.8 0.00410958 -0.0692497 -0.00740096 0.00846539
3.81 -0.012929 0.00825209 -0.0458357 0.0476243
3.82 0.0076605 -0.0803888 -0.0334896 0.0343545
3.83 0.00415388 -0.118041 -0.0466167 0.0468014
3.84 0.00093658 -0.0312687 -0.00726623 0.00732634
3.85 0.00733203 -0.0136756 -0.0586645 0.0591209
3.86 0.000414914 -0.0494665 -0.0263938 0.0263971
3.87 0.000595994 0.00859193 -0.00668231 0.00670883
3.88 -0.018476 -0.185326 -0.0525433 0.055697
3.89 0.00781707 -0.0580959 -0.046122 0.0467798
3.9 0.00415436 -0.00225633 0.0120784 0.0127728
3.91 0.00425219 -0.0158121 -0.0393005 0.0395299
3.92 -0.00515721 0.0655679 -0.0259462 0.0264537
3.93 0.0119134 -0.0111864 -0.0526928 0.0540227
3.94 -0.00015338 0.0228246 -0.0323597 0.0323601
3.95 -0.00315063 -0.0469177 -0.0523479 0.0524426
3.96 -0.0154472 -0.0174441 -0.0323421 0.0358417
3.97 -0.0105859 -0.122753 -0.0333484 0.0349882
3.98 -0.00120538 -0.0526791 -0.00756025 0.00765574
3.99 -0.00411026 0.0203887 -0.0518656 0.0520282
4 -0.00775936 -0.035827 -0.0515885 0.0521688
4.01 -0.0049557 0.078805 -0.0450194 0.0452913
4.02 -0.00116742 -0.026195 -0.0455124 0.0455274
4.03 -0.0116372 -0.0956232 -0.0198074 0.022973
4.04 -0.0163524 0.0277427 -0.0454428 0.0482955
4.05 -0.00863857 -0.02574 -0.000933627 0.00868888
4.06 -0.00757729 -0.0217495 -0.065012 0.065452
4.07 -0.000541136 -0.0305295 -0.0582922 0.0582947
4.08 0.00643534 -0.0123191 -0.0589359 0.0592862
4.09 -0.0152633 -0.128943 -0.0593686 0.0612993
4.1 0.00859949 -0.0722254 -0.0391809 0.0401135
4.11 0.00041953 -0.0581204 -0.000860932 0.00095771
4.12 -0.00818326 -0.0171181 -0.077441 0.0778722
4.13 -0.0138817 -0.196383 -0.0335217 0.0362823
4.14 0.00702856 -0.0130137 -0.00728945 0.010126
4.15 0.0051655 -0.0874144 -0.0267648 0.0272587
4.16 -0.00922702 -0.0520947 -0.0789168 0.0794543
4.17 0.0185316 0.064839 -0.0331279 0.0379589
4.18 -0.00900762 0.0189162 -0.0391879 0.0402099
4.19 0.00796973 0.01793 -0.0204337 0.0219329
4.2 -0.00137012 0.0141587 -0.0455721 0.0455927
4.21 0.00347017 -0.0552728 -0.0271087 0.0273299
4.22 -0.00806056 -0.0175677 -0.0649987 0.0654966
4.23 -0.00313519 -0.0248157 -0.0331361 0.0332841
4.24 -0.00304931 -0.0694491 -0.0256873 0.0258676
4.25 -0.00869231 0.0364546 -0.0322215 0.0333733
4.26 -0.00752198 -0.0308376 -0.0326656 0.0335205
4.27 -0.0100057 -0.212494 -0.0337704 0.0352215
4.28 -0.00973411 -0.0162609 -0.026365 0.0281045
4.29 0.00825338 -0.0716348 -0.00785675 0.011395
4.3 -0.000658755 -0.0130055 -0.0650505 0.0650538
4.31 0.0032365 0.123279 -0.0386673 0.0388025
4.32 0.00390094 -0.0376788 0.00553812 0.00677407
4.33 -0.0238043 -0.0433282 -0.0264944 0.0356174
4.34 -0.00410415 -0.0736024 -0.0524915 0.0526517
4.35 -0.0165036 0.0235202 -0.0455704 0.0484668
4.36 0.00558293 0.161591 -0.0382439 0.0386493
4.37 0.000245307 -0.0130945 -0.0132353 0.0132376
4.38 -0.00191497 0.0277527 -0.0132762 0.0134136
4.39 0.00710773 -0.0219865 -0.00732785 0.0102087
4.4 -0.00297324 -0.0779586 -0.0207792 0.0209908
4.41 0.00037714 -0.0625788 -0.0201575 0.020161
4.42 0.00687379 0.0406007 -0.0261899 0.0270769
4.43 0.00398663 0.0422649 -0.0135334 0.0141084
4.44 -0.00302178 -0.172289 -0.0528757 0.052962
4.45 0.00215835 -0.0949107 -0.0328513 0.0329222
4.46 -0.00486519 0.00317921 -0.0330665 0.0334225
4.47 -0.00483425 0.0961343 -0.0901859 0.0903154
4.48 -0.00327359 -0.0783949 -0.0586903 0.0587815
4.49 -0.011903 -0.0373656 -0.0454319 0.0469653
4.5 0.00761378 -0.0310945 -0.0396045 0.0403297
4.51 -0.0118503 -0.0552373 -0.0586542 0.0598393
4.52 -0.00164426 -0.21254 -0.00180405 0.00244094
4.53 -0.00757067 0.0226834 -0.0132813 0.0152875
4.54 0.0103934 0.060963 -0.045703 0.0468699
4.55 -0.00851104 -0.00826073 -0.000136424 0.00851214
4.56 -1.69445e-05 -0.0579533 -0.0074098 0.00740982
4.57 0.00161632 0.0213777 -0.0394152 0.0394484
4.58 -0.0121002 -0.0325528 -0.0139802 0.0184894
4.59 0.000247837 -0.0266087 -0.0389732 0.038974
4.6 -0.01968 -0.050217 -0.0523785 0.0559536
4.61 0.0109834 -0.0154382 -0.0390537 0.0405688
4.62 0.00352131 0.00684846 -0.045251 0.0453878
4.63 -0.00500487 -0.0769643 -0.0465801 0.0468482
4.64 -0.00388551 -0.0957569 -0.0526577 0.0528009
4.65 -0.0016289 0.0500872 -0.0451479 0.0451773
4.66 0.00254595 0.0520319 -0.0388413 0.0389247
4.67 -0.00474067 -0.00165833 -0.0198699 0.0204276
4.68 0.00767739 -0.138239 -0.0596356 0.0601278
4.69 -0.0045335 0.0521079 -0.00664954 0.00804792
4.7 0.00773716 -0.0532075 -0.0141292 0.0161089
4.71 -0.0113123 0.0689601 -0.00579764 0.0127114
4.72 -0.00705365 -0.0266751 -0.0193537 0.020599
4.73 0.00325833 0.0514112 -0.0452205 0.0453378
4.74 -0.00492467 -0.0367539 -0.0398584 0.0401615
4.75 0.00686498 -0.0261494 -0.0655199 0.0658786
4.76 -0.00447985 -0.0191738 -0.0521311 0.0523233
4.77 -0.0047914 -0.010653 -0.0258076 0.0262487
4.78 -0.00381764 -0.015437 -0.071026 0.0711285
4.79 -0.00655255 -0.0848039 -0.0260759 0.0268866
4.8 -0.0193564 -0.0507818 -0.0524323 0.0558911
4.81 -0.0164393 0.121742 -0.0389557 0.0422824
4.82 0.00328797 -0.0107181 -0.0329401 0.0331038
4.83 0.0112883 -0.0378028 -0.0271186 0.0293742
4.84 -0.00774564 -0.106726 -0.0399579 0.0407017
4.85 0.00723282 -0.093425 -0.0460656 0.04663
4.86 0.00363471 -0.00204117 -0.038887 0.0390565
4.87 -0.0158199 -0.0392476 -0.0650784 0.0669736
4.88 0.00372836 -0.0110475 -0.0587058 0.0588241
4.89 0.00516931 0.0418235 -0.0525266 0.0527804
4.9 -0.0113754 -0.0865953 -0.0389701 0.0405964
4.91 -0.00079741 -0.0439658 -0.071804 0.0718084
4.92 -0.0116674 -0.0374173 -0.026387 0.0288514
4.93 -0.00820039 -0.0752325 -0.0585978 0.0591689
4.94 -0.00902191 -0.00761377 -0.0073676 0.011648
4.95 0.00012008 -0.0932715 -0.0465298 0.04653
4.96 0.00337331 -0.0684025 -0.0462815 0.0464042
4.97 -0.00361751 -0.0649162 -0.0388899 0.0390577
4.98 -0.00864899 0.0451586 -0.0711323 0.0716562
4.99 0.0154869 -0.013264 -0.0332823 0.036709
5 -0.00316145 -0.0912091 -0.0466249 0.0467319
5.01 -0.00550975 0.0388404 -0.0323778 0.0328432
5.02 0.0102407 -0.0018909 -0.0265763 0.0284811
5.03 0.0141974 0.0542964 -0.0524563 0.0543436
5.04 9.93991e-05 -0.0709091 -0.0527981 0.0527982
5.05 -0.00347924 -0.118013 -0.0204011 0.0206957
5.06 -0.0126171 0.0608073 8.86492e-05 0.0126174
5.07 0.00453245 -0.118245 -0.0403384 0.0405922
5.08 0.00765337 -0.0355809 -0.0396237 0.0403561
5.09 -0.00787451 -0.0575652 -0.0390972 0.0398823
5.1 -0.00575987 -0.170628 -0.00702271 0.00908265
5.11 0.0107709 0.0115754 -0.0461847 0.0474241
5.12 -0.0064256 -0.103015 -0.039731 0.0402472
5.13 0.00279879 0.00732074 -0.0262667 0.0264154
5.14 0.0116187 -0.0605162 -0.0525153 0.0537852
5.15 0.00333053 0.0606828 -0.0393537 0.0394944
5.16 0.0107872 0.0429657 -0.0267349 0.0288292
5.17 0.0015039 -0.107463 -0.0207381 0.0207926
5.18 0.000298169 -0.0175944 -0.058174 0.0581748
5.19 -0.00720191 -0.0538607 -0.0192043 0.0205103
5.2 0.014216 0.0812791 -0.00711104 0.0158953
5.21 -0.000776239 -0.0440499 0.0309094 0.0309192
5.22 0.0108725 -0.0599981 -0.0273992 0.0294776
5.23 -0.0057796 -0.214886 -0.0400874 0.0405019
5.24 -0.000156806 -0.0221121 -0.0387597 0.03876
5.25 0.000518634 -3.39686e-05 -0.000426745 0.000671634
5.26 -0.0114052 -0.0151982 -0.0258733 0.0282755
5.27 -0.00599655 -0.196979 -0.0402812 0.0407251
5.28 -0.00790295 -0.0395976 -0.0331211 0.0340509
5.29 0.000826455 -0.125315 -0.0335724 0.0335826
5.3 0.00401508 -0.042484 -0.0200524 0.0204504
5.31 -0.0144101 -0.103011 -0.0331014 0.036102
5.32 -0.003981 -0.0955347 -0.0784077 0.0785087
5.33 -0.00462488 0.0787116 -0.0516161 0.0518228
5.34 -0.0045272 0.0476992 -0.0393247 0.0395845
5.35 -0.0122785 -0.0280553 -0.0586474 0.059919
5.36 -0.00648268 -0.121748 -0.064503 0.064828
5.37 0.0148021 0.000320586 -0.0205343 0.0253133
5.38 -0.00851383 0.00543415 -0.0257913 0.0271602
5.39 -0.0227241 -0.0218035 -0.0192151 0.0297591
5.4 -0.0128794 0.0304372 -0.0202222 0.0239753
5.41 -0.00200445 0.0820371 -0.064702 0.0647331
5.42 0.00218683 -0.0364242 -0.0595864 0.0596265
5.43 -0.00086278 0.00991144 -0.0265785 0.0265925
5.44 0.00576986 0.00594989 -0.0721519 0.0723822
5.45 -0.00737956 -0.0669823 -0.0325158 0.0333427
5.46 0.00893848 -0.094668 0.0054096 0.010448
5.47 -0.00751605 -0.0446946 -0.0393252 0.040037
5.48 -0.00428034 -0.00170998 -0.0457058 0.0459057
5.49 0.00911742 0.0574628 -0.0269929 0.0284911
5.5 0.00416704 -0.0288328 -0.0208012 0.0212144
5.51 0.0189921 -0.0379865 -0.0465909 0.0503131
5.52 0.000496926 -0.0268548 -0.013455 0.0134642
5.53 0.000879627 -0.0847159 -0.0397961 0.0398058
5.54 0.00102083 -0.0672699 -0.0587798 0.0587887
5.55 0.000297523 -0.0226554 -0.0329135 0.0329148
5.56 0.00396868 -0.0290211 -0.0395052 0.0397041
