0 -0.0102577 -0.211925 -0.0532264 0.0542059
0.01 0.0019624 0.222069 -0.0121385 0.0122961
0.02 0.0193892 0.00608758 -0.0323864 0.0377468
0.03 0.0120129 -0.0161191 -0.0322493 0.034414
0.04 0.00244744 0.0205086 -0.0513155 0.0513739
0.05 0.00765038 -0.0179622 -0.0709794 0.0713905
0.06 0.0104886 -0.0152888 -0.0710117 0.0717821
0.07 0.0129453 -0.0217995 0.000318083 0.0129492
0.08 0.00906857 -0.0413387 -0.0641626 0.0648003
0.09 0.00377575 0.00203296 -0.0261544 0.0264255
0.1 -0.00850396 0.0177976 -0.0254139 0.0267989
0.11 0.0187498 -0.00257536 -0.0457557 0.0494483
0.12 -0.00184577 0.0320033 -0.032426 0.0324785
0.13 -0.0057614 0.029961 -0.0258195 0.0264545
0.14 0.00698262 0.0762155 -0.0571602 0.0575851
0.15 0.0104568 -0.0196183 -0.0777741 0.0784739
0.16 0.0147811 0.0490854 -0.012589 0.0194155
0.17 0.017223 0.137002 -0.0261001 0.0312705
0.18 -0.00482443 0.0291792 -0.0508266 0.051055
0.19 -0.00451087 0.00287911 -0.019542 0.0200559
0.2 0.00680416 0.01373 -0.0258402 0.026721
0.21 -0.0107069 -0.0516167 -0.0258101 0.0279428
0.22 0.00492281 -0.0388117 -0.00625377 0.00795888
0.23 0.0105475 -0.00191882 -0.0521798 0.0532351
0.24 0.0120876 -0.0430014 -0.0457806 0.0473495
0.25 0.000155541 -0.0268903 -0.0193925 0.0193931
0.26 0.0157096 -0.0852474 -0.0523316 0.0546387
0.27 -0.00349633 0.0105425 0.000586909 0.00354525
0.28 0.0298136 0.0220162 -0.0266956 0.0400188
0.29 -4.2229e-05 -0.00429722 -0.0455501 0.0455501
0.3 -0.00354252 -0.0426148 -0.0456611 0.0457983
0.31 0.00735615 -0.0446718 -0.0520019 0.0525196
0.32 -0.00890675 0.0273352 -0.0253217 0.0268425
0.33 0.0043469 -0.00282308 -0.0190133 0.0195039
0.34 0.0153981 -0.000516316 -0.0263403 0.0305109
0.35 0.0154741 -0.00524229 -0.0260186 0.0302724
0.36 0.000835327 -0.0227142 -0.00604314 0.0061006
0.37 0.00733987 0.0397417 -0.0378953 0.0385995
0.38 0.00860027 -0.0455012 -0.0774738 0.0779497
0.39 0.0113335 -0.00710393 -0.0259229 0.0282921
0.4 0.0131866 0.0541373 -0.0649105 0.0662363
0.41 0.00714057 0.102392 -0.0252164 0.0262079
0.42 0.00747818 0.00928441 -0.0257451 0.0268092
0.43 0.0117628 0.0148972 -0.0191696 0.0224909
0.44 0.00712902 0.0757202 -0.0508491 0.0513464
0.45 0.00242122 0.0340686 -0.0194464 0.0195966
0.46 0.0105236 -0.00203421 -0.019795 0.0224185
0.47 0.0156692 -0.0366189 -0.0454303 0.0480566
0.48 0.00454184 -0.0343608 -0.0121721 0.0129918
0.49 0.00619146 0.0631497 -0.0192648 0.0202353
0.5 0.00756206 0.0174056 -0.0452374 0.0458651
0.51 0.000258538 -0.0451767 -0.05094 0.0509406
0.52 0.0080789 -0.0453248 -0.019594 0.0211942
0.53 0.0032113 -0.0473283 -0.0514242 0.0515243
0.54 0.00957411 -0.121493 -0.0136361 0.0166615
0.55 -0.00758981 0.0755126 -0.0121525 0.0143279
0.56 0.0204039 0.0098272 -0.0065567 0.0214315
0.57 0.010859 -0.0198685 -0.0776276 0.0783834
0.58 0.0106798 0.00706751 -0.0521033 0.0531865
0.59 0.00845015 -0.000882499 0.0068031 0.0108484
0.6 0.0123244 0.0232449 -0.00600071 0.0137076
0.61 0.0074131 0.00877543 -0.0194721 0.0208354
0.62 0.00492496 -0.0655171 -0.0516668 0.051901
0.63 0.00834927 -0.0187305 -0.00618679 0.0103917
0.64 0.0157705 -0.0319626 -0.0521162 0.0544501
0.65 0.00793488 0.0217903 -0.0576761 0.0582194
0.66 -0.0125964 0.131951 -0.0313932 0.0338261
0.67 0.0118658 -0.110106 -0.00750414 0.0140396
0.68 0.0110824 -0.00263121 -0.0259418 0.0282099
0.69 -0.000190463 -0.0314827 -0.0454001 0.0454005
0.7 0.0110029 0.00636116 -0.051042 0.0522145
0.71 0.000699623 -0.0672084 -0.0133954 0.0134136
0.72 0.0147585 -0.0267574 -0.0586309 0.0604599
0.73 0.00375405 -0.00214801 -0.0455218 0.0456763
0.74 0.00297647 0.0204424 -0.0129545 0.0132921
0.75 0.00901373 -0.00997231 -6.43925e-05 0.00901396
0.76 0.00435702 -0.038525 -0.0198164 0.0202897
0.77 0.00427785 -0.0163415 -0.0252408 0.0256008
0.78 0.00603508 0.0542287 -0.0383481 0.0388201
0.79 -0.00279828 -0.0965616 -0.0193298 0.0195313
0.8 -0.0189003 -0.0465854 -0.01934 0.0270418
0.81 0.0032951 -0.0423152 -0.0322688 0.0324366
0.82 -0.00055831 -0.0177776 -0.0708607 0.0708629
0.83 0.0038298 -0.0560576 -0.0519602 0.0521012
0.84 -0.0156465 0.0357777 -0.0187875 0.0244496
0.85 -0.0163535 0.0318289 -0.0188292 0.0249394
0.86 0.0164976 -0.0410888 -0.0455676 0.0484622
0.87 0.00675114 0.134214 0.00126281 0.00686823
0.88 0.00278146 0.0199115 -0.0125815 0.0128853
0.89 0.00763171 -0.0360188 -0.0132998 0.0153339
0.9 0.0266668 0.00603862 -0.0196205 0.0331072
0.91 0.00789349 -0.0496306 -0.026124 0.0272905
0.92 0.00344595 0.0513094 -0.0127977 0.0132535
0.93 0.00290206 0.0114934 -0.0127605 0.0130863
0.94 0.00653319 -0.0262166 -0.0326703 0.0333171
0.95 0.00442607 -0.0117958 -0.0190517 0.0195591
0.96 0.0154053 -0.00538887 -0.0639619 0.0657909
0.97 7.77314e-05 0.0221589 -0.0642243 0.0642243
0.98 -0.00131734 0.112091 -0.0252379 0.0252723
0.99 -0.00677607 -0.16996 -0.058746 0.0591355
1 0.00477257 -0.132295 -0.0268386 0.0272597
1.01 -0.00128237 0.116258 -0.05079 0.0508062
1.02 -0.00123978 0.0405827 -0.0254591 0.0254893
1.03 0.0113741 0.0375928 -0.0191821 0.0223007
1.04 0.018043 0.0426596 -0.0390373 0.0430053
1.05 0.0190892 0.0148977 -0.0197818 0.0274903
1.06 0.011439 0.0955961 -0.0251502 0.0276294
1.07 0.00625687 0.0319122 -0.0708289 0.0711047
1.08 -0.00172698 0.0411839 -0.0388221 0.0388605
1.09 0.0109691 0.051538 -0.0449835 0.0463016
1.1 0.0104583 0.145349 -0.012319 0.0161596
1.11 0.0118499 0.0104804 -0.0577054 0.0589095
1.12 0.00337788 -0.00619007 -0.0521602 0.0522694
1.13 0.0148157 0.0936323 -0.0518112 0.0538879
1.14 0.0067377 0.00933697 -0.0641436 0.0644965
1.15 -0.00299027 -0.0653469 -0.0322326 0.032371
1.16 0.00740153 -0.0178968 -0.0451054 0.0457087
1.17 0.0029531 -0.0823682 -0.000277475 0.00296611
1.18 0.011321 0.0196337 -0.019297 0.0223727
1.19 0.0108043 -0.0204096 -0.0325675 0.0343129
1.2 0.0116331 0.037676 -0.0576605 0.0588223
1.21 -0.00330873 -0.0827234 -0.00688459 0.00763841
1.22 0.00708567 0.0311657 -0.000136871 0.00708699
1.23 0.0172182 0.0523305 -0.0652744 0.0675071
1.24 0.0153053 0.0578538 -0.0511531 0.0533937
1.25 0.0181357 0.0334925 -0.032603 0.0373077
1.26 -0.00170626 0.0414613 -0.0388924 0.0389298
1.27 0.0239579 -0.023137 -0.0519261 0.0571865
1.28 0.0135693 0.0452987 -0.0582378 0.0597978
1.29 0.00441337 0.095076 -0.0184595 0.0189797
1.3 0.0126392 0.0368602 0.00666727 0.0142899
1.31 -0.00288506 -0.101252 -0.0324243 0.0325524
1.32 0.00767713 0.0133959 -0.0127419 0.0148759
1.33 0.00761165 0.0223356 -0.0324838 0.0333637
1.34 -0.00522208 0.0207754 -0.0254408 0.0259713
1.35 0.0119892 -0.0160733 -0.0261175 0.0287378
1.36 0.0157566 -0.0185767 -0.0389131 0.0419821
1.37 0.0176495 0.150058 -0.0386625 0.0425006
1.38 -0.0126364 0.123246 -0.0510498 0.0525905
1.39 0.00440374 -0.0746085 -0.0191642 0.0196637
1.4 0.000208829 -0.018199 -0.0446549 0.0446554
1.41 0.0116154 -0.0564304 -0.0259016 0.0283868
1.42 0.00769039 -0.00925735 -0.0513222 0.0518952
1.43 0.0116243 -0.0253309 -0.0513004 0.0526009
1.44 -0.0195619 -0.00616205 -0.0772705 0.0797082
1.45 0.00566479 -0.124201 0.00598594 0.00824144
1.46 0.0046184 -0.0521173 -0.0577791 0.0579634
1.47 -0.00401355 -0.0202135 -0.0124449 0.0130761
1.48 -0.00382198 0.0156759 -0.0515052 0.0516468
1.49 0.00104844 -0.130516 -0.0520782 0.0520888
1.5 0.0129599 -0.0526029 -0.0580601 0.0594889
1.51 0.0084519 -0.0407791 -0.0582857 0.0588953
1.52 0.00164689 -0.183826 -0.0331718 0.0332127
1.53 0.00826173 0.0433614 -0.0187377 0.0204783
1.54 0.011028 0.055479 -0.0252752 0.0275763
1.55 0.0113815 0.0287965 -0.0511022 0.0523543
1.56 0.0108583 0.140078 -0.0371897 0.0387424
1.57 0.00809063 -0.00528071 -0.0256771 0.0269216
1.58 0.0122398 -0.0122354 -0.0325544 0.0347794
1.59 -0.0132962 0.128474 -0.0379785 0.0402387
1.6 0.00892214 -0.179629 -0.0200459 0.0219418
1.61 0.00942474 0.168036 -0.0512335 0.0520932
1.62 0.00579118 0.0365334 -0.0385714 0.0390038
1.63 0.0051261 -0.065813 -0.0127713 0.0137616
1.64 0.0154714 0.00845268 -0.0516729 0.0539393
1.65 -0.00569244 -0.126139 -0.0387282 0.0391443
1.66 0.00750058 -0.00508984 -0.0319935 0.032861
1.67 -0.00625979 -0.0725837 -0.0189178 0.0199265
1.68 0.0115143 0.00585576 -0.0449258 0.0463779
1.69 0.000538766 -0.170249 -0.0456393 0.0456425
1.7 0.0150762 -0.036105 -0.0456859 0.0481092
1.71 -0.00256018 -0.110128 -0.0260222 0.0261478
1.72 0.0118758 -0.00718369 -0.0324814 0.0345844
1.73 0.0190538 0.0148347 -0.0513227 0.0547454
1.74 0.0108839 0.0290882 -0.0256072 0.0278242
1.75 0.00843635 -0.045787 -0.038384 0.0393002
1.76 0.0152746 -6.6364e-05 -0.0387832 0.0416827
1.77 0.00246856 0.0339771 -0.0317101 0.031806
1.78 0.0145391 0.062179 -0.0579211 0.059718
1.79 0.00289529 0.127148 -0.0251676 0.0253336
1.8 -0.00688667 -0.152126 -0.0457943 0.0463092
1.81 0.0136855 -0.0443112 -0.00633645 0.0150812
1.82 0.00431762 -0.0206669 -0.051513 0.0516936
1.83 0.0125724 -0.106138 -0.032601 0.0349413
1.84 0.0232981 0.110221 -0.200982 0.202328
1.85 0.0613626 -0.0426346 -0.591582 0.594756
1.86 0.100149 0.0536784 -0.779399 0.785807
1.87 0.160177 0.00385331 -0.775584 0.791951
1.88 0.204617 -0.081526 -0.654971 0.686189
1.89 0.215662 -0.110842 -0.56643 0.606097
1.9 0.246818 -0.0799556 -0.566836 0.618241
1.91 0.202196 -0.0707063 -0.752967 0.779643
1.92 0.182034 -0.115061 -0.97907 0.995848
1.93 0.159181 -0.0691574 -1.2045 1.21497
1.94 0.147709 -0.164135 -1.42475 1.43238
1.95 0.180342 -0.317883 -1.59511 1.60527
1.96 0.220071 -0.109876 -1.69262 1.70687
1.97 0.243896 -0.0936513 -1.74567 1.76263
1.98 0.261336 -0.0732456 -1.79116 1.81013
1.99 0.281955 -0.121403 -1.75265 1.77519
2 0.281851 -0.148015 -1.83635 1.85786
2.01 0.270572 -0.145372 -1.96422 1.98276
2.02 0.278966 -0.0742063 -2.00282 2.02216
2.03 0.273287 0.0497849 -1.96861 1.98748
2.04 0.247268 -0.0907468 -2.02671 2.04174
2.05 0.27416 -0.178033 -2.10485 2.12263
2.06 0.266086 -0.155472 -2.22008 2.23597
2.07 0.278855 -0.051384 -2.27879 2.29579
2.08 0.29411 -0.150256 -2.36334 2.38157
2.09 0.320412 -0.0455374 -2.33804 2.3599
2.1 0.325951 -0.169601 -2.42278 2.4446
2.11 0.355986 -0.120879 -2.44894 2.47468
2.12 0.355034 -0.120679 -2.51363 2.53858
2.13 0.365089 -0.126675 -2.62327 2.64855
2.14 0.361185 -0.0883313 -2.70039 2.72444
2.15 0.363705 -0.0318265 -2.78413 2.80779
2.16 0.374628 -0.123029 -2.84332 2.86789
2.17 0.386733 -0.210187 -2.99947 3.02429
2.18 0.386612 -0.125114 -3.09658 3.12062
2.19 0.378538 -0.164947 -3.2131 3.23532
2.2 0.403905 -0.184641 -3.30433 3.32892
2.21 0.401889 -0.0810689 -3.3946 3.4183
2.22 0.410353 -0.210799 -3.5122 3.53609
2.23 0.42124 -0.168682 -3.55045 3.57535
2.24 0.41963 -0.203312 -3.6409 3.665
2.25 0.404706 -0.318484 -3.77027 3.79192
2.26 0.401753 -0.146353 -3.85343 3.87431
2.27 0.375797 -0.245776 -4.03315 4.05062
2.28 0.361102 -0.0854979 -4.05821 4.07425
2.29 0.37509 -0.178273 -4.16267 4.17953
2.3 0.381182 -0.218128 -4.27248 4.28945
2.31 0.390982 -0.246135 -4.3436 4.36117
2.32 0.389417 -0.267 -4.49823 4.51506
2.33 0.372176 -0.19845 -4.62608 4.64103
2.34 0.359062 -0.181132 -4.71016 4.72383
2.35 0.352399 -0.199451 -4.82018 4.83304
2.36 0.349903 -0.278119 -4.86527 4.87783
2.37 0.344462 -0.261571 -4.92989 4.94191
2.38 0.339796 -0.236966 -5.01251 5.02402
2.39 0.35445 -0.178635 -5.06419 5.07658
2.4 0.366219 -0.0743776 -5.19935 5.21223
2.41 0.364402 -0.136654 -5.21811 5.23082
2.42 0.374685 -0.156707 -5.24419 5.25756
2.43 0.368358 -0.0815219 -5.2186 5.23159
2.44 0.358771 -0.183405 -5.10866 5.12124
2.45 0.326928 -0.0807423 -4.22259 4.23523
2.46 0.363092 -0.124885 -3.10893 3.13006
2.47 0.343497 -0.065915 -2.80494 2.8259
2.48 0.26561 -0.0709784 -3.53071 3.54068
2.49 0.141854 -0.027769 -6.78476 6.78624
2.5 0.0480252 0.0300532 -6.80815 6.80832
2.51 0.512424 -0.148543 -5.6221 5.6454
2.52 0.660065 -0.384042 -4.36021 4.40989
2.53 0.852931 -0.382933 -3.28231 3.39132
2.54 0.939066 -0.406368 -2.7132 2.87112
2.55 0.83064 -0.389071 -2.65194 2.77899
2.56 0.710237 -0.290282 -2.90315 2.98877
2.57 0.521327 -0.355535 -2.99901 3.04399
2.58 0.411621 -0.212029 -2.75498 2.78556
2.59 0.327525 -0.320482 -2.22213 2.24613
2.6 0.236759 -0.313315 -1.86682 1.88178
2.61 0.118983 -0.39252 -1.57193 1.57643
2.62 0.0204551 -0.299731 -1.4058 1.40595
2.63 -0.0564503 -0.247224 -1.27122 1.27247
2.64 -0.148792 -0.18079 -1.06582 1.07616
2.65 -0.175175 -0.128572 -0.874034 0.891416
2.66 -0.21089 0.040154 -0.61177 0.647099
2.67 -0.164176 -0.00736186 -0.37427 0.408695
2.68 -0.0922808 -0.0170747 -0.202892 0.222893
2.69 -0.0448039 -0.0604923 -0.115172 0.12358
2.7 0.0113695 -0.0283626 -0.0589941 0.0600797
2.71 0.0158135 0.00848777 -0.0457354 0.0483921
2.72 0.00390022 -0.0291873 -0.0523099 0.0524551
2.73 0.00434734 0.0197971 -0.00021325 0.00435256
2.74 0.00652468 0.0493811 -0.0253452 0.0261716
2.75 -0.00186604 -0.00296759 -0.0652514 0.0652781
2.76 0.0184838 0.0113795 -0.0520085 0.0551955
2.77 0.00837689 -0.00950972 -0.0455088 0.0462734
2.78 -0.00941443 -0.0298353 -0.0389186 0.0400411
2.79 -0.00406649 -0.0153717 -0.045152 0.0453347
2.8 -0.0119608 -0.0147632 -0.052041 0.0533978
2.81 0.00856667 -0.0363169 -0.058499 0.0591229
2.82 0.0150522 -0.0269526 0.0120768 0.0192981
2.83 -0.00107088 0.022766 -0.0130018 0.0130458
2.84 -0.00154422 0.027277 -0.0769851 0.0770006
2.85 0.00626409 0.00940211 0.00661188 0.00910801
2.86 -0.000650597 -0.0086302 -0.0521563 0.0521604
2.87 0.00387324 -0.00241604 -0.025903 0.026191
2.88 0.0108976 0.00641532 -0.039049 0.0405411
2.89 0.00302138 -0.0112532 -0.0130567 0.0134018
2.9 0.00330227 -0.0644833 -0.0324732 0.0326407
2.91 0.011765 0.0104897 0.00672328 0.0135506
2.92 0.00446983 -0.060767 -0.00687522 0.00820049
2.93 -0.00510908 -0.00130544 -0.0387526 0.039088
2.94 0.0111041 -0.0784035 -0.0519328 0.0531067
2.95 -0.000681836 0.0136033 -0.0709587 0.070962
2.96 -0.00815819 0.00935996 -0.0453357 0.0460638
2.97 0.0163254 -0.00975735 -0.0322877 0.0361803
2.98 0.0149199 -0.0223863 -0.0711077 0.0726561
2.99 -0.00528615 -0.00107474 -0.0586414 0.0588791
3 0.00720938 0.0131568 -0.0317546 0.0325627
3.01 0.00871231 -0.0944672 -0.0262397 0.0276483
3.02 0.00571061 0.00577147 -0.0713074 0.0715357
3.03 0.00304746 0.00709443 -0.0258877 0.0260665
3.04 0.000990401 -0.201581 0.00531577 0.00540725
3.05 -0.0037498 -0.0512628 -0.0453055 0.0454605
3.06 0.00926315 -0.103363 -0.0395799 0.0406494
3.07 -0.00977012 0.0238944 -0.045323 0.0463641
3.08 -0.00492384 0.00283926 -0.00596909 0.00773784
3.09 0.0108543 0.0203512 -0.00647663 0.0126397
3.1 -0.00929901 0.0370017 -0.0126961 0.0157373
3.11 -0.00870063 0.0319183 -0.0188621 0.020772
3.12 -0.00641253 0.0529161 -0.00642807 0.00907968
3.13 0.00713399 -0.0129068 -0.0455355 0.0460909
3.14 0.00325795 0.0378783 0.0127482 0.0131579
3.15 0.0106478 0.00257692 -0.0326127 0.0343069
3.16 0.00941367 -0.224554 -0.0207408 0.0227772
3.17 -0.00792407 -0.0398553 -0.0581894 0.0587264
3.18 0.00352665 -0.00715001 -0.0507962 0.0509185
3.19 -0.00726753 -0.0356531 -0.013569 0.0153927
3.2 0.00778548 -0.0226707 -0.045248 0.0459129
3.21 0.000922096 0.119867 -0.0442428 0.0442524
3.22 0.0111206 -0.0242124 -0.0650745 0.0660179
3.23 0.00403915 -0.0293385 -0.00650841 0.00765991
3.24 0.00556934 -0.101339 -0.0261026 0.0266901
3.25 0.0116241 -0.0160632 -0.0259232 0.0284101
3.26 0.00303332 -0.0287034 -0.0194446 0.0196798
3.27 -0.00122048 0.00112537 -0.0583044 0.0583171
3.28 0.00934764 -0.139545 -0.0397013 0.0407869
3.29 0.00447563 -0.0295056 4.0458e-05 0.00447581
3.3 0.0103175 0.0160225 -0.0325932 0.0341873
3.31 -0.00729608 -0.129708 -0.0457364 0.0463147
3.32 0.0162983 -0.0320086 -0.0388944 0.0421712
3.33 -0.00332926 -0.0828397 -0.0330673 0.0332344
3.34 0.00456894 -0.00268059 -0.00644103 0.00789697
3.35 -0.00531852 0.0744076 -0.0189315 0.0196644
3.36 -0.0105054 -0.0383797 -0.0448833 0.0460964
3.37 -0.00835356 -0.0620175 -0.0386897 0.0395812
3.38 -0.00395506 -0.00682381 -0.0187516 0.0191641
3.39 -0.00446834 -0.0245702 -0.0192836 0.0197945
3.4 0.00330983 0.00683487 -0.0452891 0.0454099
3.41 -0.000682611 -0.0131208 -0.0326657 0.0326729
3.42 0.0155236 -0.0493349 -0.0462787 0.0488129
3.43 0.0112567 -0.00237761 -0.0262445 0.0285568
3.44 -0.000849276 0.000288282 -0.0192295 0.0192483
3.45 0.0267184 0.0150329 -0.0136828 0.0300182
3.46 -0.0240136 0.0457567 -0.0383897 0.0452816
3.47 0.0015407 -0.0945117 -0.000721462 0.00170126
3.48 -0.000589464 0.0135431 -0.0128936 0.0129071
3.49 0.00930031 -0.193024 -0.0334433 0.0347124
3.5 0.00623938 0.0537707 -0.0317665 0.0323734
3.51 -0.00292121 -0.145334 0.0117451 0.0121029
3.52 -0.00359635 -0.0288079 -0.0256229 0.0258741
3.53 -0.0087267 0.0362104 -0.0123702 0.0151386
3.54 -0.0148295 0.0311794 -0.0314589 0.034779
3.55 -0.00862369 0.0273531 -0.044794 0.0456166
3.56 0.00263271 0.127588 -0.0571578 0.0572184
3.57 -0.000288688 -0.0179073 -0.0191598 0.019162
3.58 0.00491388 -0.069911 0.019145 0.0197656
3.59 -0.00863882 -0.0349882 -0.0514495 0.0521697
3.6 0.0117447 -0.047121 -0.0197636 0.02299
3.61 -0.00422854 -0.0106166 -0.00618287 0.00749056
3.62 -0.0224239 -0.079817 -0.0134412 0.0261438
3.63 0.0116146 0.0103515 -0.0253588 0.027892
3.64 -0.0118995 -0.00185776 -0.0381556 0.0399681
3.65 -0.00315995 -0.0742544 -0.00639697 0.00713488
3.66 0.00648967 0.0225738 0.00654544 0.0092173
3.67 0.00608233 -0.168627 -0.0205293 0.0214114
3.68 -0.00498951 0.091913 -0.0317454 0.0321351
3.69 -0.0155414 0.00914081 0.00639805 0.0168069
3.7 -0.000793777 -0.00863866 -0.0131361 0.0131601
3.71 -0.00436728 -0.00656102 -0.0325466 0.0328383
3.72 -0.00588293 0.057115 -0.0514162 0.0517516
3.73 0.00283086 0.104976 -0.00586225 0.00650997
3.74 0.00335759 0.00672374 -0.0324135 0.0325869
3.75 -0.0049065 0.141068 -0.00570799 0.00752695
3.76 -0.00850253 0.00964753 -0.0452116 0.0460042
3.77 -0.00572887 0.172876 0.00704645 0.00908143
3.78 0.0196058 0.00137057 -0.0125169 0.0232607
3.79 0.00832894 -0.0989808 -0.0263351 0.0276208
3.8 0.00749482 -0.0137116 -0.0452477 0.0458643
3.81 0.00708467 0.00462237 -0.0132354 0.0150123
3.82 0.0112194 0.0203409 -0.00667094 0.0130528
3.83 0.00197839 0.105768 -0.0704225 0.0704502
3.84 0.0115597 0.0552705 -0.0443679 0.0458491
3.85 -0.00350645 0.0330337 0.00685281 0.0076978
3.86 -0.0117555 -0.0689729 -7.34525e-05 0.0117557
3.87 -0.00363641 -0.0827921 -0.0326024 0.0328046
3.88 0.0169634 -0.112833 -0.000723393 0.0169788
3.89 -0.0120764 0.0208319 -0.0129913 0.0177373
3.9 -0.00607825 0.168626 -0.0380388 0.0385214
3.91 0.00200467 0.101295 -0.0255227 0.0256013
3.92 -0.00682315 -0.0406931 -0.0446418 0.0451602
3.93 -0.0112903 -0.109425 -0.0456688 0.0470437
3.94 0.0146003 0.013486 0.0127525 0.0193854
3.95 -0.0050868 0.0294386 -0.0314252 0.0318342
3.96 0.00210929 0.0520379 -0.0191372 0.0192531
3.97 -0.00117568 0.0718618 0.00686568 0.00696562
3.98 0.0036512 -0.00255853 -0.0384753 0.0386481
3.99 0.000425036 -0.0719576 -0.0326597 0.0326625
4 0.00407652 -0.0294175 -0.0324205 0.0326758
4.01 -0.00454495 -0.00647185 -0.0513216 0.0515225
4.02 -0.00867257 0.0807131 0.000843247 0.00871347
4.03 -0.00499416 -0.0728925 -0.064886 0.0650779
4.04 -0.00237471 -0.00697186 -0.0261637 0.0262712
4.05 0.0107594 0.0112859 -0.0324659 0.0342023
4.06 -0.00798646 0.0136989 -0.0190247 0.0206331
4.07 0.0107809 0.0379456 0.00681597 0.0127548
4.08 0.000590607 0.00373254 0.000614947 0.000852629
4.09 -0.000587651 -0.00405565 -0.00667647 0.00670228
4.1 0.0108433 -0.0156086 -0.0323486 0.0341176
4.11 0.0145909 0.0400617 -0.012936 0.0194996
4.12 -0.000287903 0.0182458 -0.0583291 0.0583298
4.13 0.000657247 -0.049027 -0.0390311 0.0390366
4.14 0.0100109 0.00678256 -0.032367 0.0338798
4.15 -0.00489618 0.0384427 -0.00593955 0.00769746
4.16 0.000369573 -0.040391 -0.0450917 0.0450932
4.17 0.00141643 0.083887 -0.025622 0.0256611
4.18 -0.00164256 0.130074 0.0199902 0.0200576
4.19 0.000963849 0.168629 -0.0443178 0.0443283
4.2 0.0192247 0.0018784 0.0124049 0.0228795
4.21 -0.00887973 -0.0435777 -0.05861 0.0592788
4.22 0.0056085 0.0279615 -0.0203203 0.0210801
4.23 0.00813477 -0.0674435 -0.0331764 0.0341592
4.24 0.00234921 0.0208731 -0.0196124 0.0197526
4.25 0.000488735 -0.0406589 -0.0254735 0.0254782
4.26 -0.00480728 0.0164273 -0.0382588 0.0385596
4.27 0.0116807 0.024193 -0.0130697 0.0175287
4.28 0.00649982 0.103017 -0.0383463 0.0388933
4.29 -0.0129008 0.047779 -0.0515076 0.0530987
4.3 -0.00627551 -0.161488 -0.0135332 0.0149174
4.31 -0.000528362 -0.0348081 -0.0198651 0.0198722
4.32 -0.00366162 0.073457 -0.0317234 0.031934
4.33 -0.00536288 0.0968158 -0.019068 0.0198078
4.34 0.000163888 -0.00914315 -0.0382141 0.0382145
4.35 0.00389432 -0.0115873 4.10038e-05 0.00389454
4.36 0.00706031 -0.0313238 0.00581458 0.00914644
4.37 0.00385331 -0.0562644 -0.0318384 0.0320707
4.38 0.0158881 -0.0454016 -0.077313 0.0789287
4.39 -0.0110709 -0.0783324 -0.0458902 0.0472068
4.4 0.00719048 0.00470966 -0.0263435 0.0273072
4.41 -0.00375713 -0.0292557 -0.0188476 0.0192184
4.42 0.0122873 -0.159242 -0.0393272 0.041202
4.43 -0.0043014 -0.00230946 0.00687107 0.00810639
4.44 0.00399739 0.00219509 -0.0387207 0.0389265
4.45 0.00284475 0.0248084 -0.0196082 0.0198135
4.46 0.0115734 -0.0382687 -0.0263981 0.0288237
4.47 0.00364006 -0.0066107 -0.0453086 0.0454546
4.48 0.00267322 -0.0464539 -0.0453476 0.0454264
4.49 0.0195957 -0.0251607 -0.039264 0.0438823
4.5 0.000830348 0.0527019 -0.00589396 0.00595216
4.51 0.0034795 0.0157424 -0.0711247 0.0712098
4.52 0.0109973 -0.00244116 -0.0129047 0.016955
4.53 -0.00464728 0.140971 0.00720511 0.00857385
4.54 -0.0119856 -0.0733295 -0.0517935 0.0531622
4.55 -0.0072767 0.00395262 0.0066712 0.00987194
4.56 0.00226511 0.0476066 0.0065239 0.00690594
4.57 -0.00407961 -0.0151971 -0.026486 0.0267984
4.58 0.00357602 -0.0382316 1.17411e-05 0.00357604
4.59 0.00468766 -0.0387795 -0.000160085 0.00469039
4.6 0.0105692 0.015473 -0.0382752 0.0397076
4.61 0.0149814 -0.000232676 -0.00670645 0.016414
4.62 0.00711709 0.0223041 -0.0130502 0.0148648
4.63 -0.00105583 -0.017486 -0.0453656 0.0453779
4.64 0.00347277 -0.0424043 -0.0134938 0.0139335
4.65 0.0232407 -0.0272342 -0.039364 0.0457127
4.66 -0.0062904 -0.107864 -0.0128858 0.0143392
4.67 0.00330049 -0.0242449 -0.0450289 0.0451497
4.68 0.0151856 -0.0270734 -0.0394776 0.0422976
4.69 0.00436197 -0.0430749 -0.0513765 0.0515614
4.7 0.00868446 -0.0499367 -0.0323036 0.0334506
4.71 -0.00736628 -0.160502 -0.0396852 0.0403631
4.72 0.00676712 0.00470212 -0.0515583 0.0520005
4.73 -0.00780065 0.0311958 0.00718096 0.0106027
4.74 0.0078601 -0.000691629 0.000486659 0.00787515
4.75 0.00291278 0.00235439 -0.0256036 0.0257687
4.76 0.00376122 -0.0243163 -0.0457262 0.0458806
4.77 0.00762876 -0.0224849 -0.0127011 0.0148161
4.78 0.00634862 0.0987949 -0.0384745 0.0389948
4.79 0.0192048 0.0283253 -0.0258178 0.0321774
4.8 -0.00429325 0.0955717 -0.0179849 0.0184902
4.81 0.0175513 0.145079 -0.0380375 0.0418915
4.82 0.00819868 -0.00960081 -0.0128916 0.0152778
4.83 0.00715687 0.0311896 -0.0447852 0.0453535
4.84 -0.00409509 0.00243473 -0.0129222 0.0135556
4.85 0.00112809 -0.120954 -0.00136215 0.00176863
4.86 0.011542 -0.029407 -0.0134847 0.0177498
4.87 0.000592926 -0.116318 -0.0333016 0.0333068
4.88 -0.00229703 -0.177169 -0.0459664 0.0460238
4.89 0.00718709 -0.0175874 -0.039082 0.0397374
4.9 0.00372723 -0.0113693 -0.0061992 0.00723342
4.91 0.00778548 -0.0226707 -0.045248 0.0459129
4.92 -0.00777247 -0.0224415 -0.0383854 0.0391644
4.93 0.00383562 -0.0247962 -0.0450439 0.0452069
4.94 -0.000601035 -0.0131293 -0.038527 0.0385317
4.95 -0.00784268 -0.0532356 -0.0323348 0.0332723
4.96 0.00415791 -0.0427977 -0.006566 0.00777178
4.97 -0.00807902 0.000387223 -0.045374 0.0460877
4.98 -0.0109011 -0.0962897 -0.0323185 0.0341075
4.99 -0.01133 -0.1051 -0.019396 0.0224627
5 -0.00739984 -0.0314286 -0.0191083 0.0204911
5.01 0.0146278 6.70962e-05 -0.0202316 0.0249658
5.02 -0.00312691 -0.0205807 -0.0191275 0.0193814
5.03 -0.00506272 0.0293733 -0.0124184 0.0134108
5.04 -0.000886035 0.116654 -0.0385204 0.0385306
5.05 -0.0014435 0.147899 -0.0763681 0.0763818
5.06 -0.0068733 -0.0495464 -0.0516939 0.0521488
5.07 0.00451835 -0.0341539 -0.0322932 0.0326078
5.08 0.00555161 -0.0793001 -0.0384323 0.0388312
5.09 0.00351342 0.038143 -0.0185544 0.0188841
5.1 0.00387978 -0.0605762 -0.0131917 0.0137504
5.11 -0.00167129 0.0456287 -0.0644445 0.0644662
5.12 -0.00767006 -0.0672909 -0.0578928 0.0583987
5.13 -0.00852042 0.0315257 -0.0312878 0.0324272
5.14 0.00804426 -0.0585992 -0.0456721 0.0463751
5.15 0.0021569 0.154701 -0.0186345 0.0187589
5.16 0.00356814 0.082787 -0.00645526 0.00737577
5.17 0.0110482 0.0199254 -0.0386827 0.0402295
5.18 -0.00632802 -0.130244 -0.0320267 0.0326458
5.19 0.00561807 -0.0749071 -0.000129017 0.00561955
5.2 -0.0110533 -0.011252 -0.0119888 0.0163066
5.21 -0.0123192 0.0523197 -0.00645454 0.0139077
5.22 -0.00455267 0.0249837 -0.0508786 0.0510819
5.23 0.0056551 0.0720121 -0.025705 0.0263198
5.24 0.00119727 -0.192914 -0.020179 0.0202145
5.25 0.0037598 -0.00295533 -0.0313913 0.0316156
5.26 -0.00179977 0.0947703 -0.0384452 0.0384873
5.27 0.00178325 -0.0233868 0.00662253 0.00685842
5.28 5.10718e-05 0.0130988 -0.0511553 0.0511553
5.29 0.0164481 -0.000739199 -0.0709983 0.0728787
5.3 -0.011173 -0.037547 -0.0195669 0.0225322
5.31 -0.00898474 0.0856522 -0.0447769 0.0456694
5.32 0.00337272 0.069065 -0.025758 0.0259779
5.33 -0.0128916 0.123977 -0.038192 0.040309
5.34 -0.00079937 -0.00388852 -0.0581068 0.0581123
5.35 0.00457105 -0.0520257 -0.0455155 0.0457445
5.36 -0.00956242 0.0683732 -0.032342 0.033726
5.37 -0.00473032 0.0118621 -0.0641901 0.0643642
5.38 -0.0122135 0.100634 -0.044635 0.0462758
5.39 0.00768681 -0.0449263 -0.032345 0.0332458
5.4 -0.0158569 0.0849472 -0.0120656 0.0199254
5.41 -0.000992491 0.080575 -0.0124973 0.0125366
5.42 -0.00416268 0.0607194 0.00641035 0.00764333
5.43 0.0102083 -0.0195727 -0.0267615 0.0286424
5.44 -0.000315164 -0.0268064 -0.0323437 0.0323453
5.45 -0.00435452 0.0826663 -0.0318697 0.0321658
5.46 0.00873376 -0.0365349 -0.0522588 0.0529836
5.47 -0.00361258 -0.0694661 -0.0704506 0.0705432
5.48 0.0147011 0.0090361 -0.0455642 0.0478771
5.49 -0.015635 -0.0175035 -0.038512 0.0415647
5.5 -0.00706141 -0.0310701 -0.0071093 0.0100203
5.51 0.00255292 0.00706295 -0.00645357 0.00694017
5.52 -0.00325707 -0.0562724 -0.0646171 0.0646991
5.53 0.000472817 -0.049429 -0.0261233 0.0261276
5.54 -0.000941052 -0.0798052 -0.0461217 0.0461313
5.55 -2.86922e-05 -0.00449146 -0.0390769 0.0390769
5.56 0.00288832 0.069182 -0.0189289 0.019148
5.57 0.00775227 0.0264294 -0.0448903 0.0455548
5.58 0.00428819 -0.016032 -0.0640982 0.0642415
