0 -0.00520488 0.181483 -0.00526468 0.00740321
0.01 0.00719497 0.169354 0.0330507 0.0338248
0.02 -0.00541126 0.132737 0.00653284 0.00848291
0.03 0.00497648 0.0416624 0.0191825 0.0198176
0.04 0.0148768 0.125235 -0.0134248 0.0200386
0.05 0.000418129 -0.0846442 -0.0390962 0.0390985
0.06 0.00807295 -0.0673184 -0.00113245 0.00815199
0.07 -0.00127972 0.134471 -0.00609702 0.00622988
0.08 0.0161202 0.0441106 -0.00660758 0.0174218
0.09 0.00604372 0.161177 0.0387039 0.039173
0.1 -0.00412554 0.109642 0.0386523 0.0388718
0.11 0.00374481 0.0693653 -0.00623979 0.00727727
0.12 -0.0003465 0.107288 0.0132498 0.0132543
0.13 -0.00374542 0.0693802 0.00609227 0.0071515
0.14 0.0145802 0.125411 -0.000423329 0.0145864
0.15 -0.00411358 0.243012 0.0462088 0.0463915
0.16 -0.0113225 0.0606606 -0.0129903 0.0172322
0.17 0.0114206 0.12298 -0.00639876 0.013091
0.18 0.00822397 0.0528888 -0.0188406 0.0205572
0.19 0.00721471 0.13396 -0.00661043 0.00978518
0.2 0.0117084 0.0824362 -0.0193787 0.0226411
0.21 0.00490361 0.055354 0.0130406 0.013932
0.22 -0.000436636 0.102941 -0.0189217 0.0189268
0.23 -0.00676625 0.0619169 0.0197867 0.0209116
0.24 -0.00354167 0.00640716 -0.0126481 0.0131346
0.25 -0.00431708 0.104885 0.0135242 0.0141965
0.26 0.0117446 0.0421003 0.0509734 0.0523089
0.27 0.0114848 0.122351 0.00688484 0.0133903
0.28 0.0109691 0.108852 0.00671289 0.0128602
0.29 -0.00311576 0.0779138 0.00692918 0.00759747
0.3 0.00221146 0.221823 0.013379 0.0135606
0.31 0.0197286 0.0771313 -0.000407507 0.0197328
0.32 0.007903 0.0398989 0.00575304 0.00977521
0.33 0.00371596 0.144666 0.0262916 0.026553
0.34 0.00749248 0.093128 -0.00586904 0.0095175
0.35 0.0153857 0.0978836 0.00696263 0.0168878
0.36 -0.00175861 0.0546617 0.04579 0.0458237
0.37 -0.00109332 0.16532 0.0135315 0.0135756
0.38 -0.000715334 0.151764 0.026387 0.0263967
0.39 0.00495859 0.0465868 -0.00711904 0.00867573
0.4 0.000902605 0.0883563 0.039325 0.0393354
0.41 4.12967e-05 0.0979439 0.00668499 0.00668512
0.42 0.0104352 0.158747 -0.0127644 0.0164871
0.43 0.00258459 0.100956 -0.00660123 0.00708917
0.44 0.00383771 0.153524 0.013834 0.0143565
0.45 0.00490334 0.032895 -0.0320149 0.0323883
0.46 0.00644556 0.147736 0.0191747 0.020229
0.47 0.00705567 0.102402 0.0392123 0.039842
0.48 0.00734788 0.0401741 0.00583901 0.00938538
0.49 0.00166877 -0.0145175 0.0253971 0.0254519
0.5 -0.0121468 -0.0151661 -0.0391338 0.0409756
0.51 0.00169534 0.115179 -0.0518265 0.0518542
0.52 0.00346467 0.0558135 0.0126307 0.0130972
0.53 0.00932121 0.039162 0.00623072 0.0112119
0.54 0.011402 0.0956553 0.0259005 0.0282991
0.55 -0.0110859 0.0512004 -0.0182083 0.0213176
0.56 0.00886968 -0.0590029 0.00594217 0.0106762
0.57 0.00398131 0.0732172 0.0322397 0.0324846
0.58 0.00376081 0.104819 0.00639166 0.007416
0.59 -0.0038286 0.0200638 0.00630786 0.00737884
0.6 -0.00432302 0.0961026 0.0265229 0.0268729
0.61 0.00827973 0.0664209 0.0323084 0.0333524
0.62 -0.00405524 0.0204073 0.0321141 0.0323691
0.63 0.014284 0.165503 -0.00604399 0.0155101
0.64 0.000547281 0.0753238 0.00723852 0.00725918
0.65 0.00359427 0.09575 -8.71983e-05 0.00359533
0.66 0.00824804 0.0528235 0.000166235 0.00824972
0.67 0.0116791 0.0642507 0.0257661 0.0282895
0.68 0.00326054 0.0470037 -0.0193276 0.0196007
0.69 -0.00376627 0.0915814 0.0260795 0.02635
0.7 0.00477217 0.0194807 0.01894 0.019532
0.71 0.00415579 0.0868426 0.00022121 0.00416167
0.72 -0.0108382 0.153547 0.0463285 0.0475794
0.73 -0.00037356 0.0982476 0.00118021 0.00123792
0.74 -2.30036e-05 0.129202 0.0331111 0.0331111
0.75 -0.000988799 0.147971 0.0389582 0.0389708
0.76 -0.00466547 0.198981 0.00709819 0.00849416
0.77 0.00829342 0.0795985 0.00706271 0.0108932
0.78 0.00228921 0.163687 -0.018558 0.0186986
0.79 -0.00466578 0.136286 0.0331683 0.0334949
0.8 -0.0113222 0.0831196 0.0320652 0.0340054
0.81 0.00288124 0.113648 0.0525821 0.0526609
0.82 -0.000445175 0.178539 -0.0115973 0.0116058
0.83 0.00444105 0.0598132 0.012981 0.0137197
0.84 0.0141803 0.098775 0.00540552 0.0151757
0.85 -0.00308021 0.00192756 0.0125475 0.0129201
0.86 -0.0203022 0.12821 -0.00621939 0.0212335
0.87 0.00789815 0.137815 0.000677479 0.00792715
0.88 -0.0225148 0.062571 0.000287339 0.0225166
0.89 0.0119564 0.0771488 0.00626013 0.0134961
0.9 -0.00277977 0.0598791 0.0256268 0.0257771
0.91 0.000933207 0.0663231 -0.0184033 0.018427
0.92 0.0082059 0.0708241 0.0259227 0.0271905
0.93 0.00263458 0.212583 -0.011922 0.0122096
0.94 0.00385556 0.0995766 0.00712506 0.00810135
0.95 -0.00751658 0.0577571 0.000807873 0.00755987
0.96 0.00734112 0.0182198 -0.0259747 0.0269922
0.97 -0.00460873 0.159103 0.0259885 0.026394
0.98 -0.00650711 -0.0539845 -0.000856687 0.00656326
0.99 0.0194712 0.108653 0.0259096 0.0324104
1 0.00593625 0.121536 -0.0323551 0.0328952
1.01 0.0115268 0.113619 0.00650561 0.0132359
1.02 -0.00934545 0.126352 -0.0385426 0.0396594
1.03 0.00340723 0.207753 -0.0183913 0.0187043
1.04 0.00790596 0.0581324 0.02531 0.026516
1.05 0.00390232 0.0955618 0.000562315 0.00394263
1.06 -0.00641865 0.0346026 0.0267555 0.0275147
1.07 0.015108 0.102725 0.019137 0.0243819
1.08 -0.00905529 0.134831 -0.0185065 0.0206031
1.09 0.00804417 0.0664726 0.013261 0.0155101
1.1 -0.0113221 0.0738519 0.00668542 0.0131485
1.11 -0.000363498 0.111708 0.0322758 0.0322778
1.12 0.0118452 0.0374893 0.0189078 0.0223117
1.13 0.0109544 0.0917702 0.0125215 0.0166369
1.14 -0.00739344 -0.062724 -0.0458049 0.0463978
1.15 -0.015185 0.031298 0.00640811 0.0164818
1.16 0.014644 0.111591 -0.00681549 0.0161524
1.17 0.0107763 0.0560285 -0.0195933 0.0223612
1.18 -0.00353958 0.0288645 -0.0261625 0.0264009
1.19 -0.0132262 0.253549 0.00144799 0.0133052
1.2 -0.000357367 0.133863 -0.0124388 0.0124439
1.21 -0.00775676 0.0447592 0.0195403 0.0210235
1.22 -0.0144893 0.0310334 0.0258701 0.0296513
1.23 0.0200786 0.0638024 0.0257582 0.0326594
1.24 0.00749596 0.0671985 0.031945 0.0328127
1.25 -0.000222387 0.0892595 0.00677064 0.00677429
1.26 -0.00175636 0.125772 -0.0060495 0.00629931
1.27 0.0170055 -0.0508804 0.018878 0.025408
1.28 0.0106379 0.118393 -0.0127047 0.0165703
1.29 0.00372014 0.113392 0.0330245 0.0332334
1.3 0.000335397 0.062119 -0.0124754 0.0124799
1.31 -0.00131571 0.0811203 0.012695 0.012763
1.32 0.0147465 0.138404 0.000351586 0.0147507
1.33 0.0185004 0.0961597 0.0248416 0.0309737
1.34 0.0194863 0.0910405 -0.0127922 0.02331
1.35 0.015664 0.0931833 -0.00632864 0.0168941
1.36 -0.00793685 0.10675 -0.0248228 0.0260608
1.37 0.00295242 0.100461 0.0133959 0.0137174
1.38 -0.00108179 0.112039 -0.006193 0.00628678
1.39 0.00263391 0.0834264 -0.0389013 0.0389903
1.4 -0.010701 0.122133 0.0266463 0.0287147
1.41 -0.0103723 -0.0562804 -0.0388283 0.0401898
1.42 0.000387637 0.0934296 -0.0189377 0.0189416
1.43 -0.00042793 0.040715 -0.0579626 0.0579642
1.44 -0.000395819 0.124817 0.0455498 0.0455515
1.45 0.0101411 -0.0151219 0.03213 0.0336924
1.46 -0.0104589 -0.0160327 0.0130447 0.0167198
1.47 -0.00104864 0.112102 0.0253479 0.0253696
1.48 -0.00450874 0.1185 0.00683857 0.00819114
1.49 -0.00431807 0.0783419 0.000425617 0.00433899
1.5 0.00307018 0.0604586 0.000239741 0.00307953
1.51 -0.0108329 0.055813 1.19722e-05 0.0108329
1.52 -0.0091884 0.264429 0.00751997 0.0118734
1.53 0.00437631 0.0643445 0.019132 0.0196261
1.54 -0.00285952 -0.0163029 0.00667977 0.0072661
1.55 -0.0121517 0.00259459 -0.0130359 0.0178213
1.56 0.00509349 -0.0968667 0.0187593 0.0194385
1.57 0.0162007 0.0484896 -0.0132257 0.0209137
1.58 -0.00169266 -0.0793693 0.0317349 0.03178
1.59 0.0122293 0.0460872 -0.0129513 0.0178127
1.6 0.00520406 0.0506072 -0.00638252 0.00823522
1.61 0.0109068 0.0826135 -0.0257333 0.0279493
1.62 0.022831 0.110969 0.019389 0.0299531
1.63 0.00628102 0.13444 -0.0128028 0.0142605
1.64 0.0121162 0.077436 0.0257378 0.0284471
1.65 0.00774934 0.106706 0.00652839 0.0101327
1.66 0.00718717 0.0850057 -6.27128e-05 0.00718744
1.67 -0.0110227 0.0958309 0.0075393 0.0133544
1.68 0.0154678 0.0753769 0.00632304 0.0167103
1.69 0.00306208 0.158676 0.0263642 0.0265415
1.7 0.00358445 0.0915375 0.0193331 0.0196626
1.71 0.00589394 0.126165 0.0251196 0.0258018
1.72 -0.00712072 0.0846957 0.0261785 0.0271296
1.73 -0.0132109 0.190477 0.0268124 0.0298903
1.74 0.0066367 0.0807102 -0.00639835 0.00921872
1.75 0.000643247 0.0350235 0.0192912 0.019302
1.76 0.00680424 0.116323 0.0131791 0.0148319
1.77 -0.00467154 0.127664 0.0199141 0.0204547
1.78 0.00634988 0.147797 0.0196777 0.0206769
1.79 0.0142746 0.0985728 0.00601758 0.0154912
1.8 0.00135618 -0.125704 -0.00127292 0.00185998
1.81 -0.00712888 0.0803204 0.0132843 0.0150763
1.82 0.0111747 -0.00234959 -0.0455225 0.046874
1.83 0.00674156 0.134208 0.0127529 0.0144251
1.84 0.0140695 0.143173 0.00631794 0.015423
1.85 -0.00668306 0.111233 0.0195711 0.0206807
1.86 -0.0190459 0.0871105 0.0196509 0.0273661
1.87 -0.00543822 0.163916 0.00704618 0.00890072
1.88 0.00395236 0.0377739 0.00595721 0.00714909
1.89 -0.000365806 0.0894318 -0.00560136 0.00561329
1.9 0.00365208 0.0558925 -0.006338 0.00731491
1.91 -0.00854931 0.108105 -0.019428 0.0212259
1.92 0.00427785 -0.0295523 -0.019778 0.0202353
1.93 -0.000404 0.120442 0.032655 0.0326575
1.94 -0.00668231 0.0350223 0.0199039 0.0209957
1.95 0.0109897 0.118397 0.0320224 0.0338556
1.96 0.0140473 0.12564 -0.00646981 0.0154656
1.97 0.00810444 0.0396238 0.01951 0.0211264
1.98 -0.00659019 0.0219321 0.0320415 0.0327122
1.99 -0.00165926 0.188085 0.0198833 0.0199524
2 0.00923724 0.266646 -0.0126827 0.01569
2.01 0.00705844 0.111688 -0.0191165 0.020378
2.02 -0.0155632 0.0446936 0.0198055 0.0251887
2.03 -0.00407912 0.113798 0.0267462 0.0270555
2.04 0.00177129 0.226397 -0.0190628 0.0191449
2.05 -0.00598395 0.192331 -0.297127 0.297187
2.06 -0.0530926 0.177237 -0.658156 0.660294
2.07 -0.0319426 -0.169792 -0.893522 0.894093
2.08 0.012347 0.0177465 -0.928382 0.928464
2.09 0.0518889 0.0685233 -0.800824 0.802503
2.1 0.0727543 -0.100905 -0.718839 0.722511
2.11 0.0882771 -0.105463 -0.673896 0.679654
2.12 0.0424179 -0.00155752 -0.619906 0.621356
2.13 0.0114336 -0.0493872 -0.708078 0.70817
2.14 -0.0173686 -0.053183 -0.855808 0.855984
2.15 -0.0465037 0.0141228 -0.9709 0.972013
2.16 -0.0611667 -0.0384507 -1.11342 1.1151
2.17 -0.0613573 -0.047113 -1.21656 1.2181
2.18 -0.0632645 0.00263156 -1.30686 1.30839
2.19 -0.0240984 -0.0658751 -1.39881 1.39902
2.2 -0.00167806 -0.0837821 -1.5039 1.5039
2.21 -0.00312632 -0.08327 -1.56824 1.56824
2.22 0.00731573 -0.147652 -1.69232 1.69233
2.23 0.0215989 -0.178882 -1.78397 1.7841
2.24 0.0283035 -0.111993 -1.85533 1.85554
2.25 0.0563034 -0.120265 -1.93448 1.9353
2.26 0.0732018 -0.233445 -1.95518 1.95655
2.27 0.0953134 -0.140901 -1.86478 1.86722
2.28 0.117503 -0.110237 -1.91057 1.91418
2.29 0.1398 -0.20478 -2.47583 2.47977
2.3 0.0916706 -0.24054 -2.74318 2.74471
2.31 0.0857004 -0.387878 -2.88673 2.888
2.32 0.109136 -0.228111 -2.84779 2.84988
2.33 0.136902 -0.245608 -2.71354 2.71699
2.34 0.179645 -0.231863 -2.66926 2.6753
2.35 0.183077 -0.296104 -2.7975 2.80349
2.36 0.167006 -0.237171 -2.97688 2.98156
2.37 0.162507 -0.224496 -3.17014 3.17431
2.38 0.146085 -0.13368 -3.35007 3.35326
2.39 0.161824 -0.236412 -3.48714 3.49089
2.4 0.196732 -0.248707 -3.52003 3.52553
2.41 0.208463 -0.273809 -3.58556 3.59161
2.42 0.254643 -0.243396 -3.6509 3.65977
2.43 0.217006 -0.215969 -3.79888 3.80508
2.44 0.207443 -0.387719 -3.92173 3.92722
2.45 0.189476 -0.264764 -4.06881 4.07322
2.46 0.193265 -0.240105 -4.14622 4.15072
2.47 0.188493 -0.24215 -4.20369 4.20792
2.48 0.216821 -0.290995 -4.1979 4.20349
2.49 0.253046 -0.233166 -4.30135 4.30879
2.5 0.249889 -0.504175 -4.42679 4.43384
2.51 0.283372 -0.180574 -4.6271 4.63577
2.52 0.300816 -0.490077 -4.71309 4.72268
2.53 0.309396 -0.362133 -4.82845 4.83835
2.54 0.335172 -0.395934 -4.92619 4.93758
2.55 0.361255 -0.389686 -5.0944 5.10719
2.56 0.387385 -0.446427 -5.17227 5.18676
2.57 0.39435 -0.433407 -5.16019 5.17524
2.58 0.422616 -0.343694 -5.32782 5.34455
2.59 0.416114 -0.304413 -5.36666 5.38277
2.6 0.400256 -0.353199 -5.03716 5.05304
2.61 0.353504 -0.189368 -3.24571 3.26491
2.62 0.383788 -0.0749425 -2.37897 2.40973
2.63 0.395833 -0.165063 -2.51757 2.54849
2.64 -0.447062 0.280349 -6.96205 6.97639
2.65 0.103357 -0.462188 -7.40417 7.40489
2.66 0.418386 -0.468942 -6.34665 6.36042
2.67 0.691798 -0.571803 -4.40962 4.46355
2.68 0.938461 -0.512228 -3.00157 3.14485
2.69 1.0676 -0.450825 -2.10561 2.3608
2.7 1.0145 -0.445166 -1.63581 1.92486
2.71 0.815172 -0.226518 -1.29459 1.52986
2.72 0.582305 -0.0150577 -0.989691 1.14829
2.73 0.388976 0.150433 -0.610504 0.723891
2.74 0.253164 0.0702156 -0.238699 0.34795
2.75 0.177892 0.249358 0.120903 0.215089
2.76 0.0696281 0.253568 0.17479 0.188148
2.77 0.00764532 0.0890198 0.025853 0.0269597
2.78 0.00303359 0.0872616 -0.0121411 0.0125144
2.79 0.00338795 0.0963904 0.000510167 0.00342614
2.8 -0.00394882 0.0470577 0.00696665 0.00800796
2.81 0.0146125 0.0761503 0.025472 0.0293657
2.82 0.00421887 0.0689386 0.0257885 0.0261313
2.83 -0.00902998 0.103815 0.0132972 0.0160735
2.84 -0.00013514 0.107442 0.0121735 0.0121742
2.85 -0.000370859 0.0405513 0.0188412 0.0188449
2.86 -0.0112299 0.0607615 0.0188237 0.021919
2.87 -0.00162764 0.0990895 0.0130043 0.0131057
2.88 -0.00700105 -0.0180239 0.00566112 0.00900349
2.89 0.00286749 0.100812 0.000180073 0.00287313
2.9 -0.00442162 0.114084 -0.0316972 0.0320041
2.91 -0.00870596 0.116441 0.0329167 0.0340485
2.92 0.00746989 0.0714906 0.0384369 0.039156
2.93 -0.00115593 0.125549 0.0390566 0.0390737
2.94 0.00306822 0.0873251 0.0193998 0.019641
2.95 -0.0141971 -0.111489 0.0247866 0.0285645
2.96 0.00756517 0.0714491 0.0127953 0.0148644
2.97 0.000983263 -0.0849708 0.0247442 0.0247637
2.98 0.00679408 0.116175 0.0257835 0.0266636
2.99 0.00598442 0.134616 0.000196238 0.00598764
3 0.00324788 0.0830092 0.0126781 0.0130875
3.01 0.00747504 0.147055 0.0259785 0.0270325
3.02 -0.00723379 -0.00902747 0.00593194 0.00935498
3.03 -0.013977 0.262721 0.0010287 0.0140148
3.04 -0.00869016 0.0585701 0.0319092 0.0330714
3.05 -0.0152725 0.0357344 0.0198053 0.02501
3.06 -0.0104017 0.010711 0.0587314 0.0596454
3.07 0.00776011 0.0399114 0.0196365 0.0211143
3.08 0.00341439 0.0694389 0.0254955 0.0257231
3.09 -0.00481196 0.136942 0.000607385 0.00485014
3.1 -0.0124188 0.0434157 -0.000126844 0.0124194
3.11 0.00472068 0.309926 -0.0124634 0.0133274
3.12 0.000608136 0.0618273 0.00691038 0.00693709
3.13 0.00857095 0.0481742 0.0320676 0.0331932
3.14 0.0073189 0.0806399 0.0065935 0.00985091
3.15 -0.00160209 0.0281759 -0.0202815 0.0203447
3.16 0.00252432 0.127804 -0.0128503 0.0130959
3.17 -0.00463195 0.123178 0.0198949 0.020427
3.18 -0.000800963 0.0853319 0.0126283 0.0126537
3.19 -0.00544959 0.114424 0.0391435 0.0395211
3.2 0.00297595 0.109683 0.0326438 0.0327792
3.21 -0.00836203 0.174765 0.0386795 0.0395731
3.22 -0.00707142 0.00459143 0.0439734 0.0445384
3.23 0.00102058 -0.107689 0.0051681 0.00526791
3.24 -0.00300597 0.0107154 0.0386089 0.0387258
3.25 0.00560032 0.126018 0.0320578 0.0325433
3.26 -0.00482235 0.113993 0.0458008 0.046054
3.27 -0.00570523 0.15019 0.00725318 0.00922813
3.28 -0.0233389 0.0543216 0.0327759 0.0402363
3.29 -0.00812804 0.0762259 0.0201801 0.0217555
3.3 0.00588279 0.112684 0.0191627 0.0200453
3.31 0.00226461 0.239782 0.0134964 0.0136851
3.32 0.0133121 0.232984 0.0131042 0.0186797
3.33 0.0140425 0.120922 -0.000288788 0.0140455
3.34 0.00367857 0.0647915 0.00684843 0.00777385
3.35 0.00345058 0.0426555 0.0127377 0.0131968
3.36 -0.00991353 0.175823 0.0132247 0.0165279
3.37 -0.0011221 0.112441 0.0257831 0.0258075
3.38 0.00295487 0.118855 0.00669983 0.0073225
3.39 0.0164199 0.0434304 0.0257216 0.0305158
3.4 -0.000667167 0.00898109 -0.0134539 0.0134705
3.41 -0.00172521 0.0727479 -0.000703829 0.00186326
3.42 -0.0111743 0.0557774 -0.00592552 0.0126482
3.43 0.00732483 0.0894226 -0.00640775 0.00973203
3.44 0.00689455 0.120831 0.0190976 0.0203041
3.45 0.000455072 0.0444126 -0.012893 0.012901
3.46 -0.00212594 0.166163 0.0390422 0.0391
3.47 -0.00960747 0.273367 0.00162088 0.00974324
3.48 0.0156239 0.0670219 0.0376875 0.0407977
3.49 -0.0136956 -0.00560732 0.0516839 0.0534677
3.5 0.00354443 0.0734039 0.000552247 0.0035872
3.51 -0.01234 0.114416 0.0200515 0.0235444
3.52 -0.00174968 0.215485 0.033006 0.0330523
3.53 0.0107197 0.104993 0.0382884 0.0397607
3.54 0.00745215 0.0935299 0.0261046 0.0271475
3.55 -0.00325028 -0.0201712 0.0187099 0.0189901
3.56 -0.000445284 0.0851728 0.0250384 0.0250424
3.57 -0.00161487 0.188317 0.0136812 0.0137762
3.58 -0.00502781 0.168041 0.0200869 0.0207066
3.59 0.00278373 0.0475727 0.00609902 0.00670427
3.6 0.00140103 -0.104131 0.0319985 0.0320292
3.61 -0.00629213 0.151155 0.0255958 0.0263578
3.62 -0.00656972 -0.0937556 0.0246684 0.0255282
3.63 -0.00504236 0.119053 0.00685422 0.00850915
3.64 0.0191921 0.0643307 0.00618537 0.0201642
3.65 0.00387286 0.0775569 -0.00568439 0.00687832
3.66 -0.00369068 0.0469397 0.0450183 0.0451694
3.67 0.0153249 0.0981693 0.0127536 0.0199375
3.68 0.0112301 0.0911554 0.0258432 0.0281777
3.69 0.00806829 0.089047 0.0259317 0.0271579
3.7 0.0148074 0.147547 -0.00631259 0.0160969
3.71 0.015092 0.107306 0.01191 0.0192254
3.72 0.0111659 0.069144 0.0188956 0.0219481
3.73 0.0120099 0.0641574 0.0191694 0.0226209
3.74 0.00318221 0.0917877 0.0191866 0.0194487
3.75 0.00200835 0.146051 0.0322719 0.0323344
3.76 0.0152363 0.106993 0.0253964 0.0296162
3.77 0.00371196 0.109017 0.0201297 0.0204691
3.78 0.00583844 0.135092 0.0190262 0.0199019
3.79 -0.0112973 0.0389122 0.0441906 0.0456118
3.8 -0.00129569 0.188074 0.019689 0.0197316
3.81 -0.00456243 0.096618 0.0124252 0.0132363
3.82 0.0109337 0.0914928 0.0125892 0.0166744
3.83 -0.00630389 0.204617 -0.00607376 0.00875383
3.84 0.00352995 0.127008 0.0263383 0.0265738
3.85 0.0145552 0.125316 0.00682288 0.016075
3.86 0.000414674 -0.000464836 0.0317577 0.0317604
3.87 -0.00105655 0.223691 0.0197566 0.0197849
3.88 -0.000760469 0.0674941 0.0191888 0.0192039
3.89 -0.00430414 0.0340252 -0.0251199 0.0254859
3.9 -0.00521978 0.118961 0.0394739 0.0398175
3.91 -0.00427101 0.096786 0.038919 0.0391527
3.92 -0.0229071 0.0495977 0.0192522 0.0299229
3.93 0.00309189 0.0872794 0.013268 0.0136235
3.94 0.0155944 0.049017 0.0314408 0.0350957
3.95 -0.000968566 0.102988 0.0264239 0.0264417
3.96 -0.0061312 0.142335 -0.00655681 0.00897682
3.97 0.00146298 -0.0231646 0.0257552 0.0257967
3.98 0.00244715 0.0390442 -0.000558526 0.00251008
3.99 -0.00482614 0.0785047 0.0133865 0.0142299
4 -0.0273433 0.0744559 0.045448 0.0530394
4.01 0.0216436 0.116404 -0.00701442 0.0227518
4.02 0.00716409 0.111615 -0.00597094 0.00932611
4.03 0.0113961 0.140443 0.0449074 0.0463308
4.04 0.00723787 0.0845716 0.00675075 0.00989745
4.05 -0.00752837 0.0668755 0.0387895 0.0395134
4.06 0.0030973 0.10535 0.00051044 0.00313908
4.07 0.0114899 0.10441 0.0321791 0.0341689
4.08 0.00592138 0.138968 0.0577388 0.0580416
4.09 -0.00339821 0.0420854 -0.0120775 0.0125464
4.1 -0.0119572 0.0923664 0.0321895 0.0343386
4.11 -0.0132975 0.128292 0.0134137 0.0188878
4.12 -0.00539665 0.212517 0.0332241 0.0336595
4.13 0.00743249 0.142436 0.0329355 0.0337638
4.14 0.0111897 0.0598305 -0.0126135 0.0168614
4.15 -0.00107997 0.0944403 2.41655e-05 0.00108024
4.16 -0.00467448 0.141198 0.0205153 0.0210411
4.17 0.00581846 0.0453931 0.0248897 0.0255607
4.18 0.00679295 0.11211 0.0326019 0.033302
4.19 -0.00720789 -0.0134807 0.0256956 0.0266874
4.2 -0.0114521 -0.0113445 0.00694177 0.0133918
4.21 0.00314038 0.0912526 -0.00581144 0.00660566
4.22 0.00679785 0.0717094 0.0128406 0.014529
4.23 0.00358115 0.171834 0.0456164 0.0457567
4.24 -0.0119079 0.0521975 0.00622862 0.0134385
4.25 0.00784443 0.106503 0.00713977 0.0106071
4.26 0.0070398 0.116271 0.0322265 0.0329864
4.27 0.00784481 0.0265301 -0.0130788 0.0152511
4.28 -3.69786e-05 0.0935652 0.0133006 0.0133006
4.29 -0.000652347 0.196575 0.000743068 0.00098879
4.3 -0.00389604 0.0690808 0.000263182 0.00390492
4.31 -0.0292962 -0.103162 0.025608 0.0389106
4.32 0.00707398 0.0937146 0.0449649 0.0455179
4.33 -0.00415262 0.180897 -0.00570707 0.00705797
4.34 0.0101149 0.13633 0.012705 0.0162397
4.35 0.0146034 0.0895343 -0.0198955 0.0246798
4.36 0.0027766 0.0923806 -3.51355e-05 0.00277682
4.37 0.00233245 0.203957 0.0392169 0.0392862
4.38 -0.00493532 0.0655493 0.0128822 0.0137952
4.39 0.00397515 0.0646151 -0.00615309 0.00732546
4.4 -0.0127582 0.105896 0.0192552 0.0230984
4.41 -0.00919451 0.170472 0.0266744 0.0282146
4.42 -0.00361307 0.171531 0.0460638 0.0462053
4.43 -0.00467315 0.0651286 0.0197313 0.0202771
4.44 0.00739091 0.0938353 0.00675948 0.0100158
4.45 0.00123451 -0.0187581 0.0447412 0.0447582
4.46 -0.00757135 0.0490649 0.0260702 0.0271474
4.47 -0.010408 -0.109812 0.0313553 0.0330376
4.48 0.00362985 0.118313 0.0262321 0.026482
4.49 0.00630735 0.152607 0.0257609 0.0265218
4.5 0.0149922 0.0932215 0.0194691 0.0245726
4.51 -0.0143458 0.0667117 0.0264439 0.0300846
4.52 0.00066121 0.0489958 -0.00643081 0.00646472
4.53 7.10818e-05 0.0892451 0.0260886 0.0260887
4.54 -0.0128246 0.204096 0.0199706 0.0237338
4.55 -0.00470303 0.105735 0.0193714 0.0199341
4.56 -0.0189468 0.0649017 0.0523755 0.0556971
4.57 0.006599 0.170191 0.0388592 0.0394155
4.58 0.00631051 0.175084 -0.0128927 0.0143543
4.59 0.0015466 -0.0233554 0.0127156 0.0128093
4.6 -0.00298992 -0.00299309 0.0193418 0.0195715
4.61 0.0110391 0.0915998 -0.0256568 0.0279309
4.62 -0.00363132 0.0961407 0.0771881 0.0772735
4.63 0.000537048 0.0443846 0.00638436 0.0064069
4.64 -0.0143141 -0.0447627 -0.000352739 0.0143184
4.65 -0.00496613 0.180927 0.0591109 0.0593191
4.66 -0.00244688 0.130735 -0.00655641 0.00699813
4.67 0.00988815 0.105882 0.0250519 0.0269328
4.68 0.00885724 0.0703279 0.0515874 0.0523423
4.69 -0.00176526 -0.105917 0.038148 0.0381888
4.7 0.00435934 0.0823002 0.0387592 0.0390036
4.71 -0.00690596 -0.0182266 0.0062725 0.00932933
4.72 0.0072001 0.0714593 0.0129871 0.0148495
4.73 0.00790415 0.0757311 0.0190928 0.0206643
4.74 0.0107422 0.0876722 0.0444378 0.0457177
4.75 -0.00199304 0.188502 0.0325415 0.0326025
4.76 -0.0202686 0.128152 0.00129732 0.02031
4.77 0.0129666 0.0144698 -0.0126686 0.018128
4.78 -0.0186982 -0.0511286 0.0191979 0.026799
4.79 0.00374524 0.16251 0.0587913 0.0589105
4.8 0.00249869 0.167927 0.00697877 0.0074126
4.81 -0.0179173 0.131588 -0.0383509 0.0423299
4.82 0.00247402 0.14143 1.20053e-05 0.00247405
4.83 -0.000465834 0.107395 0.0198871 0.0198925
4.84 -0.00895848 0.130342 0.0320221 0.0332516
4.85 -0.00128483 0.255005 0.00762741 0.00773487
4.86 0.00103055 -0.0274068 -0.0134707 0.01351
4.87 -0.0210503 -0.116797 0.0312929 0.0377142
4.88 5.66235e-05 0.080151 0.0193748 0.0193749
4.89 -0.00718801 0.0309388 0.0325042 0.0332895
4.9 -0.000928205 0.125226 -0.0118883 0.0119244
4.91 -0.00719164 0.0715207 0.000873918 0.00724455
4.92 -0.0118347 0.105308 -0.0122251 0.0170151
4.93 0.0111858 0.113564 0.0257067 0.0280349
4.94 -0.0039593 0.073613 0.00641418 0.00753775
4.95 -0.00759188 0.0489486 -0.000112466 0.00759271
4.96 -0.016815 0.157274 0.0134339 0.0215224
4.97 -0.000155527 0.0268902 0.019395 0.0193956
4.98 -0.0115688 0.024572 -0.00651508 0.0132772
4.99 0.00433495 0.109069 0.0065955 0.00789255
5 -0.00771618 0.0668163 0.0326196 0.0335198
5.01 -0.000590484 0.0588021 -0.000430262 0.000730613
5.02 0.00591405 -0.0392731 0.0253484 0.0260292
5.03 0.0061861 0.0545083 -0.00738046 0.00963011
5.04 0.000334047 0.0220427 0.0323973 0.032399
5.05 0.010619 0.203111 0.0326014 0.0342872
5.06 0.00397256 0.0554897 0.0259227 0.0262253
