0 -0.00695801 -0.0361652 -0.018981 0.0202161
0.01 0.00355886 0.10073 0.026818 0.0270531
0.02 -0.00642046 0.0522014 0.0205384 0.0215185
0.03 -0.00881116 0.0987753 0.0271027 0.028499
0.04 -0.0230035 -0.0221431 -0.00580487 0.0237246
0.05 -0.0122275 0.0429921 0.0262327 0.0289425
0.06 -0.00122122 0.09429 -0.0184093 0.0184498
0.07 -0.0155575 0.040145 -0.0117545 0.0194989
0.08 -0.0147464 0.106717 0.0339306 0.0369965
0.09 -0.0150681 0.067205 0.0202871 0.0252708
0.1 -0.0125979 0.141078 -0.00490156 0.0135179
0.11 -0.0118925 0.105131 -0.0113812 0.016461
0.12 -0.00867951 0.0721115 -0.0375495 0.0385396
0.13 -0.0244887 0.0766524 -0.00445283 0.0248902
0.14 -0.0192026 0.0874979 -0.0243323 0.0309968
0.15 -0.0150572 0.0315025 0.0194834 0.0246236
0.16 -0.00430256 0.0739209 -0.0186004 0.0190915
0.17 -0.0122226 0.0920129 0.000678211 0.0122414
0.18 -0.0204615 0.0968327 -0.0117882 0.0236143
0.19 -0.0039749 0.0513499 0.013456 0.0140308
0.2 -0.0193064 0.140497 0.0149729 0.024432
0.21 -0.00864665 0.0856887 0.0197287 0.0215403
0.22 -0.0083059 0.143238 0.000831765 0.00834744
0.23 -0.00892217 0.103419 0.0203788 0.0222463
0.24 -0.00786705 0.0626146 0.0073535 0.0107687
0.25 0.000114242 0.0668571 0.00108401 0.00109001
0.26 -0.0232595 0.0227301 0.013935 0.0271143
0.27 -0.0215886 0.124441 0.00107106 0.0216151
0.28 -0.0237582 0.170118 -0.0174524 0.0294794
0.29 -0.0159311 0.147822 -0.01145 0.0196189
0.3 -0.0155209 0.0359817 -0.00571221 0.0165387
0.31 -0.015233 0.0407175 -0.0313668 0.03487
0.32 -0.0158848 0.098547 -0.0304737 0.0343652
0.33 -0.00738009 0.0621941 -0.0306757 0.031551
0.34 -0.00334808 0.0150883 0.00677666 0.00755863
0.35 0.000107451 0.0758336 -0.0183874 0.0183877
0.36 -0.00429874 0.109409 0.0138146 0.0144679
0.37 -0.00419352 0.0961443 0.00728371 0.00840464
0.38 -0.0213234 0.133127 0.000985418 0.0213462
0.39 -0.00343008 0.0151163 -0.0125013 0.0129633
0.4 -0.00482929 0.105391 0.00740805 0.00884315
0.41 -0.0160485 0.0984223 -0.0176368 0.0238456
0.42 -0.0211966 0.226816 0.00144914 0.0212461
0.43 -0.00782211 0.0535587 0.000912753 0.00787519
0.44 -0.0150289 0.0400985 0.00146788 0.0151004
0.45 -0.00956931 0.152936 -0.0308397 0.0322903
0.46 -0.00635971 0.0170418 0.0332433 0.0338462
0.47 -0.019768 0.100976 -0.0182192 0.0268833
0.48 -0.0194109 -0.00618363 -0.0189348 0.0271166
0.49 -0.00487006 0.136744 0.0265873 0.0270296
0.5 -0.0154974 0.0452039 0.0135332 0.0205747
0.51 -0.0146529 0.0534083 0.0334835 0.0365493
0.52 -0.00886035 0.0900827 -0.00620238 0.0108155
0.53 -0.00735284 0.0578819 -0.012029 0.0140983
0.54 0.00310945 0.158585 0.0141013 0.01444
0.55 -0.0245146 0.103745 -0.0305525 0.0391717
0.56 -0.0226416 0.0715147 -0.0114342 0.025365
0.57 -0.000525553 0.0713858 0.0073912 0.00740986
0.58 -0.00690102 0.0399219 0.00721032 0.00998062
0.59 -0.00159732 0.259623 0.0145145 0.0146021
0.6 -0.0159251 0.0536695 0.0141777 0.0213217
0.61 -0.0118925 0.105131 -0.0113812 0.016461
0.62 -0.0163055 0.103541 -0.00553267 0.0172186
0.63 -0.0131432 0.141481 0.00771851 0.015242
0.64 -0.0184085 -0.0517555 -0.0123992 0.0221949
0.65 -0.000582003 0.133723 0.0335571 0.0335621
0.66 -0.0137065 0.173371 -0.0180055 0.0226289
0.67 -0.0124915 0.150433 0.00736823 0.0145027
0.68 -0.0164957 0.107728 -0.0113426 0.020019
0.69 -0.0110775 0.0557368 -0.0315671 0.0334543
0.7 -0.00373559 0.100339 -0.0181922 0.0185717
0.71 -0.0120447 0.051725 -0.0182689 0.0218821
0.72 -0.00775194 -0.035536 -0.00673987 0.0102722
0.73 0.00383488 0.0683686 -0.00514884 0.00642004
0.74 -0.0233054 0.0814528 0.00694427 0.024318
0.75 -0.0147392 -0.0405225 -0.0252075 0.0292003
0.76 -0.0046602 0.100947 -0.0118504 0.0127338
0.77 -0.0104092 0.113438 -0.0189185 0.0215931
0.78 -0.00875529 0.103381 -0.0247726 0.0262742
0.79 -0.0175974 0.0148168 0.033286 0.0376513
0.8 -0.0170014 0.103645 0.00125831 0.0170479
0.81 -0.00441733 0.0694588 -0.0183871 0.0189103
0.82 -0.0155036 -0.00867763 -0.0121825 0.0197174
0.83 0.00288477 0.0561529 -0.00629021 0.00692016
0.84 -0.00775681 0.124753 0.014621 0.0165512
0.85 -0.0126825 0.15462 0.00155838 0.0127778
0.86 -0.0167368 0.0766798 -0.0635561 0.0657229
0.87 -0.0124476 0.0921935 -0.00583254 0.0137463
0.88 -0.00406504 0.0470027 -0.0187155 0.0191519
0.89 -0.0236002 0.0586865 -0.00491824 0.0241073
0.9 -0.0115675 0.0869869 -0.0303564 0.0324857
0.91 -0.00569227 0.186008 -0.0243285 0.0249855
0.92 -0.00402025 0.0472146 0.000220964 0.00402632
0.93 0.00792996 0.0621908 -0.0379173 0.0387377
0.94 -0.00622852 -0.0721775 -0.00645388 0.00896922
0.95 -0.00769964 -0.0533882 -0.0451008 0.0457533
0.96 -0.0147262 0.0221414 -0.0124905 0.01931
0.97 -0.0127009 0.172575 0.0211837 0.0246994
0.98 -0.00478397 0.0831439 -0.0187085 0.0193105
0.99 -0.00907354 0.17933 0.0142168 0.0168656
1 -0.0121665 0.113734 -0.0372228 0.0391607
1.01 -0.00902526 0.089978 -0.0185041 0.0205878
1.02 -0.00713792 0.106575 0.0400999 0.0407302
1.03 -0.0134711 0.0480866 -0.0316414 0.0343896
1.04 -0.00690526 -0.0276542 0.00714889 0.00993928
1.05 -0.00773118 0.0846301 -0.00520807 0.00932176
1.06 -0.0211947 0.106444 0.0200392 0.0291682
1.07 -0.0130887 0.0833704 0.00705189 0.0148675
1.08 -0.00844995 0.134143 -0.0369174 0.0378721
1.09 -0.0105318 -0.00234109 0.0069002 0.0125909
1.1 -0.000506784 0.165311 0.0270244 0.0270292
1.11 -0.00179972 0.121153 0.000906963 0.00201533
1.12 -0.0233324 -0.0489164 -0.0183683 0.029695
1.13 0.00139504 0.275624 0.0076719 0.00779771
1.14 -0.0158486 0.0585528 -0.0377686 0.040959
1.15 -0.0131147 0.110302 0.00720519 0.0149637
1.16 -0.0199951 0.127862 0.0206838 0.0287684
1.17 0.00315235 0.0738025 -0.0121987 0.0125994
1.18 -0.00693965 0.0483119 0.0266666 0.0275548
1.19 -0.00814123 0.0673134 -0.0379252 0.0387892
1.2 -0.0181326 -0.0336544 0.000287933 0.0181349
1.21 -0.00511022 0.0786681 -0.0185333 0.019225
1.22 -0.0116572 0.0826201 -0.0373893 0.0391644
1.23 -0.00936086 0.107993 -0.012063 0.015269
1.24 0.00304592 0.0870875 -0.030807 0.0309572
1.25 -0.0202206 0.0122581 -0.0445227 0.0488993
1.26 -0.00508213 0.150103 -0.00516657 0.00724717
1.27 -0.018533 -0.0337073 -0.0310587 0.0361679
1.28 -0.0242338 0.107668 0.027981 0.0370164
1.29 -0.0121751 0.0158721 -0.0375055 0.0394321
1.3 -0.00866516 0.107729 0.00739894 0.0113943
1.31 -0.0231917 -0.0353936 -0.0316506 0.0392379
1.32 -0.0175425 -0.110056 0.0069379 0.0188646
1.33 -0.0181707 0.126956 -0.0314325 0.0363067
1.34 -0.00819967 0.0803065 0.00773363 0.0112714
1.35 -0.0144836 -0.125311 -0.0263302 0.0300508
1.36 -0.00866918 0.10301 0.0135818 0.0161127
1.37 -0.00437637 0.0783242 -0.0249835 0.0253639
1.38 0.000274541 0.0756156 -0.0121472 0.0121503
1.39 -0.00521761 0.114895 -0.0122802 0.0133426
1.4 -0.0257597 0.158326 -0.0504664 0.0566606
1.41 -0.00813163 0.0672816 0.000861941 0.00817719
1.42 -0.0159492 0.0631638 -0.00570543 0.016939
1.43 -0.0110948 0.0468257 -0.0311024 0.0330221
1.44 -0.0252701 0.153479 -0.0374635 0.0451895
1.45 -0.0110057 0.00198972 -0.00569095 0.01239
1.46 -0.0209208 0.12377 -0.0504983 0.0546604
1.47 -0.0163508 0.089977 -0.017892 0.0242378
1.48 -3.76585e-05 -0.0450198 -0.0128024 0.0128024
1.49 -0.0169162 0.00994868 0.0259713 0.0309946
1.5 -0.0136783 0.119392 0.0140727 0.0196249
1.51 -0.0166274 0.134734 -0.0243348 0.0294729
1.52 -0.00906284 0.147551 0.0077129 0.0119006
1.53 -0.0119425 -0.00649632 -0.0060605 0.0133923
1.54 -0.00975195 0.134935 -0.0117154 0.0152431
1.55 -0.01312 0.105604 -0.0117505 0.0176127
1.56 -0.000653067 0.120688 0.00713745 0.00716726
1.57 -0.0130428 0.0435442 -0.0379867 0.0401634
1.58 -0.0273513 0.150236 0.00137906 0.0273861
1.59 0.0044725 0.0641625 -0.00539455 0.00700746
1.6 -0.0119168 0.0428018 -0.0316853 0.0338521
1.61 -0.0131689 0.0790104 -0.0114711 0.0174644
1.62 -0.0118883 0.060646 0.000814433 0.0119162
1.63 -0.0194596 0.0605482 -0.00501396 0.0200952
1.64 -0.000334379 0.0805701 -0.0185147 0.0185178
1.65 -0.00431788 0.0917139 -0.0312902 0.0315867
1.66 -0.00350736 0.0555128 0.0267679 0.0269967
1.67 -0.0086773 0.067704 -0.0116566 0.0145317
1.68 -0.0125258 -0.0190251 -0.0385962 0.0405779
1.69 -0.00873564 0.0318357 -0.0252644 0.026732
1.7 -0.00188905 0.0726638 -0.0381466 0.0381933
1.71 -0.0205524 0.078972 -0.0111296 0.0233724
1.72 0.00365787 0.0871539 0.000577674 0.0037032
1.73 -0.00150186 0.112666 -0.00563622 0.00583289
1.74 -0.00995189 0.157851 -0.0318116 0.0333319
1.75 -0.0188369 0.238731 -0.0823979 0.0845237
1.76 -0.0459913 0.058735 -0.663552 0.665144
1.77 -0.0436077 -0.0136048 -0.904894 0.905944
1.78 0.00194323 -0.0199501 -0.869002 0.869004
1.79 0.0394664 -0.0968369 -0.710354 0.71145
1.8 0.0688951 -0.0128939 -0.658956 0.662548
1.81 0.0889143 0.0464842 -0.574149 0.580993
1.82 0.0392752 0.0813225 -0.648241 0.64943
1.83 0.0237743 -0.0556776 -0.738162 0.738545
1.84 -0.0154875 -0.0137452 -0.897324 0.897457
1.85 -0.0431638 -0.179206 -1.08589 1.08674
1.86 -0.0340681 -0.028333 -1.20195 1.20243
1.87 -0.0298922 -0.137747 -1.36394 1.36427
1.88 -0.0304106 -0.0756114 -1.5242 1.52451
1.89 -0.00955389 -0.0972187 -1.58754 1.58756
1.9 -0.00119581 0.00533757 -1.77438 1.77438
1.91 0.0109873 -0.0205905 -1.83183 1.83186
1.92 0.034907 0.000796724 -1.87833 1.87865
1.93 0.056794 0.0134256 -1.89725 1.8981
1.94 0.0635743 0.00440046 -1.88437 1.88544
1.95 0.0744631 -0.162876 -2.47333 2.47445
1.96 0.0571349 -0.124857 -2.8078 2.80838
1.97 0.073065 -0.139022 -2.97879 2.97969
1.98 0.12824 -0.132805 -3.12435 3.12698
1.99 0.183406 -0.211842 -3.15245 3.15778
2 0.232211 -0.223908 -3.2063 3.21469
2.01 0.238949 -0.363992 -3.35685 3.36534
2.02 0.261502 -0.202612 -3.28236 3.29276
2.03 0.268327 -0.184339 -3.39162 3.40222
2.04 0.271959 -0.231156 -3.46316 3.47382
2.05 0.258479 -0.209744 -3.579 3.58832
2.06 0.251062 -0.253686 -3.64445 3.65309
2.07 0.263447 -0.323891 -3.69614 3.70552
2.08 0.273559 -0.200229 -3.77358 3.78348
2.09 0.27873 -0.261546 -3.8759 3.88591
2.1 0.283701 -0.202311 -3.95335 3.96352
2.11 0.312077 -0.268183 -4.08375 4.09566
2.12 0.333204 -0.236901 -4.16789 4.18119
2.13 0.337064 -0.229674 -4.22628 4.2397
2.14 0.314914 -0.42587 -4.31023 4.32172
2.15 0.344934 -0.377406 -4.42003 4.43347
2.16 0.355215 -0.231626 -4.52877 4.54268
2.17 0.342239 -0.446472 -4.58749 4.60023
2.18 0.343526 -0.233109 -4.66967 4.68229
2.19 0.345554 -0.278838 -4.7268 4.73942
2.2 0.329997 -0.295846 -4.81651 4.8278
2.21 0.331329 -0.323308 -4.946 4.95708
2.22 0.321239 -0.233207 -5.0883 5.09843
2.23 0.321445 -0.331891 -5.15492 5.16493
2.24 0.355734 -0.384619 -5.21918 5.23129
2.25 0.342569 -0.296142 -5.34037 5.35135
2.26 0.368922 -0.312684 -5.42541 5.43793
2.27 0.363307 -0.233996 -5.48843 5.50044
2.28 0.385488 -0.220687 -5.41064 5.42435
2.29 0.379509 -0.248154 -5.35174 5.36518
2.3 0.34738 -0.16606 -5.44654 5.4576
2.31 0.321233 -0.386408 -5.64072 5.64986
2.32 0.298774 -0.355393 -5.88583 5.89341
2.33 0.292407 -0.458761 -6.03005 6.03714
2.34 0.340094 -0.341594 -6.05021 6.05976
2.35 0.345758 -0.260751 -5.96507 5.97508
2.36 0.356415 -0.0849061 -5.86646 5.87728
2.37 0.307892 -0.185206 -5.76745 5.77566
2.38 0.267166 -0.124534 -5.84276 5.84887
2.39 0.233341 -0.273102 -5.97179 5.97634
2.4 0.196453 -0.241152 -6.14501 6.14815
2.41 0.207217 0.122913 -6.02305 6.02662
2.42 0.229994 -0.176955 -4.75286 4.75842
2.43 0.280015 -0.228486 -3.95025 3.96016
2.44 0.160966 -0.0353312 -4.0254 4.02862
2.45 -0.0125393 0.0928885 -6.6462 6.64621
2.46 -0.204739 0.0204927 -7.60855 7.6113
2.47 0.235887 -0.161971 -6.44441 6.44873
2.48 0.480577 -0.259179 -4.87634 4.89996
2.49 0.632527 -0.270587 -4.00132 4.05101
2.5 0.692866 -0.266825 -3.666 3.7309
2.51 0.581212 -0.361214 -3.47662 3.52487
2.52 0.468408 -0.133316 -3.15342 3.18802
2.53 0.368102 -0.08297 -2.63706 2.66263
2.54 0.293069 0.0460688 -2.14762 2.16753
2.55 0.222724 0.0145012 -1.82478 1.83832
2.56 0.143292 0.15337 -1.57097 1.57749
2.57 0.0591764 0.121995 -1.37433 1.37561
2.58 -0.0248168 0.121274 -1.01495 1.01525
2.59 -0.0921813 0.256951 -0.687499 0.693652
2.6 -0.122082 0.318731 -0.314626 0.337481
2.61 -0.0573032 0.192675 -0.12762 0.139895
2.62 -0.0161839 0.0322842 -0.0370946 0.0404713
2.63 -0.0200861 0.0477678 -0.00620845 0.0210237
2.64 -0.00500616 0.0922692 -0.00590352 0.00774036
2.65 -0.0206016 0.00349805 -0.0449782 0.0494718
2.66 -0.0358686 0.110733 -0.0308123 0.0472858
2.67 -0.0124306 0.0833654 0.00103445 0.0124736
2.68 -0.0171592 0.0859199 -0.0382551 0.0419272
2.69 -0.0155243 -0.00895495 -0.0121122 0.0196904
2.7 -0.0270852 0.0252157 0.00132143 0.0271174
2.71 -0.00965804 0.0948172 0.00751318 0.0122362
2.72 -0.0160023 0.0678444 -0.0121589 0.0200976
2.73 -0.0291855 0.0713023 -0.0248233 0.0383144
2.74 -0.0166638 0.0814028 -0.0306813 0.0349145
2.75 -0.00988881 0.0863762 -0.0122524 0.0157452
2.76 -0.00796179 -0.0265848 -0.0126008 0.0149054
2.77 -0.00815235 0.0670042 0.000932221 0.00820548
2.78 -0.0213829 0.106404 -0.0112693 0.0241708
2.79 -0.0130628 0.101557 0.0204745 0.0242866
2.8 -0.0250986 0.0644924 -0.0247953 0.0352809
2.81 -0.0154114 0.0713962 0.0398483 0.0427247
2.82 0.00219412 0.1771 -0.0246322 0.0247297
2.83 -0.0240159 0.161724 0.0274819 0.0364969
2.84 -0.00634814 0.204245 0.00124338 0.00646876
2.85 -0.0184526 0.0959872 0.000833475 0.0184714
2.86 -0.0207642 0.0657673 -0.0308435 0.0371816
2.87 -0.00902182 0.0546196 0.0201832 0.0221078
2.88 -0.00146231 0.0855394 0.000683114 0.001614
2.89 -0.012871 0.150476 0.0273429 0.0302208
2.9 0.00322853 0.0425131 0.000162957 0.00323264
2.91 -0.00843206 0.00933 -0.0122148 0.0148425
2.92 -0.0163514 0.0634139 -0.00585195 0.0173671
2.93 -0.0125969 -0.00583819 0.000589919 0.0126107
2.94 -0.0114262 0.0335667 -0.0179286 0.0212601
2.95 -0.0149901 0.178848 -0.0187673 0.024019
2.96 -0.012053 0.0566176 -0.0057858 0.0133698
2.97 -0.00106804 0.0543505 -2.45655e-05 0.00106832
2.98 -0.00463759 -0.0681712 -0.0263443 0.0267493
2.99 -0.0202269 0.0834482 -0.0113047 0.0231716
3 -0.0179626 0.104673 -0.044133 0.0476484
3.01 -0.0102693 0.113447 0.000629343 0.0102886
3.02 0.000539906 0.00416676 -0.00619852 0.00622199
3.03 -0.00467296 0.0117192 -0.0125273 0.0133705
3.04 -0.0214335 0.0843598 -0.0379979 0.043626
3.05 -0.0196293 0.0610696 0.0199459 0.0279848
3.06 -0.00522004 0.0297207 -0.00612442 0.00804719
3.07 -0.0202937 0.128522 0.0134907 0.0243687
3.08 -0.0251566 0.247182 0.00791916 0.0263736
3.09 -0.00197894 0.0907756 -0.0252651 0.0253425
3.1 -0.000692796 0.0808716 0.0265282 0.0265373
3.11 -0.0279333 0.0522086 -0.0310625 0.041775
3.12 -0.00855415 0.103085 0.0141229 0.0165115
3.13 -0.00862874 0.0770213 0.000342658 0.00863554
3.14 -0.00887523 0.143706 -0.00555495 0.0104703
3.15 -0.00567296 0.123569 0.02681 0.0274036
3.16 -0.000216802 0.0671311 -0.0437109 0.0437114
3.17 0.00601748 0.107995 0.019753 0.0206492
3.18 0.0025631 0.0871649 0.0262992 0.0264238
3.19 -0.0136262 0.088168 0.00742755 0.0155191
3.2 -0.0243951 0.112726 0.0395815 0.0464954
3.21 -0.000198518 0.00907968 0.00667318 0.00667613
3.22 0.00308738 0.0740896 0.0521597 0.052251
3.23 -0.0164587 0.0941164 0.0207147 0.0264572
3.24 -0.0128086 0.0969221 -0.0118211 0.0174298
3.25 -0.00896353 0.148143 0.00784225 0.0119099
3.26 -0.011439 -0.00209012 -0.0125999 0.0170179
3.27 -0.00706833 0.00412824 0.0390244 0.0396594
3.28 -0.00545372 0.114767 0.0200665 0.0207944
3.29 -0.0172571 0.148679 -0.0052548 0.0180395
3.3 -0.012845 0.123544 0.0271896 0.0300711
3.31 -0.00934785 0.19704 0.0400061 0.0410837
3.32 -0.0212253 0.14203 -0.00534042 0.0218869
3.33 -0.0192623 -0.0374692 -0.0260829 0.0324247
3.34 0.00170138 0.0926889 0.000475704 0.00176663
3.35 -0.0118569 0.0649951 -0.0175618 0.0211897
3.36 -0.0012884 0.165766 0.020599 0.0206393
3.37 -0.00474095 0.0700237 -0.0183333 0.0189364
3.38 -0.0139413 0.186594 0.00776395 0.0159574
3.39 -0.0169939 0.103936 0.0461069 0.049139
3.4 -0.012621 0.0968203 0.0206018 0.0241604
3.41 -0.0187868 -0.00645246 0.020037 0.0274668
3.42 -0.00817938 0.0673927 -0.012013 0.0145333
3.43 -0.00796793 0.0447666 -0.00563639 0.00975996
3.44 -0.00861127 0.0362661 0.0133095 0.0158524
3.45 -0.0140332 0.12898 0.00078685 0.0140552
3.46 -0.00719328 0.03571 -0.0376044 0.0382862
3.47 -0.0181587 0.109506 -0.0378198 0.0419533
3.48 0.00583646 0.0989591 0.0330545 0.0335658
3.49 0.00330356 0.100665 -0.0184096 0.0187037
3.5 -0.0150849 0.0131946 -0.0179634 0.0234571
3.51 -0.00794569 -0.0176536 -0.038204 0.0390215
3.52 -0.0109315 -0.0382449 -0.0126451 0.0167151
3.53 -0.0170719 0.162253 0.0266524 0.0316512
3.54 -0.00634966 0.266943 0.0337407 0.034333
3.55 -0.00408609 -0.0109493 0.0324421 0.0326984
3.56 0.00188422 0.204015 -0.00500719 0.00534998
3.57 -0.0139778 0.196102 0.0328003 0.0356545
3.58 -0.0129498 0.0794759 0.00716268 0.0147987
3.59 -0.0127055 0.0877228 0.0334003 0.0357353
3.6 -0.00655803 0.0933076 -0.00621963 0.00903834
3.61 -0.000655638 0.0542488 -0.0124825 0.0124997
3.62 -0.0013875 0.10768 0.0201648 0.0202125
3.63 0.00750586 0.044888 -0.0257149 0.0267879
3.64 -0.0099538 0.130805 0.058988 0.0598219
3.65 -0.00964331 0.143967 -0.00550712 0.011105
3.66 -0.0154111 -0.00857684 0.019629 0.0249559
3.67 -0.00993003 0.0818978 -0.00641041 0.0118194
3.68 -0.00449609 0.0916228 0.00132706 0.00468785
3.69 -0.00851737 0.0896542 -0.005212 0.00998552
3.7 -0.00575749 0.137111 0.0332699 0.0337644
3.71 -0.0126681 0.110284 0.00114962 0.0127202
3.72 -0.00474271 0.0740697 0.0585575 0.0587492
3.73 -0.0177688 0.206679 -0.0110668 0.0209333
3.74 -0.0121143 0.047494 -0.0242577 0.0271144
3.75 -0.0171823 0.170819 0.0142269 0.0223078
3.76 -0.00839672 0.161189 0.0399669 0.0408394
3.77 -0.00991147 0.112965 0.00697858 0.0121218
3.78 -0.01191 0.0338252 -0.0122138 0.0170595
3.79 -0.000802872 0.0630358 -0.000110206 0.000810401
3.8 -0.00343378 0.0956757 -0.0317851 0.03197
3.81 -0.015541 -0.0085988 0.0137296 0.0207371
3.82 -0.0169908 0.103774 0.0137925 0.0218842
3.83 -0.0283381 0.065973 -0.00547175 0.0288615
3.84 -0.0144496 0.186938 -0.0306667 0.0339004
3.85 -0.0147706 -0.00902112 -0.0186326 0.023777
3.86 -0.011689 0.0515659 -0.00585879 0.0130751
3.87 -0.0170551 0.0723333 0.0077206 0.0187212
3.88 0.00257293 0.176715 0.0330383 0.0331384
3.89 0.00264689 0.109474 0.00803794 0.00846254
3.9 -0.00942865 0.0861633 -0.0118347 0.0151314
3.91 -0.0078452 -0.0359783 0.0390938 0.0398732
3.92 -0.00592835 0.181795 0.0399726 0.0404099
3.93 -0.00153791 0.130181 -0.0182557 0.0183204
3.94 -0.010785 0.122587 -0.00588114 0.0122843
3.95 0.0148655 0.0221713 0.0126669 0.0195303
3.96 -0.00770017 0.0358526 0.000495092 0.00771607
3.97 -0.0214304 0.106335 0.0272472 0.0346652
3.98 -0.0214647 0.186547 -0.0114424 0.0243241
3.99 0.00559451 0.201474 -0.0180734 0.0189194
4 -0.00971252 0.139717 0.0136426 0.0167468
4.01 -0.00459815 0.0338594 0.0069544 0.00833707
4.02 -0.0134277 0.101728 -0.00558416 0.0145425
4.03 -0.0104359 0.127017 -0.0121881 0.0160454
4.04 -0.0207836 0.146561 0.0201642 0.0289578
4.05 -0.00551045 0.0973311 -0.0505176 0.0508173
4.06 -0.0191691 0.0382171 0.0267022 0.0328704
4.07 -0.0108479 0.211177 -0.0114653 0.0157839
4.08 0.00265922 0.0693641 0.0331278 0.0332344
4.09 -0.00860647 0.0409841 0.00712663 0.0111741
4.1 -0.00449984 0.0425819 0.0520207 0.052215
4.11 -0.00934498 0.0235991 -0.0513083 0.0521524
4.12 -0.0156112 0.085044 -0.00562513 0.0165938
4.13 -0.0134748 0.115191 -0.0250363 0.0284322
4.14 -0.0122068 0.0564802 0.0206996 0.0240308
4.15 -0.00385559 -0.0249673 0.00715408 0.0081269
4.16 -0.0102789 0.162501 -0.00514415 0.0114942
4.17 -0.00548319 0.096762 0.0138198 0.0148678
4.18 -0.0192486 0.024731 -0.0183131 0.0265683
4.19 -0.0119345 0.0203576 0.0267481 0.0292898
4.2 -0.00901327 0.152481 0.0204659 0.0223627
4.21 -0.0110377 -0.0251406 0.0201388 0.0229652
4.22 -0.00705061 0.0220243 0.00759844 0.0103657
4.23 -0.0239466 0.0632008 0.0207044 0.0316561
4.24 -0.00842982 0.0811329 0.0133452 0.0157847
4.25 -0.00151881 0.121494 -0.0125032 0.0125951
4.26 -0.0126166 0.0966382 0.0134259 0.0184237
4.27 -0.00406034 0.0873712 0.039831 0.0400374
4.28 -0.00895125 0.00544067 -0.00608656 0.0108246
4.29 -0.00488061 0.0698335 0.0135103 0.0143649
4.3 -0.00421758 0.0294282 -0.0122659 0.0129707
4.31 -0.00283451 -0.0924179 -0.000233551 0.00284412
4.32 0.00232998 0.10561 0.000555734 0.00239534
4.33 -0.0253419 0.117463 0.0201006 0.0323457
4.34 -0.018324 0.172078 0.00751437 0.0198049
4.35 -0.0168855 0.0905086 0.00726224 0.018381
4.36 -0.00885672 0.152134 0.0141726 0.0167124
4.37 -0.0121032 0.0383354 -0.0119622 0.0170171
4.38 -0.00558422 0.0881819 0.0262072 0.0267955
4.39 -0.0126628 0.105714 -0.00527193 0.0137164
4.4 0.00602859 0.138772 -0.0117073 0.0131683
4.41 -0.0153414 0.0315047 0.0138165 0.0206459
4.42 -0.0188292 -0.0282065 0.0381577 0.0425505
4.43 0.00971509 0.0746778 0.0381472 0.0393648
4.44 -0.0167208 0.117177 0.00752394 0.0183356
4.45 -0.0121583 0.0472428 0.00708296 0.014071
4.46 -0.016055 0.0630765 0.00740198 0.0176792
4.47 -0.0182323 0.113728 0.00718858 0.0195983
4.48 -0.00269166 0.22494 0.00733967 0.00781766
4.49 -0.014661 0.116058 0.000706141 0.014678
4.5 -0.0248947 0.130797 0.00746786 0.0259907
4.51 0.00652197 0.112099 -0.0179864 0.0191324
4.52 -0.0081284 0.0894175 0.0398541 0.0406745
4.53 -0.00609746 0.106286 0.0138738 0.0151546
4.54 -0.00815389 0.0497482 -0.0119277 0.0144484
4.55 -0.00125722 0.0945099 0.0063884 0.00651093
4.56 -0.0200564 0.0255739 -0.0376832 0.0426882
4.57 -0.0165501 0.0817614 0.0261985 0.0309882
4.58 -0.0394729 0.0547295 -0.0115993 0.0411419
4.59 -0.0251454 0.0685073 -0.0182325 0.0310598
4.6 -0.0116687 0.0650348 0.0137467 0.0180314
4.61 -0.0244509 0.0991937 -0.0115649 0.027048
4.62 -0.0167447 0.117061 0.0399087 0.0432792
4.63 -0.010001 0.144268 0.0395358 0.0407811
4.64 -0.00440455 0.0651802 0.02004 0.0205183
4.65 -0.00914181 0.0990297 0.00744646 0.0117908
4.66 -0.0278234 0.0302897 -0.0120598 0.0303246
4.67 -0.0216606 0.111246 0.000905069 0.0216795
4.68 -0.00353584 0.0603084 -0.012071 0.0125782
4.69 -0.0144854 0.226913 0.00176679 0.0145927
4.7 -0.0126286 0.0831576 0.00746896 0.0146719
4.71 -0.0173321 0.126378 0.00151644 0.0173984
4.72 -0.00654351 0.213163 -0.0243979 0.0252602
4.73 -0.0146455 -0.120395 -0.0136147 0.0199962
4.74 -0.00127254 0.0587322 -0.012307 0.0123727
4.75 -0.000958813 0.0899456 -0.00585628 0.00593425
4.76 -0.0175846 0.171069 0.0140804 0.0225272
4.77 -0.0117214 0.0602669 0.0333082 0.0353105
4.78 -0.0145944 0.133823 0.00729368 0.0163154
4.79 -0.00731163 0.0224248 0.0258848 0.0268976
4.8 -0.000900732 0.0938872 0.0138514 0.0138807
4.81 -0.0282447 0.185962 0.0279418 0.0397304
4.82 0.00149775 0.222303 0.0208733 0.020927
4.83 -0.000703203 0.0714749 -0.0113832 0.0114049
4.84 -0.0081358 0.0182604 0.0264164 0.0276409
4.85 -0.0113973 0.0382193 -0.00510468 0.0124883
4.86 -0.0112285 -0.0248769 0.0200304 0.0229629
4.87 -0.00880126 0.063254 -0.0250919 0.0265907
4.88 -0.0102717 0.117693 0.000990004 0.0103193
4.89 -0.0123612 0.0874354 0.0332769 0.0354986
4.9 -0.00559276 0.16378 0.0335316 0.0339948
4.91 -0.00886963 0.161596 0.0330765 0.0342451
4.92 0.00293618 0.140733 0.0206212 0.0208292
4.93 -0.03119 0.0727618 0.0134652 0.0339724
4.94 -0.0234124 0.0587458 0.00125168 0.0234459
4.95 -0.0260622 0.14972 -0.0244687 0.0357485
4.96 -0.0249745 0.126417 0.0140834 0.0286717
4.97 0.00970435 0.101112 0.013573 0.0166854
4.98 -0.0123834 0.146112 0.0201537 0.0236542
4.99 0.00596574 0.152752 -0.0315706 0.0321293
5 -0.0173358 0.148364 -0.00545507 0.0181738
5.01 -0.0175482 0.237611 0.0149647 0.0230625
5.02 -0.00619894 0.155381 -0.0248262 0.0255884
5.03 -0.00584861 0.106221 -0.0120002 0.0133495
5.04 0.00295245 0.123101 0.00705736 0.00765005
5.05 -0.00635909 0.0974192 0.00678359 0.00929812
5.06 -0.0102852 0.171458 0.000523016 0.0102985
5.07 -0.0171801 0.242622 0.039787 0.0433377
5.08 -0.0195022 0.0653576 0.00106675 0.0195313
5.09 -0.0130439 0.150364 0.0265312 0.0295643
