0 0.0123388 0.00969929 0.00704663 0.0142092
0.01 0.0151818 -0.0723306 0.00662653 0.0165649
0.02 0.00398734 0.00190638 -0.0250043 0.0253202
0.03 0.0150264 0.0441419 -0.00602963 0.0161911
0.04 0.00746431 0.00443835 -0.0320982 0.0329547
0.05 -0.00242776 -0.19983 -0.0455297 0.0455944
0.06 0.0109819 0.00183966 0.00723322 0.01315
0.07 0.00656255 0.0491424 -0.0250068 0.0258536
0.08 0.0176866 0.0205023 -0.0390498 0.0428685
0.09 0.002485 0.0293766 0.000653701 0.00256954
0.1 0.0227997 0.0170973 -0.00560435 0.0234784
0.11 0.014297 0.0265836 -0.0245624 0.0284203
0.12 0.00665729 0.138342 -0.00505251 0.00835748
0.13 0.014617 0.0129896 -0.0119774 0.0188975
0.14 -0.000885213 0.0176637 -0.0307371 0.0307499
0.15 0.0140356 0.0364328 -0.0322878 0.0352066
0.16 0.0131869 0.0538164 -0.0124064 0.0181056
0.17 0.0167794 -0.0236321 -0.045006 0.0480321
0.18 -0.00419782 0.011313 -0.00563761 0.00702882
0.19 0.0104229 0.153437 -0.0240646 0.0262249
0.2 0.0189922 -0.0343836 0.000211745 0.0189934
0.21 0.018799 -0.0336165 -0.0452274 0.0489787
0.22 0.0117802 -0.0431132 -0.0190652 0.022411
0.23 0.0127368 -0.132736 -0.00714742 0.0146052
0.24 0.015488 -0.00950043 -0.0127326 0.0200498
0.25 0.0126151 -0.101658 -0.0384455 0.0404623
0.26 -0.00487422 0.0426447 -0.0117138 0.0126874
0.27 0.00676223 -0.0361677 -0.00620855 0.00918008
0.28 -0.000337151 0.0129949 -0.0185787 0.0185817
0.29 -7.24858e-05 0.0536073 -0.0247617 0.0247618
0.3 0.00850333 -0.0452968 -0.0195203 0.021292
0.31 -0.00294803 -0.0516207 0.0124412 0.0127857
0.32 0.0131999 -0.200053 -0.0133347 0.0187631
0.33 0.00446037 -0.0477034 0.000263941 0.00446817
0.34 0.0127283 -0.0571386 0.000177655 0.0127296
0.35 0.0115739 -0.0252177 -0.00561042 0.0128621
0.36 -0.000454133 -0.0137844 -0.00596536 0.00598262
0.37 0.00738869 -0.0271303 -0.0507042 0.0512397
0.38 0.000703084 -0.0676912 0.00679363 0.00682992
0.39 0.00275811 0.0426179 -0.0379293 0.0380294
0.4 0.0234564 -0.0462588 -0.0447521 0.0505268
0.41 0.000809308 -0.0770525 0.0197011 0.0197178
0.42 -0.00899499 -0.00796166 -0.044702 0.045598
0.43 0.00766129 -0.0181541 -0.00593867 0.00969346
0.44 0.00400026 -0.0116402 -0.0119545 0.012606
0.45 0.0100917 0.0657298 -0.051421 0.0524019
0.46 0.0155325 -0.00536467 0.000502444 0.0155407
0.47 0.0159732 0.0394046 0.0134544 0.0208846
0.48 -0.00799323 -0.0177232 0.000310077 0.00799925
0.49 -0.00838845 -0.00866978 -0.0379738 0.0388892
0.5 0.00701391 -0.00464849 -0.0191054 0.0203521
0.51 0.0191379 0.0730975 0.0263456 0.032563
0.52 0.00857008 0.0214906 0.0200834 0.0218355
0.53 0.000404897 -0.0271154 -0.019016 0.0190203
0.54 0.0148102 -0.0179034 -0.0515812 0.0536653
0.55 0.0105629 -0.019852 -0.0383781 0.0398052
0.56 0.00367818 0.00618072 0.000959158 0.00380119
0.57 0.00385201 -0.0388256 -0.0118051 0.0124176
0.58 0.0115322 0.0862693 0.00753516 0.0137757
0.59 0.010296 0.0690149 0.000848261 0.0103309
0.6 0.000326928 -0.0717333 0.000157782 0.000363011
0.61 0.00263857 0.122859 -0.0373289 0.037422
0.62 0.0139498 0.0582862 -0.0322856 0.0351704
0.63 0.00414328 -0.0117928 -0.0247211 0.0250659
0.64 0.0186306 0.0332031 0.000470025 0.0186365
0.65 0.0110333 -0.0650346 -0.0641413 0.0650833
0.66 0.00753241 0.0177962 0.000384817 0.00754224
0.67 -0.00462209 0.011446 -0.0319693 0.0323017
0.68 0.00704373 -0.0760455 -0.0322016 0.0329629
0.69 0.00809131 -0.111957 -0.0327438 0.0337287
0.7 0.0122807 -0.0610237 -0.0132045 0.0180326
0.71 0.014808 0.0355267 -0.0444605 0.0468616
0.72 0.00305953 0.0241779 0.0268725 0.0270461
0.73 0.0151185 -0.0451588 0.00643899 0.0164326
0.74 0.0196865 0.0150384 -0.0188938 0.0272862
0.75 0.0135639 0.107222 -0.0503995 0.0521928
0.76 0.0189142 0.0145045 -0.0183671 0.0263647
0.77 0.000747186 -0.112558 -0.0381229 0.0381303
0.78 0.0161496 -0.0323267 -0.0195874 0.0253865
0.79 0.0162176 -0.0321409 -0.0319213 0.0358048
0.8 0.00670404 -0.00445849 0.0388151 0.0393898
0.81 0.0129907 0.184063 -0.0248021 0.0279983
0.82 0.0196581 -0.0432045 -0.0125848 0.0233413
0.83 0.0267145 -0.0113276 -0.0196054 0.0331367
0.84 0.019556 -0.0341864 -0.00641463 0.0205812
0.85 0.0120868 -0.0206625 -0.0247517 0.0275452
0.86 0.000650575 -0.0364476 -0.0116998 0.0117179
0.87 0.00444967 -0.0385644 0.0131095 0.0138441
0.88 -0.00367046 0.0195776 0.00112647 0.00383943
0.89 -0.0112558 -0.0695871 -0.0316325 0.0335754
0.9 0.0123793 -0.114978 -0.0257747 0.0285934
0.91 0.000378238 -0.0361755 -0.00594698 0.005959
0.92 0.00634695 0.0227474 -0.00582651 0.0086158
0.93 0.0171176 -0.0555032 0.000460885 0.0171238
0.94 0.00862784 -0.0501343 -0.00632365 0.0106971
0.95 0.0094613 -0.171054 -0.0521398 0.0529913
0.96 0.000486438 -0.0497635 -0.0185387 0.0185451
0.97 0.0154004 -0.000979141 -0.0312898 0.0348745
0.98 0.00375603 0.0600665 0.00716762 0.00809213
0.99 0.000743147 -0.0363468 0.0201148 0.0201285
1 0.00315325 -0.0063303 -0.00616431 0.006924
1.01 0.0121906 -0.0163484 -0.0123605 0.0173607
1.02 -0.00742729 -0.0404883 -0.00604174 0.0095743
1.03 -0.00609284 -0.117105 0.00669219 0.00905031
1.04 -0.000884374 0.053475 0.00773867 0.00778904
1.05 0.00284128 -0.0110008 0.000480936 0.00288169
1.06 0.0049572 -0.0294398 0.000387303 0.0049723
1.07 0.00698743 0.0532339 -0.0317465 0.0325064
1.08 0.00640576 -0.0664758 -0.0260164 0.0267934
1.09 0.0111511 -0.0250838 -0.0319396 0.0338303
1.1 0.0089639 -0.0990998 3.2239e-05 0.00896395
1.11 0.0156141 0.0481975 0.000647476 0.0156275
1.12 0.0232469 -0.00950439 0.0255212 0.0345217
1.13 0.00116577 -0.104058 -0.0121874 0.012243
1.14 0.00477803 -0.137004 -0.0321483 0.0325014
1.15 0.00614587 0.125636 -0.00570335 0.00838451
1.16 0.0163365 -0.0192173 0.00737331 0.0179233
1.17 0.00662562 0.124744 -0.0371921 0.0377777
1.18 0.012631 -0.132824 0.00596 0.0139665
1.19 0.0148999 -0.0493869 -0.0327463 0.0359768
1.2 -0.00411169 0.073517 -0.01738 0.0178598
1.21 0.0149317 -0.0224177 -0.0323225 0.0356047
1.22 0.0120163 -0.0166019 -0.0120603 0.0170248
1.23 0.0228323 0.00821556 0.00662082 0.0237728
1.24 0.00995601 0.0381895 -0.0185478 0.021051
1.25 0.00829004 -0.0812824 -0.0317812 0.0328446
1.26 0.00124462 -0.103924 0.0394069 0.0394266
1.27 0.0117484 0.0457215 0.0140675 0.0183281
1.28 0.0230759 0.0034519 -0.0382089 0.0446365
1.29 0.00473631 -0.052242 0.0192902 0.0198632
1.3 0.0103175 0.0787207 -9.52691e-05 0.010318
1.31 0.00959096 0.0476286 -0.0192298 0.0214889
1.32 -0.00523626 0.0744005 -0.0247952 0.0253421
1.33 0.0236512 -0.0191644 -0.0571651 0.0618646
1.34 0.0114567 0.00175441 -0.038383 0.0400564
1.35 0.0107324 0.0198253 -0.0256159 0.0277733
1.36 0.000483228 -0.0268216 0.0063253 0.00634373
1.37 0.0109111 0.0153488 -0.00608716 0.0124942
1.38 -0.00430533 0.0063457 -0.0186643 0.0191544
1.39 0.0144354 -0.0716319 -0.0196489 0.0243815
1.4 0.0272064 -0.0257657 -0.0380444 0.0467714
1.41 0.0114142 0.0329466 0.00704925 0.0134155
1.42 0.0133564 -0.101711 -4.4602e-05 0.0133564
1.43 0.00292025 0.0601606 -0.00559179 0.00630841
1.44 0.019897 -0.0341312 -0.0256157 0.0324354
1.45 0.0120611 -0.01639 0.00687871 0.0138848
1.46 0.00970307 -0.126653 -0.00650283 0.0116806
1.47 0.020845 -0.160217 0.00575822 0.0216257
1.48 0.0150637 -0.000239744 -0.0125676 0.0196179
1.49 0.00755029 -0.0135109 -0.0126627 0.0147428
1.5 0.0083265 -0.0856067 0.000516572 0.00834251
1.51 0.0222939 -0.0360089 -0.0260165 0.0342619
1.52 0.0103077 0.0118101 -0.0131729 0.0167265
1.53 0.0201112 -0.0478126 7.66581e-05 0.0201114
1.54 0.00358193 -0.0203212 0.0135047 0.0139716
1.55 0.00402675 -0.0159519 0.00669477 0.00781246
1.56 0.0117559 -0.0564197 -0.00635618 0.0133642
1.57 0.00269609 0.0161991 -0.0189814 0.019172
1.58 0.0121087 -0.0163204 -0.0316403 0.0338782
1.59 0.00554656 -0.110902 0.0322947 0.0327675
1.6 0.00786615 -0.00525989 -0.00593733 0.00985536
1.61 0.00751168 0.0175188 0.000452597 0.00752531
1.62 0.00955995 0.163187 -0.0243902 0.0261968
1.63 -0.0114646 -0.00610871 0.000347811 0.0114699
1.64 0.000702281 -0.0808628 -0.0380207 0.0380272
1.65 0.0159815 -0.0586523 -0.0389262 0.0420792
1.66 0.0131614 -0.052878 -0.0443056 0.0462191
1.67 0.00459838 -0.132688 -0.025424 0.0258365
1.68 0.0111944 -0.0647675 -0.019522 0.0225038
1.69 0.0082589 -0.0499617 0.0261883 0.0274597
1.7 0.0182904 0.059872 -0.0186244 0.0261037
1.71 0.0117255 -0.0210146 0.0196564 0.022888
1.72 -0.0103646 -0.0786083 -0.0127822 0.0164563
1.73 0.018927 0.00648282 -0.0256276 0.0318591
1.74 0.0118136 0.0237517 -0.01212 0.016925
1.75 0.0154405 0.0322255 -0.243098 0.243588
1.76 0.0272383 0.152249 -0.962827 0.963212
1.77 0.0560107 0.0690634 -1.22955 1.23082
1.78 0.0867676 -0.0171641 -1.12447 1.12781
1.79 0.125371 -0.0192345 -0.843924 0.853186
1.8 0.153662 -0.0776678 -0.62596 0.644544
1.81 0.0966648 -0.292341 -0.665066 0.672054
1.82 0.0458566 -0.0995405 -0.972734 0.973814
1.83 -0.019082 -0.151082 -1.33951 1.33964
1.84 -0.0587909 -0.1394 -1.63511 1.63617
1.85 -0.0617568 -0.275014 -1.74708 1.74817
1.86 -0.00192834 -0.160289 -1.76896 1.76896
1.87 0.0944708 -0.180007 -1.7201 1.72269
1.88 0.143607 -0.192933 -1.63108 1.63739
1.89 0.165359 -0.175595 -1.67573 1.68387
1.9 0.16432 -0.144918 -1.61002 1.61839
1.91 0.147765 -0.0182908 -1.72395 1.73027
1.92 0.122611 -0.0731441 -2.01363 2.01736
1.93 0.0931818 -0.129982 -2.23125 2.2332
1.94 0.113278 -0.168987 -2.27147 2.27429
1.95 0.160876 -0.145379 -2.16184 2.16782
1.96 0.171051 -0.151522 -2.22784 2.2344
1.97 0.185143 -0.182469 -2.34474 2.35204
1.98 0.192835 -0.254263 -2.45481 2.46237
1.99 0.168202 -0.233965 -2.57089 2.57639
2 0.163998 -0.195122 -2.62896 2.63407
2.01 0.162286 -0.00217554 -2.66692 2.67185
2.02 0.184612 -0.296859 -2.64353 2.64997
2.03 0.194358 -0.182655 -2.66962 2.67669
2.04 0.221034 -0.216041 -2.76088 2.76971
2.05 0.230467 -0.217724 -2.89117 2.90034
2.06 0.244853 -0.208589 -3.05876 3.06854
2.07 0.269854 -0.237379 -2.65234 2.66603
2.08 0.305328 -0.268072 -3.21628 3.23074
2.09 0.292327 -0.259302 -3.37164 3.38429
2.1 0.308194 -0.345097 -3.35374 3.36787
2.11 0.337901 -0.15329 -3.43166 3.44826
2.12 0.334207 -0.270974 -3.47118 3.48723
2.13 0.325508 -0.292144 -3.57481 3.5896
2.14 0.34269 -0.275707 -3.68496 3.70086
2.15 0.335606 -0.234728 -3.73691 3.75195
2.16 0.345588 -0.196425 -3.84641 3.8619
2.17 0.342778 -0.359072 -3.97665 3.9914
2.18 0.361342 -0.352258 -4.11316 4.129
2.19 0.375344 -0.436776 -4.21872 4.23538
2.2 0.404788 -0.463649 -4.19564 4.21512
2.21 0.436169 -0.402426 -4.3632 4.38495
2.22 0.468397 -0.412115 -4.50055 4.52485
2.23 0.481034 -0.508588 -4.72742 4.75183
2.24 0.507159 -0.456898 -5.01322 5.0388
2.25 0.529343 -0.523614 -5.19662 5.22351
2.26 0.560809 -0.449187 -5.32769 5.35713
2.27 0.587578 -0.510296 -5.43813 5.46978
2.28 0.607839 -0.579566 -5.65771 5.69026
2.29 0.631279 -0.393749 -5.81817 5.85231
2.3 0.675041 -0.584702 -5.90347 5.94194
2.31 0.671144 -0.587546 -5.95279 5.9905
2.32 0.682126 -0.434071 -5.89866 5.93797
2.33 0.662999 -0.414157 -5.87035 5.90767
2.34 0.661852 -0.381604 -5.90893 5.94588
2.35 0.64183 -0.413756 -6.07736 6.11116
2.36 0.626159 -0.506546 -6.27117 6.30236
2.37 0.577266 -0.379408 -5.83006 5.85857
2.38 0.562898 -0.190668 -3.52239 3.56709
2.39 0.562822 -0.139913 -2.7924 2.84856
2.4 0.47263 -0.0754685 -3.97252 4.00054
2.41 0.279773 -0.258144 -9.35371 9.35789
2.42 0.38264 -0.620104 -9.14007 9.14807
2.43 0.765344 -0.463385 -7.30442 7.34441
2.44 1.08906 -0.590888 -5.53696 5.64305
2.45 1.30938 -0.706214 -4.51509 4.70112
2.46 1.4171 -0.720219 -4.24032 4.47085
2.47 1.27574 -0.761257 -4.5282 4.70448
2.48 0.968816 -0.738503 -4.75965 4.85725
2.49 0.688894 -0.561215 -4.54468 4.59659
2.5 0.525847 -0.537569 -3.92422 3.9593
2.51 0.466584 -0.418181 -3.15234 3.18668
2.52 0.397795 -0.563349 -2.66533 2.69485
2.53 0.307687 -0.570123 -2.21139 2.2327
2.54 0.219323 -0.516802 -1.86433 1.87719
2.55 0.123969 -0.364043 -1.44879 1.45409
2.56 0.0200073 -0.234789 -1.03969 1.03989
2.57 -0.0499362 -0.223917 -0.638498 0.640447
2.58 -0.0721409 -0.0691466 -0.317416 0.32551
2.59 -0.00897041 0.0636544 -0.0241562 0.025768
2.6 0.0414338 -0.056258 -0.0467425 0.062463
2.61 -0.00137237 0.0409046 -0.0504387 0.0504573
2.62 0.00706544 -0.0492248 -0.0191733 0.0204337
2.63 -0.00868327 -0.0487319 -0.012419 0.0151536
2.64 0.0194848 -0.0206577 -0.0448761 0.0489236
2.65 0.015139 0.00886985 -0.0390172 0.0418513
2.66 0.00592891 0.00495949 -0.0320032 0.0325478
2.67 0.0073103 -0.0313688 -0.045203 0.0457903
2.68 0.00641498 -0.0129174 -0.00635903 0.00903268
2.69 0.00721799 -0.0984317 -0.0261657 0.0271431
2.7 0.00706053 -0.00882441 0.000587986 0.00708497
2.71 -0.00245612 -0.163308 -0.0139352 0.01415
2.72 0.0189075 -0.0379562 -0.00730012 0.0202678
2.73 0.0071596 0.0266223 0.00736071 0.0102684
2.74 0.00201357 0.0253761 0.0196594 0.0197623
2.75 0.0178358 0.0515915 -0.0197615 0.0266202
2.76 0.0192702 0.0594441 0.0327606 0.0380079
2.77 0.00400449 -0.0334852 -0.00609485 0.00729268
2.78 -0.016294 0.0276203 -0.0189211 0.02497
2.79 -0.000283632 -0.0358082 -0.0441452 0.0441461
2.8 0.0147148 0.0886551 0.00737883 0.0164612
2.81 -0.0118392 -0.0288467 -0.0307946 0.032992
2.82 0.000953048 0.0710914 -0.0385389 0.0385507
2.83 0.00784905 -0.0407346 0.00656728 0.0102341
2.84 0.0183419 -0.0782103 0.0190603 0.0264523
2.85 0.0264746 -0.00280265 -0.0127942 0.029404
2.86 -0.00209167 0.143808 -0.0247495 0.0248377
2.87 0.0181884 0.0915297 -0.0187927 0.0261531
2.88 0.014573 -0.0445753 -0.0323331 0.0354655
2.89 0.0119201 -0.0204642 -0.00585332 0.0132797
2.9 0.00699804 0.0224318 -0.0315565 0.0323231
2.91 -0.0107258 -0.0468529 -0.0258612 0.0279972
2.92 0.00465197 -0.0921093 -0.00650655 0.0079985
2.93 0.00307986 0.0874744 0.0067954 0.00746076
2.94 -0.00772058 -0.0579098 0.013177 0.0152722
2.95 0.0188448 -0.00686114 -0.0131892 0.0230018
2.96 -0.000254342 -0.0311751 -0.00618021 0.00618544
2.97 0.00447803 -0.033752 -0.00031957 0.00448942
2.98 0.00388632 -0.0066738 -0.0126145 0.0131995
2.99 0.00364142 0.0196119 0.0202947 0.0206188
3 -0.000670933 0.0134113 -0.00592046 0.00595836
3.01 0.00502247 0.0861401 0.000550911 0.0050526
3.02 0.0185339 0.0602913 -0.00611991 0.0195182
3.03 0.0184873 -0.0117431 -0.0254804 0.0314806
3.04 0.0159586 -0.0322241 0.00655715 0.0172532
3.05 0.021547 0.000360136 -0.0126999 0.0250112
3.06 0.010674 0.0554583 0.0137038 0.0173703
3.07 0.0148347 0.0178622 -0.0192341 0.0242903
3.08 0.0109239 0.0110701 0.0323424 0.0341374
3.09 0.00751787 -0.0311927 -0.0128478 0.0148857
3.1 0.0108142 0.0290652 0.0190412 0.0218978
3.11 0.0021435 0.141544 -0.0185299 0.0186534
3.12 0.00664797 0.0940512 0.000673031 0.00668195
3.13 0.00788629 -0.0183348 0.000572081 0.00790701
3.14 0.00327167 -0.0106828 0.0454083 0.045526
3.15 -0.00100349 0.0763827 -0.0182155 0.0182432
3.16 0.0062389 0.0270674 -0.0186145 0.0196322
3.17 0.0103374 0.0469299 0.00704623 0.0125104
3.18 0.00745304 0.00396815 0.0330153 0.0338461
3.19 0.000320719 -0.102975 -0.031899 0.0319006
3.2 0.00490451 -0.181919 -0.0326489 0.0330152
3.21 0.00151364 0.0528958 -0.0384692 0.0384989
3.22 -0.00320785 -0.0648755 0.0061053 0.00689673
3.23 0.010404 0.0646947 0.0136338 0.01715
3.24 0.00250409 0.0474138 -0.0318867 0.0319849
3.25 0.0185246 -0.006639 0.00594167 0.0194541
3.26 0.00346948 -0.0780524 -0.0196576 0.0199614
3.27 0.0113397 -0.0250249 -0.0257697 0.0281544
3.28 0.0197985 -0.0298428 0.000385918 0.0198023
3.29 -0.00394042 0.0288142 0.00105583 0.00407942
3.3 0.0176977 0.0471942 -0.0385557 0.0424235
3.31 0.00206684 0.0208566 -0.000142594 0.00207175
3.32 0.00638669 0.018422 -0.0321018 0.032731
3.33 0.0101756 0.096149 0.000390128 0.0101831
3.34 0.0148585 0.0217206 -0.00593125 0.0159986
3.35 0.00688092 0.00492055 0.00643654 0.00942211
3.36 -0.000457489 -0.0134417 -0.0250424 0.0250466
3.37 -0.000936503 0.00474565 -0.0309734 0.0309876
3.38 0.0143008 0.0715008 0.00697871 0.0159127
3.39 -0.00595519 0.0170358 0.0129638 0.0142662
3.4 0.0146153 0.0132927 0.0192252 0.0241498
3.41 -0.00150585 -0.007997 -0.0318954 0.031931
3.42 0.0195872 -0.0164846 -0.0313705 0.0369833
3.43 0.00358736 0.0203888 -0.00559395 0.0066454
3.44 0.0100024 0.100937 0.00057402 0.0100189
3.45 0.00047897 -0.0184886 0.033299 0.0333024
3.46 0.00510084 0.050785 -0.038839 0.0391725
3.47 0.0127109 -0.0341421 0.0196829 0.0234304
3.48 0.0118701 -0.0385853 -0.0382852 0.0400831
3.49 0.00795553 -0.0313798 0.0188396 0.0204504
3.5 -0.00875517 0.0633057 0.0200976 0.0219218
3.51 0.0114882 -0.0515907 0.0194692 0.022606
3.52 0.0114651 -0.0476217 0.0198971 0.0229639
3.53 0.00554045 0.12098 -0.0183736 0.0191907
3.54 0.00797787 -0.0221376 0.0129465 0.0152072
3.55 -0.000706675 0.0760256 0.020177 0.0201894
3.56 0.00679275 0.05366 0.000459647 0.00680829
3.57 0.00941295 0.11448 -0.0123221 0.0155061
3.58 -0.00548211 0.0835717 -0.00585594 0.00802157
3.59 0.0226936 -0.0359556 0.00533262 0.0233117
3.6 0.00773715 0.0531692 0.0203037 0.021728
3.61 0.00272973 0.00292989 -0.00600189 0.00659349
3.62 0.00769644 -0.0405501 -0.0194533 0.0209205
3.63 -0.0111761 -0.158714 -0.000497949 0.0111872
3.64 0.00672734 0.00494427 0.00666897 0.00947271
3.65 0.00726086 -0.0355027 0.000131978 0.00726206
3.66 0.012389 -0.0255891 0.00721991 0.0143393
3.67 0.00359729 -0.0154744 0.0198559 0.0201792
3.68 0.0185662 0.0110307 0.0197754 0.0271251
3.69 0.00556342 -0.168753 0.006148 0.00829154
3.7 0.0227579 0.00869551 0.00594165 0.0235207
3.71 0.00349541 -0.00629521 -0.000226869 0.00350277
3.72 0.00667101 0.0580134 0.00745446 0.0100036
3.73 0.0155833 -0.0540255 0.0323915 0.0359451
3.74 0.0085292 -0.139171 0.00603907 0.0104507
3.75 0.0121649 -0.0252478 -0.025547 0.0282955
3.76 0.000755091 -0.0670078 0.0191897 0.0192046
3.77 0.0340652 0.0151515 0.0118878 0.0360799
3.78 -0.000880737 0.0182776 0.0201755 0.0201947
3.79 0.00437786 -0.038388 -0.0187722 0.019276
3.8 0.0061496 0.0585314 -0.0123102 0.0137608
3.81 0.00376113 -0.060468 -0.00655932 0.00756113
3.82 0.00356125 0.00204117 0.00723642 0.00806525
3.83 0.00519255 -0.0522924 0.0520243 0.0522828
3.84 0.0107175 0.00666779 -0.0255113 0.0276711
3.85 -0.00833505 0.0317483 0.00719665 0.011012
3.86 0.0158944 -0.0542354 -0.00038792 0.0158991
3.87 0.0153044 -0.0314048 -0.0130429 0.0201082
3.88 0.0104368 0.0024035 -0.00639967 0.0122427
3.89 0.00318222 -0.0335854 -0.0123816 0.012784
3.9 0.00374407 0.020203 -0.0381409 0.0383242
3.91 -0.000875603 0.0712025 0.0140563 0.0140835
3.92 0.0105087 0.0154379 0.0200193 0.0226098
3.93 -0.00440135 -0.0776506 -0.00642296 0.00778629
3.94 -0.00479149 -0.117329 -0.0328718 0.0332192
3.95 0.00382591 0.0999673 0.0527473 0.0528859
3.96 -0.0126973 0.0432366 -0.012974 0.0181534
3.97 0.0193109 0.0017089 -0.0257733 0.0322052
3.98 0.00056008 -0.0675386 0.0195627 0.0195707
3.99 0.00636804 0.0135761 0.0201175 0.0211013
4 0.00543874 -0.164076 0.0192068 0.019962
4.01 0.00327554 -0.00676028 -0.0188631 0.0191454
4.02 -0.000278095 0.00486127 -0.0129642 0.0129672
4.03 0.00696558 -0.0178896 -0.0254031 0.0263408
4.04 0.00296901 0.0292792 -0.031314 0.0314544
4.05 0.00548025 0.0996027 0.000452304 0.00549889
4.06 -0.00148539 0.027135 -0.0253249 0.0253684
4.07 0.0121482 -0.136952 0.0124316 0.0173817
4.08 0.00585378 -0.00807396 0.000147794 0.00585565
4.09 0.0149274 0.0313349 -0.0191384 0.0242715
4.1 0.00367915 -0.06044 -0.0258367 0.0260973
4.11 0.000127359 -0.0183308 -0.0376817 0.0376819
4.12 0.0109204 -0.0602494 -0.0134116 0.0172953
4.13 0.0122957 0.117546 -0.0448101 0.0464664
4.14 0.0185803 0.0241887 0.0196709 0.0270586
4.15 0.00599104 -0.0168482 -0.025873 0.0265576
4.16 0.00882868 -0.014599 0.0459123 0.0467534
4.17 -0.00119546 0.0273022 0.00116899 0.00167203
4.18 -0.0040878 -0.0957828 -0.0390498 0.0392632
4.19 0.00626378 -0.0171399 -0.00648727 0.00901773
4.2 0.015333 -0.0492113 -0.0452726 0.0477987
4.21 0.0115 -0.0115466 0.0133862 0.0176476
4.22 0.0114528 0.00191684 -0.00606601 0.0129601
4.23 -0.00117228 -0.044425 -0.00650117 0.00660601
4.24 0.0193734 -0.0521872 0.0127072 0.0231689
4.25 0.0229777 0.00381653 -0.0065058 0.0238809
4.26 0.0192945 0.0191801 0.014046 0.0238656
4.27 0.0135569 0.0319607 -0.00674171 0.0151407
4.28 -0.00535218 0.0876768 -0.0319136 0.0323593
4.29 0.00261329 -0.0331368 0.00637024 0.00688544
4.3 0.0108961 0.0782405 0.01994 0.0227229
4.31 0.00611184 0.0454193 -0.00607136 0.00861487
4.32 0.0265749 0.011122 0.00589968 0.0272219
4.33 -0.00142482 0.0453849 0.0196412 0.0196928
4.34 0.00640785 0.0318906 -0.0124932 0.0140407
4.35 0.0112137 -0.0337004 -0.00613366 0.0127816
4.36 0.000343177 -0.165576 -0.013075 0.0130795
4.37 0.0152288 0.0132368 -0.0319818 0.0354224
4.38 0.00606711 0.1478 0.0140108 0.015268
4.39 0.00606885 0.0811792 -0.0127851 0.0141523
4.4 0.0114559 -0.0249698 -9.00463e-05 0.0114563
4.41 -0.000509921 0.0268891 0.0332354 0.0332393
4.42 0.00772811 -0.103163 0.0130217 0.0151423
4.43 0.0159762 -0.0276998 0.00684944 0.0173826
4.44 0.0167273 -0.085914 -0.000608205 0.0167384
4.45 0.00732315 0.0133751 0.0262396 0.0272424
4.46 0.000174329 -0.0451661 0.0134863 0.0134874
4.47 0.0170829 0.0565381 0.012893 0.0214023
4.48 0.00393062 -0.0517217 -0.00614198 0.00729203
4.49 0.00739831 -0.0538866 0.0263784 0.0273963
4.5 0.0122255 -0.0296376 0.0257576 0.0285117
4.51 0.00737975 -0.00465909 -0.0192997 0.0206625
4.52 0.00523672 0.0954403 -0.0577397 0.0579767
4.53 0.00598713 0.103666 0.0129906 0.0143039
4.54 0.00922113 0.0655606 -0.0191912 0.0212916
4.55 0.0234454 -0.0947943 0.0191809 0.0302918
4.56 0.00743728 0.00856994 0.000646638 0.00746534
4.57 0.00803311 0.0170008 0.0202179 0.0217554
4.58 0.000889915 -0.0941754 -0.000132511 0.000899726
4.59 0.0150951 -0.0317411 -0.019145 0.0243801
4.6 0.000609129 0.25803 -0.0111339 0.0111505
4.61 0.0141834 0.0983118 0.000456558 0.0141907
4.62 0.0109708 -0.0022125 0.000403062 0.0109782
4.63 0.00900765 -0.0812897 0.0127515 0.0156122
4.64 0.000774686 -0.067687 -0.0127161 0.0127397
4.65 -0.000445106 -0.0309114 -0.00628861 0.00630434
4.66 0.0154128 0.00419075 -0.0188746 0.0243681
4.67 0.018415 0.00680797 0.0196478 0.0269286
4.68 1.27768e-05 -0.0493565 -0.0254284 0.0254284
4.69 -0.00792516 -0.0307481 -0.00655848 0.010287
4.7 0.0183613 -0.0960045 -0.0268205 0.0325035
4.71 0.00359123 -0.0691948 -0.0321153 0.0323154
4.72 0.00838399 -0.04519 -0.012883 0.0153708
4.73 0.00303115 0.0874249 0.0201734 0.0203999
4.74 0.0106807 0.0200988 -0.00617636 0.012338
4.75 0.0155833 -0.103048 -0.000621563 0.0155957
4.76 0.00388392 -0.00242738 -0.0122544 0.0128552
4.77 0.00106258 -0.0629512 -0.0383682 0.0383829
4.78 -0.000670933 0.0134113 -0.00592046 0.00595836
4.79 -0.000736102 0.0806605 0.00759175 0.00762735
4.8 0.0148689 -0.00469446 -0.0064957 0.0162258
4.81 0.0105858 0.00694877 -0.000208092 0.0105879
4.82 0.00545944 -0.0702929 -0.0186136 0.0193977
4.83 0.0119274 -0.0918356 0.0123208 0.0171484
4.84 0.0132013 0.0321198 -0.0191518 0.0232608
4.85 0.00344145 -0.0336829 0.000531475 0.00348225
4.86 0.0101974 0.0693991 0.00741526 0.0126084
4.87 -0.00470287 0.0432214 -0.00595247 0.00758609
4.88 0.0143875 0.053551 0.0264117 0.0300762
4.89 0.0191331 -0.0115739 -0.0128294 0.0230362
4.9 -0.000425208 0.013508 0.000522507 0.000673659
4.91 0.0223347 0.102013 -0.00563425 0.0230344
4.92 0.00358134 -0.0468842 0.0255447 0.0257945
4.93 0.00216825 -0.197856 0.0194237 0.0195444
4.94 0.0269892 -0.0837654 -0.00670521 0.0278096
4.95 0.0159765 -0.0635313 -0.00649033 0.0172445
4.96 0.00858888 -0.179372 0.0188653 0.0207285
4.97 0.00950109 0.0657404 -0.00634586 0.0114254
4.98 -0.00227511 0.0191299 -0.0126876 0.0128899
4.99 0.00684925 0.0139629 -0.0320423 0.0327661
5 0.00228755 0.190574 -0.0245364 0.0246428
5.01 0.0112678 0.0108023 0.0070798 0.0133074
5.02 0.0113164 0.0201196 0.019079 0.0221826
5.03 0.014778 -0.0357658 -0.000371741 0.0147827
5.04 0.0112759 -0.0112053 -0.0193776 0.0224196
5.05 0.00166917 0.0833192 -0.0061678 0.00638967
5.06 0.0189037 -0.00292009 0.00651599 0.0199952
5.07 0.0051539 -0.123856 0.0261234 0.026627
5.08 0.00982685 -0.10885 0.000355301 0.00983327
5.09 -0.00244277 0.179455 -0.00474535 0.00533718
5.1 0.0193366 0.00117938 -0.0117137 0.0226078
5.11 0.0176652 0.136029 -0.00542304 0.0184788
5.12 0.00466354 -0.0522261 0.013664 0.0144379
5.13 -0.000260934 0.0043452 -0.0125555 0.0125582
5.14 -0.0109805 -0.154259 -0.00657244 0.0127972
5.15 0.000356274 -0.0403774 -0.000172764 0.000395953
5.16 0.0051814 0.0815469 -0.00610307 0.0080059
5.17 0.0061297 0.0141121 -0.0191195 0.020078
5.18 0.0113392 -0.0119944 0.0201597 0.0231298
5.19 0.0120647 0.0192789 -0.012101 0.0170878
5.2 -0.000796073 -0.0177433 -0.00620136 0.00625224
5.21 0.00742937 0.00401394 0.0391471 0.0398459
5.22 0.00865775 -0.0725088 0.0135963 0.0161188
5.23 0.011615 0.0194594 0.0262721 0.0287251
5.24 0.00797802 -0.0314055 -0.0124308 0.0147707
5.25 0.00837724 -0.076612 0.00645433 0.0105753
5.26 0.0156535 -0.0232313 0.0263409 0.0306411
5.27 0.00659263 0.000204358 0.00695249 0.00958123
5.28 0.0156734 -0.00519475 -0.00620267 0.0168561
5.29 0.00682931 0.0174281 0.0137162 0.0153223
5.3 0.0036611 -0.0292939 0.0134663 0.0139551
5.31 0.0139843 0.0981239 -0.0182475 0.0229898
5.32 0.00783338 -0.0402177 0.00615863 0.00996446
5.33 0.00967238 0.0342484 0.00662783 0.0117253
