0 -0.00747182 -0.11549 0.0121367 0.0142522
0.01 -0.0058378 -0.169966 -0.000529122 0.00586173
0.02 0.00897179 -0.0721058 0.0317264 0.0329706
0.03 0.0107192 -0.091086 0.0118806 0.0160016
0.04 0.0236758 -0.0901173 0.0183943 0.0299816
0.05 0.00496158 -0.149976 -0.0133378 0.0142308
0.06 0.0173386 -0.13942 0.0247708 0.030236
0.07 0.0130288 -0.159134 -0.0271817 0.0301429
0.08 -0.00787981 -0.110651 -0.0067244 0.010359
0.09 0.00776404 -0.0978988 0.0181877 0.0197755
0.1 -0.00485694 -0.335704 0.00447535 0.00660444
0.11 0.0166737 -0.15194 -0.0019012 0.0167818
0.12 -0.00466866 -0.139283 -0.0336501 0.0339725
0.13 0.000888786 -0.147303 0.0239468 0.0239633
0.14 0.015517 -0.115773 -0.00732861 0.0171606
0.15 0.00343001 -0.117709 -0.026518 0.0267389
0.16 0.001083 -0.156201 0.0244521 0.024476
0.17 0.00350923 -0.024089 0.0124623 0.0129469
0.18 0.00475767 -0.172177 0.0115583 0.0124992
0.19 0.0130768 -0.114147 0.0244103 0.0276923
0.2 -0.0172644 -0.274864 -0.0205365 0.0268292
0.21 0.00626653 0.104006 -0.000420207 0.0062806
0.22 -0.00351798 -0.0645049 0.012631 0.0131118
0.23 -0.00409456 -0.157672 -0.0271078 0.0274153
0.24 -0.00244439 -0.21677 0.0177312 0.0178989
0.25 0.000163242 -0.209166 -0.0337824 0.0337828
0.26 0.0129938 -0.163302 -0.00162957 0.0130956
0.27 0.0129757 -0.128071 0.00571709 0.0141794
0.28 0.00739363 -0.0933191 0.0248035 0.0258821
0.29 -0.00301305 -0.0871454 0.0383238 0.0384421
0.3 0.0124203 -0.0383955 0.0251459 0.028046
0.31 0.00927769 -0.201451 0.00539664 0.0107331
0.32 0.0199699 -0.118689 0.0119397 0.023267
0.33 0.0199882 -0.114165 0.012232 0.023434
0.34 0.00842264 -0.156214 -0.0210815 0.0227017
0.35 0.0166186 -0.152461 0.0180172 0.0245112
0.36 -0.00403029 -0.135661 -0.0201596 0.0205585
0.37 0.00674524 -0.200107 0.0567162 0.0571159
0.38 -0.00227382 -0.1362 0.0185726 0.0187112
0.39 0.000437617 -0.146922 -0.0142132 0.01422
0.4 -0.00252669 -0.114129 0.0123346 0.0125907
0.41 0.00779326 -0.129078 0.0176743 0.0193162
0.42 0.00417463 -0.0913805 -0.00733543 0.00844014
0.43 0.00873522 -0.0985975 -0.000417683 0.0087452
0.44 0.00144819 -0.165479 -0.001122 0.00183198
0.45 0.00487429 -0.0654247 0.0191642 0.0197744
0.46 0.0140125 -0.276334 0.0310279 0.0340453
0.47 -0.00305603 -0.104956 0.0256045 0.0257862
0.48 0.00903359 -0.139012 -0.000861 0.00907453
0.49 0.0047422 -0.131905 0.0187829 0.0193723
0.5 0.00901754 -0.125304 0.0184062 0.0204964
0.51 0.00953486 -0.299915 0.00478969 0.0106703
0.52 -0.000367021 0.0268767 0.0193544 0.0193579
0.53 0.00223025 -0.196884 0.0180997 0.0182366
0.54 -0.00200734 -0.213013 0.0185792 0.0186874
0.55 0.00841017 -0.103093 0.0248967 0.0262788
0.56 0.0050949 -0.154381 0.0435937 0.0438904
0.57 0.00805569 -0.0803144 0.031286 0.0323064
0.58 0.0138066 -0.146055 -0.0201581 0.024433
0.59 0.00481738 -0.136168 0.0240516 0.0245293
0.6 0.00501664 -0.141163 -0.014576 0.0154151
0.61 0.00812767 -0.147072 -0.0139053 0.0161064
0.62 0.00127495 -0.116549 0.00594138 0.00607663
0.63 -0.00476666 -0.0323819 0.00623218 0.00784609
0.64 -0.0101112 -0.167483 0.0180515 0.0206904
0.65 0.00841249 -0.209933 -0.0144827 0.0167487
0.66 0.00530197 -0.122913 -0.0144933 0.0154326
0.67 0.0202701 -0.109921 0.0182564 0.0272795
0.68 0.0187994 0.0513771 1.09733e-05 0.0187994
0.69 -0.00650884 -0.156415 -0.00756151 0.00997704
0.7 -0.0116201 -0.0818521 0.0309981 0.0331046
0.71 -0.0101044 -0.18148 0.0125063 0.0160781
0.72 -0.0161203 -0.012203 0.0256482 0.0302934
0.73 0.0188147 0.0335842 0.0127008 0.0227003
0.74 0.00696313 -0.0617296 -0.00108262 0.00704679
0.75 0.00411037 -0.0466104 -0.0137402 0.0143418
0.76 -0.00283667 -0.136237 -0.00105406 0.00302618
0.77 0.0164289 -0.103015 0.0246713 0.0296409
0.78 0.00102032 -0.125106 0.0185605 0.0185886
0.79 0.00454583 -0.149531 -0.019957 0.0204682
0.8 0.00723606 -0.0486495 -0.0134127 0.0152401
0.81 0.00117483 -0.201179 -0.00759201 0.00768237
0.82 -0.00330793 -0.126866 -0.0137666 0.0141585
0.83 -0.00108158 0.0545446 -0.00649784 0.00658724
0.84 -0.00413838 0.00315973 0.0251148 0.0254535
0.85 0.00723204 -0.120149 -0.00777264 0.0106168
0.86 0.00263828 -0.0279817 -0.0261341 0.0262669
0.87 -0.0107008 -0.122968 -0.0327751 0.0344778
0.88 -0.000869705 0.0451097 0.0195552 0.0195745
0.89 -0.0077823 -0.0483575 0.044347 0.0450247
0.9 0.00508613 -0.145384 -0.00101691 0.00518679
0.91 0.0201164 -0.10063 0.0438686 0.0482609
0.92 0.00810876 -0.111378 -0.00161217 0.00826747
0.93 0.00535508 -0.181164 -0.0140455 0.0150317
0.94 -0.00073668 -0.10585 -0.0208068 0.0208198
0.95 -0.0121786 -0.0370925 0.0188884 0.0224742
0.96 0.00668083 -0.0350233 -0.019904 0.0209953
0.97 0.00697429 -0.0350377 -0.000588495 0.00699907
0.98 0.00592878 -0.23947 0.0111141 0.0125966
0.99 -0.00521514 -0.264377 -0.0081463 0.00967264
1 -0.00692519 -0.169323 -0.00760346 0.0102845
1.01 0.000683099 -0.07612 -0.0129314 0.0129494
1.02 0.00453173 -0.105376 0.031844 0.0321648
1.03 0.0122518 -0.074169 0.0318215 0.0340986
1.04 0.00304507 -0.0821653 0.0122224 0.012596
1.05 0.00887252 -0.054143 0.0572123 0.0578962
1.06 0.00182883 -0.170252 0.0573053 0.0573345
1.07 0.00434811 -0.12728 0.0315306 0.0318289
1.08 -0.00590764 -0.232849 0.0378755 0.0383335
1.09 0.0162309 -0.103222 0.031104 0.0350842
1.1 0.0105724 -0.126422 -0.00776773 0.0131192
1.11 0.00870055 -0.134511 -0.0201573 0.0219548
1.12 0.00461425 -0.172005 -0.000813739 0.00468545
1.13 0.0168397 -0.12984 0.0505071 0.0532404
1.14 0.0171905 -0.143804 -0.00767191 0.0188248
1.15 0.00431016 -0.0602582 0.0317332 0.0320246
1.16 0.00802767 0.0176256 0.0574813 0.0580392
1.17 0.00985942 -0.152608 0.0310806 0.032607
1.18 0.00294703 -0.0684288 0.0122097 0.0125603
1.19 0.00441196 -0.11846 0.0188024 0.019313
1.2 0.0151483 -0.120501 0.0241846 0.0285371
1.21 -0.00698541 -0.0493098 0.0260425 0.0269631
1.22 0.00544019 -0.208079 0.0112103 0.0124606
1.23 0.0133582 -0.298154 0.0177633 0.0222255
1.24 0.00406564 -0.113946 0.0444256 0.0446113
1.25 -0.000316918 -0.0574342 -0.0134885 0.0134922
1.26 0.0075116 -0.0399964 0.0252888 0.0263808
1.27 0.0158975 -0.0628903 0.025145 0.029749
1.28 0.00423829 -0.0827215 0.00618934 0.0075014
1.29 0.00378235 -0.104354 0.0116294 0.012229
1.3 0.0107986 -0.0104765 -0.0202065 0.0229109
1.31 -0.00388166 -0.117924 0.0057053 0.00690056
1.32 0.0351405 -0.105511 0.00482594 0.0354703
1.33 -0.0061478 -0.214714 -0.00757863 0.00975864
1.34 -0.00220424 -0.141398 0.0254353 0.0255306
1.35 0.016805 -0.121612 0.0376463 0.0412269
1.36 -0.00462319 -0.00991434 0.0122681 0.0131104
1.37 0.00668793 -0.240362 0.0438628 0.0443698
1.38 0.0167594 -0.121824 0.0187099 0.0251185
1.39 0.0124864 -0.100764 0.0377703 0.0397807
1.4 0.0240574 -0.138871 0.043686 0.0498721
1.41 -0.00584553 -0.0138301 -0.0459174 0.0462879
1.42 0.00312091 -0.0813663 -0.00776688 0.00837046
1.43 0.0128776 -0.136974 0.0120429 0.0176314
1.44 0.0090083 -0.201502 0.00508797 0.0103459
1.45 0.0137241 -0.0791821 -0.00792641 0.0158486
1.46 -0.013349 -0.164865 0.0178183 0.0222641
1.47 0.00710244 -0.0750725 0.025045 0.0260326
1.48 -0.000143202 -8.44849e-06 0.0390195 0.0390198
1.49 0.0223959 -0.0263319 -0.00768334 0.0236772
1.5 0.00154627 -0.156576 -0.00744784 0.00760666
1.51 0.00885554 -0.0948006 0.0123853 0.0152255
1.52 0.0053433 -0.243848 -0.00162386 0.0055846
1.53 0.00740537 -0.0532749 0.0187205 0.0201319
1.54 0.0183741 -0.0416528 -0.00764521 0.0199011
1.55 0.00694679 -0.0704801 -0.0268716 0.027755
1.56 0.00084606 -0.102719 0.0125247 0.0125533
1.57 0.00803501 -0.0579521 0.0250177 0.0262764
1.58 0.0067005 -0.0839291 -0.0267349 0.0275618
1.59 0.00165971 -0.174593 -0.0275756 0.0276255
1.6 0.012056 -0.101082 -0.00715771 0.0140207
1.61 -0.00337237 -0.0954674 0.0115444 0.0120269
1.62 0.0162126 -0.0851063 0.024475 0.0293577
1.63 0.0122326 -0.0825965 0.0120965 0.0172035
1.64 0.00730355 0.0049267 0.0316507 0.0324824
1.65 0.00749171 -0.0844159 0.0184777 0.0199387
1.66 -0.00307085 -0.189615 -0.027219 0.0273917
1.67 -0.00436626 -0.037673 0.00650006 0.00783039
1.68 0.0011186 -0.142766 0.0242772 0.0243029
1.69 0.00792978 -0.0446872 0.0315486 0.0325299
1.7 0.00385495 -0.0645953 -0.000244633 0.0038627
1.71 0.00453516 -0.0604388 0.038244 0.0385119
1.72 0.0197994 -0.109837 0.00530515 0.0204978
1.73 0.0107652 -0.0283189 0.00586136 0.0122575
1.74 0.00670749 -0.0259631 -0.032973 0.0336483
1.75 0.00884399 -0.121473 -0.0132475 0.0159283
1.76 0.023473 -0.0940665 0.0377081 0.0444171
1.77 -0.001013 0.0228033 -0.0127318 0.0127721
1.78 0.00474518 -0.1228 0.0118457 0.0127607
1.79 0.0298428 0.03986 0.00580409 0.030402
1.8 0.000481971 -0.16933 -0.0140768 0.014085
1.81 0.00969898 -0.152733 -0.0146531 0.0175722
1.82 0.00258771 -0.0767507 -0.0145697 0.0147977
1.83 0.0165736 -0.143406 0.0244579 0.0295445
1.84 0.000239206 -0.116179 -0.0205731 0.0205745
1.85 -0.00225255 -0.145211 0.0182636 0.018402
1.86 0.0229787 -0.129587 -0.0338427 0.0409066
1.87 0.00046505 -0.134119 0.0184078 0.0184137
1.88 -0.0162275 -0.0614539 0.00685696 0.0176168
1.89 -0.00341127 -0.0286062 0.0380026 0.0381554
1.9 -0.014476 -0.111649 -0.0131979 0.0195893
1.91 0.00617796 -0.0169513 0.00654982 0.00900374
1.92 0.00237769 -0.0679606 0.005823 0.00628973
1.93 0.00738229 -0.0266661 0.0128122 0.0147869
1.94 0.00842017 -0.0936769 0.0376713 0.0386009
1.95 0.016984 -0.161578 -0.0338073 0.0378337
1.96 0.00506159 -0.297295 0.0107277 0.0118619
1.97 0.00515631 -0.234479 -0.00866953 0.010087
1.98 0.0050617 -0.105281 0.0439513 0.0442418
1.99 0.00122419 -0.138755 0.00546581 0.00560122
2 -0.00465511 -0.116837 -0.033516 0.0338378
2.01 0.0118422 -0.145076 0.0182373 0.0217448
2.02 0.0137208 0.0719802 -0.0130572 0.0189407
2.03 0.00879255 -0.125123 0.0118954 0.0147922
2.04 0.0163192 -0.134505 -0.0265925 0.0312006
2.05 -0.00238031 -0.114624 0.0186451 0.0187964
2.06 -0.0161942 -0.110393 -0.0197537 0.0255433
2.07 0.0084279 -0.111922 0.0317636 0.0328627
2.08 0.00786195 -0.0891566 0.0381173 0.0389196
2.09 0.00415174 -0.144906 -0.00720931 0.00831932
2.1 0.0113755 -0.0734923 -0.000353999 0.011381
2.11 0.0119586 -0.0780784 0.0182068 0.0217829
2.12 -0.000519014 -0.0840236 0.0121619 0.012173
2.13 -0.00156201 -0.297885 -0.0338272 0.0338632
2.14 0.0146511 -0.0840361 -0.0146282 0.0207036
2.15 0.0162853 -0.0894895 0.00572216 0.0172613
2.16 0.0161269 -0.0941838 0.012135 0.0201825
2.17 0.00428902 -0.0737267 0.0121271 0.0128632
2.18 -0.00743802 -0.138027 -0.000261043 0.0074426
2.19 0.00463342 -0.13167 0.0379543 0.0382361
2.2 -0.00369323 -0.0818729 -0.00104051 0.00383701
2.21 0.00766221 -0.049126 0.0319942 0.0328989
2.22 0.00732375 -0.13322 -0.0207761 0.0220292
2.23 0.00890651 -0.13009 0.012556 0.0153941
2.24 -0.00215672 -0.234835 0.0246682 0.0247623
2.25 -0.00305812 -0.123027 -0.0202035 0.0204337
2.26 0.00109949 -0.134078 0.0185221 0.0185547
2.27 0.0123459 -0.114126 0.0247965 0.0276999
2.28 0.0125348 -0.123174 -0.0206639 0.0241685
2.29 0.0240757 -0.130263 0.0120188 0.026909
2.3 0.00734308 -0.102153 -0.00738719 0.0104159
2.31 -0.00524209 0.00826345 -0.0132132 0.0142151
2.32 0.010942 -0.0642194 -0.0138401 0.017643
2.33 0.00300871 0.0473921 0.0126073 0.0129613
2.34 0.000226946 -0.120553 0.0251002 0.0251012
2.35 0.0101489 -0.0409509 -0.00793569 0.0128831
2.36 0.00359554 -0.0778696 0.018558 0.0189032
2.37 0.0074885 -0.106552 -0.0205138 0.0218379
2.38 0.00957589 -0.188456 0.0372126 0.0384249
2.39 -0.00559163 -0.30439 -0.0270075 0.0275802
2.4 0.000844031 -0.124875 -0.00132823 0.00157372
2.41 -0.0032444 -0.108939 0.0251379 0.0253464
2.42 -0.000834331 -0.101562 0.00519545 0.00526202
2.43 0.00376818 -0.162791 0.024411 0.0247002
2.44 0.00905473 -0.125544 0.0187451 0.0208175
2.45 0.00420134 -0.0826622 0.0572407 0.0573947
2.46 -0.00253802 -0.140982 0.0380934 0.0381779
2.47 0.0203886 -0.145839 -0.0268542 0.0337171
2.48 -0.000986063 -0.0391835 0.0570048 0.0570133
2.49 0.0118275 -0.113931 -0.00102975 0.0118722
2.5 -0.00228083 -0.163235 0.0371536 0.0372235
2.51 0.0130792 -0.194603 0.0243832 0.0276695
2.52 0.00713337 -0.0488988 -0.0326197 0.0333906
2.53 0.000353494 -0.120188 0.0119225 0.0119277
2.54 0.0270882 -0.0737653 0.0176895 0.0323526
2.55 -0.000326831 -0.115077 -0.00118575 0.00122997
2.56 -0.00387582 -0.0640231 0.00628495 0.00738394
2.57 0.0058728 -0.289013 -0.00197801 0.00619696
2.58 -0.00385416 -0.0598421 0.0256493 0.0259372
2.59 0.0103956 -0.0905212 0.0119369 0.015829
2.6 0.00314236 -0.00648012 0.00643943 0.00716524
2.61 -0.0317647 -0.1761 -0.931832 0.932373
2.62 -0.0496146 -0.289378 -1.28157 1.28253
2.63 -0.00700835 -0.293139 -1.20146 1.20148
2.64 0.0645429 -0.363601 -1.08401 1.08593
2.65 0.0858533 -0.506363 -0.937527 0.94145
2.66 0.0759303 -0.343859 -0.956514 0.959523
2.67 0.037209 -0.364298 -1.14284 1.14345
2.68 0.00532939 -0.356841 -1.38663 1.38664
2.69 -0.0143338 -0.388658 -1.51577 1.51584
2.7 -0.0275604 -0.455293 -1.69862 1.69884
2.71 0.0101821 -0.500896 -1.84941 1.84944
2.72 0.0229689 -0.495531 -2.00605 2.00618
2.73 0.0733698 -0.441642 -2.0401 2.04142
2.74 0.0922478 -0.457527 -2.09852 2.10054
2.75 0.105845 -0.479077 -2.19686 2.19941
2.76 0.0993202 -0.483955 -2.26742 2.2696
2.77 0.0799421 -0.58808 -2.37112 2.37247
2.78 0.107603 -0.60953 -2.35205 2.35451
2.79 0.128128 -0.305242 -2.36976 2.37322
2.8 0.135306 -0.600099 -2.3246 2.32853
2.81 0.143959 -0.552436 -2.1945 2.19921
2.82 0.149743 -0.61471 -2.03249 2.038
2.83 0.156653 -0.42827 -2.6892 2.69376
2.84 0.197746 -0.532302 -2.72783 2.73499
2.85 0.234239 -0.38973 -2.63133 2.64174
2.86 0.239567 -0.308348 -2.45094 2.46262
2.87 0.261122 -0.384352 -2.3215 2.33614
2.88 0.269362 -0.402847 -2.30852 2.32418
2.89 0.234928 -0.332126 -2.36453 2.37617
2.9 0.223221 -0.360138 -2.41504 2.42533
2.91 0.218294 -0.16462 -2.45937 2.46904
2.92 0.203746 -0.401002 -2.58963 2.59764
2.93 0.216215 -0.390536 -2.70101 2.70965
2.94 0.229102 -0.371247 -2.83896 2.84819
2.95 0.241974 -0.481808 -2.88492 2.89505
2.96 0.259068 -0.594438 -2.93114 2.94256
2.97 0.259227 -0.42873 -3.07394 3.08485
2.98 0.261782 -0.631201 -3.13949 3.15038
2.99 0.247528 -0.545864 -3.26317 3.27254
3 0.246244 -0.442957 -3.30738 3.31654
3.01 0.266325 -0.637771 -3.36678 3.3773
3.02 0.280772 -0.566585 -3.40489 3.41644
3.03 0.283643 -0.554995 -3.53401 3.54537
3.04 0.314226 -0.556202 -3.56047 3.57431
3.05 0.327845 -0.51998 -3.65859 3.67324
3.06 0.35487 -0.581024 -3.72379 3.74066
3.07 0.355158 -0.657057 -3.82775 3.84419
3.08 0.3536 -0.629405 -3.9626 3.97835
3.09 0.381221 -0.534878 -4.00902 4.0271
3.1 0.398292 -0.639275 -4.13815 4.15728
3.11 0.419299 -0.505132 -4.20289 4.22375
3.12 0.426541 -0.599546 -4.242 4.26339
3.13 0.467794 -0.606683 -4.40529 4.43005
3.14 0.459544 -0.641386 -4.54071 4.5639
3.15 0.461264 -0.633868 -4.72127 4.74375
3.16 0.435906 -0.595178 -4.87709 4.89653
3.17 0.410626 -0.67409 -4.63136 4.64953
3.18 0.383763 -0.525767 -3.04611 3.07019
3.19 0.318803 -0.564773 -2.68556 2.70442
3.2 0.27331 -0.542522 -2.86312 2.87614
3.21 0.199416 -0.5027 -5.26813 5.27191
3.22 0.0838268 -0.306281 -6.10867 6.10925
3.23 0.0782205 -0.516428 -5.38331 5.38388
3.24 0.502884 -0.775057 -4.18695 4.21704
3.25 0.687191 -0.632863 -3.052 3.12841
3.26 0.732836 -0.662386 -2.21748 2.33543
3.27 0.714957 -0.712773 -1.88414 2.01522
3.28 0.638764 -0.744399 -1.79199 1.90243
3.29 0.495008 -0.802024 -1.78734 1.85462
3.3 0.4036 -0.709322 -1.58062 1.63133
3.31 0.330935 -0.503307 -1.19465 1.23964
3.32 0.258218 -0.494802 -0.723161 0.767879
3.33 0.155284 -0.312618 -0.351532 0.384302
3.34 0.0275133 0.00598352 -0.126462 0.129421
3.35 -0.00290124 -0.135931 0.0381683 0.0382784
3.36 -0.0180855 -0.0955056 0.0710686 0.0733337
3.37 -0.000653686 -0.0661238 0.00610692 0.00614181
3.38 -0.0101259 -0.279006 0.00463599 0.0111367
3.39 0.000230583 -0.155751 0.037537 0.0375377
3.4 0.00328879 -0.135155 -0.00753237 0.00821905
3.41 0.00896698 -0.134137 -0.0137871 0.0164466
3.42 0.00145862 -0.142871 0.0313291 0.031363
3.43 0.0150114 -0.0755536 -0.0141018 0.0205962
3.44 0.00450088 -0.140475 -0.0135162 0.0142459
3.45 0.0153243 -0.146933 -0.0466703 0.0491218
3.46 0.019378 -0.127282 -0.0399455 0.0443976
3.47 -0.00296178 -0.144752 -0.00767349 0.00822524
3.48 -0.0067365 -0.129369 0.00508777 0.00844191
3.49 0.00287384 -0.0280335 -0.00708917 0.00764953
3.5 0.00266528 -0.188901 0.0444438 0.0445237
3.51 -0.0129872 -0.317769 -0.0337373 0.0361506
3.52 -0.014456 -0.124885 0.0195626 0.0243243
3.53 -0.00303773 -0.113643 0.0313589 0.0315057
3.54 -0.00560933 -0.0581851 -0.00749839 0.00936432
3.55 0.00342623 -0.0732442 -0.0135751 0.0140008
3.56 0.00372047 -0.14004 0.00519752 0.00639188
3.57 0.000305579 -0.120238 0.0253029 0.0253048
3.58 0.0148004 -0.106518 -0.00134556 0.0148614
3.59 0.008495 -0.0715367 0.0571537 0.0577816
3.6 -0.00719952 -0.151613 0.0181852 0.0195585
3.61 0.00325655 -0.0821517 0.0122605 0.0126857
3.62 -0.0101142 -0.238962 -0.00144709 0.0102172
3.63 0.00166574 -0.282096 0.00462878 0.00491938
3.64 0.0033783 -0.0865049 0.00526572 0.00625625
3.65 0.000950681 -0.151976 0.0189102 0.0189341
3.66 -0.00830492 -0.0971837 0.0440752 0.0448508
3.67 -0.000185233 -0.0844399 -0.000496247 0.000529691
3.68 0.00750605 -0.128752 0.0180714 0.0195683
3.69 5.78905e-05 -0.0934687 0.03802 0.0380201
3.7 0.000664469 -0.0715371 0.0384097 0.0384154
3.71 0.0130506 -0.083291 0.0188603 0.0229353
3.72 0.00844712 -0.103153 -0.0261547 0.0274849
3.73 -0.00260332 -0.212177 0.0243852 0.0245238
3.74 -0.00315279 -0.121869 0.0110206 0.0114627
3.75 0.00370102 -0.0950584 0.0177318 0.0181139
3.76 0.000507071 -0.120212 0.01169 0.011701
3.77 0.00497275 -0.23 0.0303718 0.0307762
3.78 0.00455968 -0.198768 -0.0213588 0.0218401
3.79 0.000492143 -0.209117 0.017077 0.0170841
3.8 -0.0110237 -0.140022 -0.00136561 0.011108
3.81 0.0082053 -0.115988 0.0248947 0.0262121
3.82 0.00403007 -0.0511702 0.0442676 0.0444507
3.83 -0.00260376 -0.248007 0.011048 0.0113507
3.84 0.000890414 -0.125128 0.0126612 0.0126924
3.85 0.00698525 -0.0217176 0.0316214 0.0323838
3.86 0.0111344 -0.0822429 0.0187384 0.0217969
3.87 -0.000408989 -0.11521 0.00578987 0.0058043
3.88 0.00849727 -0.201016 0.0241104 0.0255639
3.89 0.00575203 -0.177187 0.0701702 0.0704056
3.9 -0.00495862 -0.0946732 0.031082 0.0314751
3.91 0.0277909 -0.0963592 0.0632032 0.0690433
3.92 -0.00436041 -0.077278 0.0448298 0.0450414
3.93 0.00475502 -0.113544 0.0508739 0.0510957
3.94 0.00430892 -0.202767 0.0113336 0.0121251
3.95 0.0156061 -0.107038 0.024086 0.0286999
3.96 0.0125126 -0.140707 -0.0334535 0.0357169
3.97 -0.00909034 -0.225967 0.0634116 0.0640599
3.98 -0.00210158 -0.163789 0.0509808 0.0510241
3.99 5.218e-05 -0.0794505 0.0184298 0.0184299
4 0.00790851 -0.0356771 0.0318575 0.0328245
4.01 0.0110963 -0.028593 0.0506587 0.0518598
4.02 -0.0123179 -0.0681943 0.0132492 0.0180907
4.03 0.00694619 -0.106472 -0.0139553 0.0155884
4.04 0.02227 -0.0842106 0.0303313 0.037629
4.05 0.00357413 -0.0595917 0.0442467 0.0443909
4.06 0.00149521 -0.169674 0.0437099 0.0437355
4.07 -0.0111986 -0.0909299 0.0380141 0.0396293
4.08 -0.00741293 -0.0889096 0.0255058 0.0265612
4.09 -0.0031519 -0.135221 0.0175978 0.0178779
4.1 -0.0117406 -0.099957 -0.00706005 0.0136999
4.11 0.00420411 -0.153671 0.0312011 0.031483
4.12 -0.000528201 -0.137582 -0.00749227 0.00751087
4.13 -0.00192145 -0.0652487 0.0377138 0.0377627
4.14 0.0137854 -0.0568477 0.00508268 0.0146926
4.15 0.0041269 -0.184775 0.0175422 0.0180211
4.16 0.004228 -0.0736021 0.0441717 0.0443735
4.17 0.0107847 -0.0905966 0.0307493 0.0325858
4.18 -0.00583138 -0.0583276 -0.0200732 0.020903
4.19 0.0106215 -0.157323 -0.00834883 0.01351
4.2 0.00659657 0.000978022 0.0316115 0.0322924
4.21 -0.00681386 -0.137995 0.0113433 0.0132325
4.22 0.0011395 -0.125374 0.0381793 0.0381963
4.23 -0.00654764 -0.21871 -0.00808517 0.0104039
4.24 0.00340895 -0.122091 0.0306453 0.0308343
4.25 0.00365683 -0.0555352 0.0315671 0.0317782
4.26 -0.0151909 -0.120153 0.0252577 0.029474
4.27 0.000649654 -0.18292 0.0238791 0.023888
4.28 0.0048138 -0.131901 -0.000726887 0.00486837
4.29 0.00339892 0.0162045 0.0704702 0.0705521
4.3 -0.00844298 -0.114792 0.0307445 0.0318827
4.31 0.00805341 0.0491648 0.0643293 0.0648314
4.32 -0.0184899 -0.144117 0.0116555 0.021857
4.33 0.00667256 0.0630335 0.0324741 0.0331526
4.34 0.00045973 -0.10691 0.0184908 0.0184965
4.35 -0.0178258 -0.283393 0.0176868 0.0251114
4.36 0.012659 -0.185686 0.0436227 0.0454223
4.37 0.00891341 -0.214652 0.0110537 0.0141998
4.38 0.00114611 -0.138254 0.0382155 0.0382327
4.39 -0.0109999 -0.0866377 -0.000377347 0.0110064
4.4 0.0196753 -0.0918086 0.0117843 0.0229344
4.41 -0.0028227 -0.1006 0.0187564 0.0189676
4.42 -0.00730883 -0.151218 0.0111011 0.0132911
4.43 0.0032429 -0.0726896 0.0311677 0.0313359
4.44 0.00874044 -0.093899 0.0185405 0.0204975
4.45 0.0030101 -0.0863327 0.0377745 0.0378943
4.46 0.00314181 -0.0104034 0.0121409 0.0125409
4.47 0.000989078 -0.102872 -0.000241874 0.00101822
4.48 -0.0150928 -0.16452 -0.0144411 0.0208887
4.49 0.00524236 -0.136624 0.0443225 0.0446314
4.5 0.00515008 -0.114266 0.057564 0.0577939
4.51 0.00859933 -0.143253 0.0184831 0.0203856
4.52 0.00668998 -0.00410449 0.00608879 0.00904595
4.53 0.00857272 -0.129673 0.025216 0.0266335
4.54 0.00770079 -0.0801559 0.0188758 0.0203862
4.55 0.00422633 -0.16252 0.00463663 0.00627377
4.56 0.00455104 -0.144833 -0.000998773 0.00465935
4.57 0.00132727 -0.151697 0.00499956 0.00517274
4.58 0.00419498 -0.104636 0.0505655 0.0507392
4.59 -0.000530542 -0.101267 -0.0143446 0.0143544
4.6 0.0153558 -0.120325 0.0565398 0.058588
4.61 0.00410474 -0.180646 -0.00828298 0.00924427
4.62 -0.0121907 -0.050433 0.0118171 0.0169781
4.63 -4.11645e-05 -0.128915 0.0312498 0.0312498
4.64 0.0121072 -0.0829812 0.0504109 0.0518444
4.65 -0.0105842 -0.180588 0.0439944 0.0452497
4.66 0.0050529 -0.292383 -0.00192528 0.00540726
4.67 0.000231745 -0.129046 0.0243801 0.0243812
4.68 -0.0036355 -0.0819967 0.0254855 0.0257435
4.69 -0.00607595 -0.192251 0.0179646 0.0189643
4.7 0.00118579 -0.187859 0.0246179 0.0246464
4.71 0.0121633 -0.109487 0.0375848 0.0395039
4.72 0.00364848 -0.153236 0.00503403 0.00621714
4.73 0.00635664 0.0321427 0.0320842 0.0327078
4.74 0.00466839 -0.0739316 0.018406 0.0189888
4.75 0.0127152 -0.14541 0.0313375 0.0338188
4.76 -0.00174634 -0.159843 0.00629793 0.00653557
4.77 -0.0109717 -0.117977 0.0253623 0.0276337
4.78 0.00812037 -0.115636 0.0116789 0.0142245
4.79 0.00228341 -0.0413757 0.0445631 0.0446216
4.8 0.000276551 -0.115623 0.0378563 0.0378573
4.81 0.00801766 -0.115886 -0.00753069 0.0109997
4.82 -0.0116514 -0.0768737 -0.000661656 0.0116702
4.83 -0.0176064 -0.144322 0.0372874 0.0412351
4.84 0.010427 -0.0993828 -0.000977143 0.0104727
4.85 0.0202816 -0.163202 -0.00146561 0.0203345
4.86 0.0008098 -0.124959 -0.00773059 0.00777288
4.87 0.00319707 -0.122085 0.00546862 0.00633459
4.88 -0.0090497 -0.0207387 0.0125198 0.015448
4.89 0.0126059 -0.230028 0.00415368 0.0132726
4.9 0.00893091 -0.232768 0.0176821 0.0198095
4.91 0.00150833 -0.169849 0.025044 0.0250894
4.92 0.0153387 -0.0622932 0.0312943 0.0348512
4.93 0.000466861 -0.151718 0.024625 0.0246294
4.94 9.21353e-05 -0.0933855 0.0444249 0.044425
4.95 0.0155762 -0.138234 -0.00183644 0.0156841
4.96 0.00777357 -0.0801717 0.0245046 0.0257081
4.97 0.0109303 0.0115404 0.0257988 0.0280188
4.98 -0.00336362 -0.13131 0.0118558 0.0123237
4.99 -0.0143895 -0.151121 0.0181562 0.0231669
5 0.0081623 -0.0802277 0.0181785 0.0199269
5.01 -0.00730969 -0.191112 0.00458229 0.00862722
5.02 0.00294958 -0.081943 -0.0135276 0.0138454
5.03 0.000347111 -0.164802 0.011584 0.0115892
5.04 0.00311776 -0.103844 0.0308868 0.0310437
5.05 -0.000887014 -0.0836903 0.0184203 0.0184416
5.06 0.00257346 0.0166081 0.0188528 0.0190276
5.07 0.0160608 -0.125321 0.0372632 0.040577
5.08 0.0112637 -0.121956 -0.0081347 0.013894
5.09 0.00204333 0.0793521 0.0381283 0.038183
5.1 0.0118822 -0.136371 0.0378938 0.0397131
5.11 0.00876371 -0.107136 -0.00726704 0.0113847
5.12 0.00321344 -0.0906944 0.0249209 0.0251273
5.13 0.0086893 -0.116085 -0.007073 0.0112041
5.14 0.00435645 -0.122744 0.0181718 0.0186867
5.15 -0.0101727 -0.252352 0.00485956 0.0112738
5.16 0.00133121 -0.192258 0.0114913 0.0115681
5.17 0.00589735 -0.230608 0.0240275 0.0247406
5.18 0.00416017 -0.0245656 0.0129884 0.0136384
5.19 0.00482378 -0.145125 0.018387 0.0190092
5.2 0.0114621 -0.104814 0.0507973 0.0520744
5.21 0.00108766 -0.299355 -0.00807493 0.00814785
5.22 0.0114593 -0.113759 0.031479 0.0334999
5.23 0.00817008 -0.142614 0.00539377 0.00978994
5.24 0.00779818 -0.223049 -0.00809012 0.0112366
5.25 0.00493909 -0.14995 0.0179325 0.0186003
5.26 0.0132367 -0.168407 0.0311859 0.0338788
5.27 -0.00188782 -0.293254 0.0179782 0.018077
5.28 0.0165202 -0.151916 -0.00166877 0.0166042
5.29 -0.00673682 -0.16534 -0.00713504 0.00981293
5.3 0.0106932 -0.0641541 0.0120339 0.0160984
5.31 0.0091681 -0.157073 0.0314476 0.0327568
5.32 0.0143343 -0.137727 0.0175747 0.0226791
5.33 0.0111971 -0.113338 0.02463 0.0270557
5.34 0.00399902 -0.109071 0.0315014 0.0317543
5.35 0.0116826 -0.0961795 0.00551967 0.0129209
5.36 0.00702432 -0.164628 -0.0207543 0.0219108
5.37 0.012147 -0.105027 0.00633356 0.013699
5.38 -0.00473661 -0.00102474 0.00590169 0.00756739
5.39 0.00318132 -0.117483 -0.0268976 0.0270851
5.4 0.00350223 -0.175219 -0.0211915 0.021479
5.41 0.00125991 -0.224009 -0.0142906 0.014346
5.42 2.32556e-05 -0.106743 0.0119419 0.0119419
5.43 -0.00495646 -0.0987389 -0.0206702 0.0212561
5.44 0.0117218 0.0112147 0.044761 0.0462703
5.45 -0.00303382 -0.180587 -0.00150094 0.0033848
5.46 0.00945748 -0.161464 -0.0206992 0.0227575
5.47 0.0197801 -0.140905 -0.00808316 0.0213679
5.48 0.0161957 -0.129849 0.0116024 0.0199227
5.49 0.00638587 -0.0658174 0.0310305 0.0316808
5.5 0.0125263 -0.141082 0.0244107 0.027437
5.51 0.0109021 0.0202401 0.00639772 0.0126406
5.52 0.0115003 0.0244245 0.025609 0.0280727
5.53 0.00790555 -0.0353539 0.0379209 0.0387362
5.54 0.00368359 -0.198272 -0.00214205 0.00426113
5.55 0.0207615 -0.132368 0.037479 0.0428452
5.56 -0.0163439 -0.065452 0.0120174 0.0202864
5.57 0.00453812 -0.131286 -0.0140486 0.0147634
5.58 0.00773983 -0.0885656 0.0245606 0.0257513
5.59 -0.00774971 -0.0173039 0.0128139 0.0149751
5.6 0.00129534 -0.107165 0.0575038 0.0575184
5.61 -0.00112199 -0.0702863 -0.00720433 0.00729118
5.62 -0.00179792 0.00630534 -0.000814609 0.00197385
5.63 0.00831191 -0.182682 0.0112444 0.013983
5.64 0.00645557 -0.195193 -0.0201742 0.0211819
5.65 0.00992861 -0.148357 0.0119284 0.0155198
5.66 -0.0218544 -0.160419 -0.00102079 0.0218782
5.67 0.0159888 -0.138516 0.0370997 0.0403984
5.68 0.0121697 -0.087513 0.0442599 0.0459025
5.69 -0.0104422 -0.159058 -0.00694564 0.0125412
5.7 0.000206888 -0.0621988 0.00591617 0.00591979
5.71 0.00351438 -0.121984 -0.00760068 0.00837384
5.72 0.00751918 -0.119498 -0.00147087 0.00766169
5.73 0.00811996 -0.0583032 0.0382342 0.0390869
5.74 0.0045389 -0.127544 0.0316396 0.0319635
5.75 0.00262159 -0.063476 0.0115091 0.0118039
5.76 0.00409691 -0.0200334 0.0191394 0.019573
5.77 0.0118581 -0.149517 0.0243499 0.0270838
5.78 -0.00297891 -0.202866 0.0111697 0.0115601
5.79 0.000660073 -0.133588 0.0180373 0.0180494
5.8 0.0086469 -0.120543 -0.026372 0.0277534
5.81 0.0151479 -0.0846692 0.0375219 0.0404642
5.82 0.00413961 -0.127617 0.0254315 0.0257663
