0 -0.00619465 0.00787854 0.0201677 0.0210977
0.01 -0.0126242 -0.197909 0.0513771 0.0529054
0.02 0.00582063 -0.0124869 -0.0124416 0.0137358
0.03 0.00538995 0.0189415 -0.0120748 0.0132232
0.04 0.00122961 -0.0501601 0.0389399 0.0389593
0.05 0.0242419 0.0164352 0.0127688 0.0273991
0.06 0.00194857 0.0298445 -0.0051558 0.00551173
0.07 0.00832307 -0.00517052 0.0256829 0.0269979
0.08 -0.00717697 -0.00490388 0.0328161 0.0335918
0.09 0.00378695 0.121889 0.0142348 0.0147299
0.1 -0.00632617 -0.0678897 0.0195484 0.0205465
0.11 -0.00282967 -0.0077466 0.0389414 0.0390441
0.12 0.00810963 0.0348933 0.0393421 0.0401692
0.13 0.00537961 0.018632 0.0267826 0.0273175
0.14 0.0130674 0.00967811 0.00666049 0.014667
0.15 0.00857313 0.0343378 0.0588362 0.0594575
0.16 0.000422315 0.0349014 -0.018419 0.0184238
0.17 0.0100188 -0.0241209 0.045702 0.0467873
0.18 0.00210353 -0.117115 0.0252418 0.0253293
0.19 -0.0112271 0.0111146 0.00711399 0.0132912
0.2 -0.0147314 0.0666056 0.000452997 0.0147384
0.21 0.0122185 0.0550651 0.0261454 0.0288596
0.22 -0.0142555 0.0126284 0.00133702 0.0143181
0.23 0.00315562 -0.189664 0.0254923 0.0256869
0.24 -0.000402637 0.0575834 0.0264113 0.0264143
0.25 0.0171251 -0.0149756 -0.0258111 0.0309755
0.26 -0.00121019 -0.111211 0.013043 0.013099
0.27 0.0134128 -0.0349323 0.0510466 0.0527794
0.28 0.00417044 -0.0695354 -0.0131919 0.0138354
0.29 0.00901932 -0.00151168 0.0394434 0.0404615
0.3 -0.000223738 0.142689 0.0138913 0.0138931
0.31 0.0125012 0.135056 0.0268924 0.029656
0.32 0.0170412 0.0115771 0.0517161 0.0544514
0.33 0.0124189 0.0191189 0.000312164 0.0124229
0.34 0.00893931 -0.041561 0.00646882 0.0110343
0.35 -0.00804585 0.0136606 -0.0192953 0.0209056
0.36 0.00622705 -0.0572219 -9.93916e-05 0.00622784
0.37 0.0053627 -0.0166817 0.0130343 0.0140944
0.38 -0.00309333 -0.0073268 0.0320898 0.0322386
0.39 0.00575679 -0.0213071 0.00028661 0.00576392
0.4 0.0147788 -0.129678 0.0254893 0.0294638
0.41 -0.00238646 -0.0527019 0.0264858 0.0265931
0.42 0.00503421 -0.0529035 0.0264852 0.0269593
0.43 0.00326973 0.100562 0.000326592 0.003286
0.44 0.000490001 0.00834345 0.0326787 0.0326824
0.45 0.00393776 0.0420542 0.0260982 0.0263936
0.46 -0.00452434 0.0962374 0.0138804 0.0145991
0.47 -0.00601739 -0.085697 0.0515536 0.0519036
0.48 0.0055463 0.00522278 0.0133471 0.0144536
0.49 -0.0043465 0.10952 0.00093894 0.00444676
0.5 -0.0108887 0.00204434 0.0199893 0.0227626
0.51 0.00573784 -0.0618228 0.0129126 0.01413
0.52 0.000767933 0.106256 0.03327 0.0332789
0.53 0.00536908 0.027932 0.0133728 0.0144103
0.54 0.000244325 0.0308866 0.0198997 0.0199012
0.55 0.0087149 -0.0280281 -0.00661913 0.0109436
0.56 0.00161417 -0.0057312 0.0204181 0.0204818
0.57 -0.00427884 0.153829 0.0206257 0.0210648
0.58 0.00153259 -0.00572283 0.0262794 0.026324
0.59 -0.00187854 -0.0435969 0.0389022 0.0389475
0.6 -0.00760807 0.0133333 0.0135065 0.0155019
0.61 0.00179796 -0.0771717 0.0322281 0.0322782
0.62 -0.00352887 0.0153392 0.0203168 0.020621
0.63 -0.00713676 0.0266017 0.0198812 0.0211233
0.64 0.00604463 -0.039211 -0.0190294 0.0199664
0.65 -0.00699716 0.00415206 -0.00562456 0.00897752
0.66 0.00543608 -0.043705 0.000617374 0.00547103
0.67 0.00373762 0.0821045 -0.00516158 0.00637273
0.68 0.00329966 -0.0027425 -0.0318083 0.031979
0.69 0.00960996 0.0116498 0.0391827 0.0403439
0.7 -0.00770514 0.0309736 0.0329316 0.033821
0.71 0.00401285 0.202799 0.0465443 0.0467169
0.72 0.00277586 -0.135869 8.11107e-05 0.00277705
0.73 -0.0103487 0.046106 0.0203122 0.0227965
0.74 0.0203284 0.0099853 0.0452682 0.0496232
0.75 0.00293402 -0.167187 0.0317201 0.0318555
0.76 0.0108846 0.167673 0.000495765 0.0108959
0.77 0.00959309 -0.00102414 0.0190958 0.02137
0.78 0.00599667 -0.0751115 0.00614994 0.00858963
0.79 0.00297797 -0.202786 0.0121808 0.0125396
0.8 0.0109877 -0.136558 0.045293 0.0466067
0.81 0.00775871 0.0707012 0.0330933 0.0339906
0.82 -0.00663154 0.0666568 0.0195032 0.0205998
0.83 0.00538225 0.0142048 0.0778148 0.0780007
0.84 0.00219454 -0.0461486 0.0256417 0.0257355
0.85 0.00478763 0.068329 0.0332877 0.0336303
0.86 0.00945499 -0.0280611 0.00664076 0.0115541
0.87 -0.000393309 0.0313495 -0.0255453 0.0255483
0.88 0.0030912 0.0289894 -0.0451222 0.045228
0.89 0.00241093 0.0563988 0.013073 0.0132935
0.9 0.00652563 -0.107246 0.0517252 0.0521352
0.91 0.0128743 0.036828 0.000573584 0.0128871
0.92 -0.00199635 -0.0117453 0.0322612 0.0323229
0.93 -0.00649837 0.0528629 0.0270326 0.0278027
0.94 -0.00397966 -0.0110236 0.0455876 0.045761
0.95 -0.000548446 0.071431 0.013523 0.0135341
0.96 -0.00305061 -0.0119752 -0.000243862 0.00306034
0.97 -0.0138265 -0.0321728 0.032686 0.0354901
0.98 0.0192747 0.0908658 0.0134233 0.0234883
0.99 0.0042053 0.0370641 0.0265282 0.0268595
1 -0.00588342 -0.0768734 0.0193156 0.0201918
1.01 -0.00409962 0.0333865 0.0328515 0.0331063
1.02 -0.00102139 0.147725 0.000238875 0.00104895
1.03 0.0087822 -0.0319267 0.0130008 0.0156891
1.04 0.00776588 0.0485329 0.0328889 0.0337933
1.05 0.0105681 -0.194241 0.0125975 0.0164433
1.06 0.00919838 -0.0323907 0.0447592 0.0456946
1.07 0.00118231 -0.0142181 0.0394021 0.0394199
1.08 -0.00286878 0.0552104 0.0459593 0.0460487
1.09 0.013482 -0.0174708 0.026434 0.0296736
1.1 -0.00471793 -0.0729747 0.0520889 0.0523021
1.11 0.0126463 0.0146919 0.00646289 0.0142021
1.12 -0.000815981 0.076421 0.0130929 0.0131183
1.13 0.00603643 -0.159732 0.0121644 0.0135798
1.14 -0.00585905 -0.0101365 0.0137267 0.0149248
1.15 0.00349429 0.0777614 -0.0119627 0.0124626
1.16 -0.00293787 0.0190522 0.0460703 0.0461639
1.17 0.010322 -0.0730285 0.0445386 0.0457191
1.18 -0.000100803 0.0847451 0.0260294 0.0260296
1.19 0.0134391 -0.0258525 0.012839 0.0185863
1.2 0.00221139 -0.0280902 0.0265302 0.0266222
1.21 -0.00179251 -0.0480341 0.025505 0.0255679
1.22 0.000584848 -0.00488919 -0.0126393 0.0126528
1.23 -0.0029512 0.0194075 0.0133447 0.0136672
1.24 0.0083243 0.137338 0.0460844 0.0468302
1.25 -0.00324499 0.0285287 0.0456595 0.0457746
1.26 0.00498035 0.0279879 0.0196989 0.0203187
1.27 -0.00480684 -0.206822 0.0120158 0.0129416
1.28 0.015928 0.0751641 0.00674075 0.0172956
1.29 0.0124856 0.0142442 0.0132382 0.0181972
1.3 -0.00123678 -0.0176784 0.0651313 0.065143
1.31 0.00540568 0.0143398 0.0202908 0.0209985
1.32 0.0121695 0.00583195 0.0327634 0.0349505
1.33 0.0128968 -0.0257729 0.0193975 0.0232936
1.34 0.00440308 0.0371109 0.0463467 0.0465554
1.35 -0.0185633 0.0469366 0.032554 0.0374748
1.36 -0.00363812 -0.0202559 0.0261479 0.0263997
1.37 0.00096307 -0.0186266 0.0516084 0.0516174
1.38 0.0112528 0.0419264 0.0129513 0.017157
1.39 0.00796975 0.0348838 0.0197942 0.0213384
1.4 0.00820132 -0.00081717 0.0326777 0.0336912
1.41 -0.00672304 -0.0495693 0.00664112 0.00945007
1.42 -0.00334412 0.135751 0.0330352 0.0332041
1.43 0.0092421 0.00271518 0.0200612 0.0220878
1.44 -0.0022193 -0.0076404 0.020049 0.0201714
1.45 0.00650496 -0.0622442 0.0391178 0.0396549
1.46 0.00935842 0.128003 0.0784217 0.0789781
1.47 -0.0257334 -0.0252342 0.0264506 0.0369031
1.48 -0.00691562 -0.0317069 0.000315551 0.00692281
1.49 -0.00309067 0.0325894 0.0134726 0.0138226
1.5 -0.00620757 0.0346359 0.00165507 0.00642442
1.51 -0.0105116 0.00183904 0.0262676 0.0282928
1.52 0.000991267 -0.0496241 -0.00029707 0.00103482
1.53 0.00505835 -0.00768936 0.0328149 0.0332024
1.54 -0.00222056 0.000670747 0.0135931 0.0137733
1.55 0.00452458 0.0102985 -0.00570114 0.00727838
1.56 0.00284913 -0.0736715 0.0583993 0.0584688
1.57 -0.00635657 -0.0098448 0.0392218 0.0397335
1.58 -0.010371 -0.00727795 0.0193239 0.0219311
1.59 0.000809933 0.0172281 0.0651781 0.0651831
1.6 0.013243 -0.0210194 0.0191521 0.0232848
1.61 -0.00196082 -0.0168652 0.00647045 0.00676103
1.62 0.020303 0.0276298 0.0451829 0.0495349
1.63 0.000612742 0.0437445 0.0333196 0.0333253
1.64 -0.00294788 -0.0608885 -0.012936 0.0132677
1.65 -0.00363029 0.0867321 0.0529228 0.0530471
1.66 -0.0030783 0.0283303 0.0267611 0.0269376
1.67 0.0013466 -0.0233808 0.0263266 0.026361
1.68 -0.00668858 0.0438391 0.0266855 0.027511
1.69 0.0117979 0.0281518 0.0320477 0.0341503
1.7 -0.010866 -0.0205004 0.0190817 0.0219586
1.71 0.0134596 -0.0483761 0.0453602 0.047315
1.72 0.00926223 -0.0235706 0.032031 0.0333433
1.73 0.000431509 -0.00504608 0.0389853 0.0389877
1.74 -0.00378612 0.0553129 0.0390636 0.0392467
1.75 0.0165736 -0.014249 0.0514379 0.054042
1.76 0.00495089 0.00998307 0.0134522 0.0143343
1.77 0.00876967 -0.0278288 0.0259659 0.0274068
1.78 0.0237885 0.0035865 0.0637776 0.0680696
1.79 -0.00380458 0.0732678 0.0586883 0.0588115
1.8 0.00731724 -0.00453527 0.0127467 0.0146976
1.81 0.0127961 -0.0438015 0.0577992 0.0591987
1.82 -0.00176856 -0.0974233 0.0388662 0.0389064
1.83 -0.000689169 0.0446975 0.0322705 0.0322779
1.84 0.00462448 0.0815566 0.0395474 0.0398169
1.85 0.000930271 0.0436646 0.0716419 0.0716479
1.86 -0.00269481 -0.0122744 0.0132806 0.0135513
1.87 -0.0034575 -0.020668 0.0388613 0.0390148
1.88 0.00918435 0.15055 0.0461329 0.0470383
1.89 0.00128823 0.0125534 0.0382789 0.0383006
1.9 -0.0100267 -0.0342495 0.0072157 0.0123532
1.91 0.00818506 0.0930253 0.045908 0.046632
1.92 -0.00662074 0.00801329 0.052406 0.0528225
1.93 0.00174345 -0.0417012 0.0392332 0.0392719
1.94 0.00579556 -0.0751573 0.0448989 0.0452714
1.95 0.0118154 0.019504 -0.0124775 0.0171841
1.96 -8.6653e-05 0.0402477 0.0518736 0.0518737
1.97 -0.00712864 0.00833723 0.0391139 0.0397582
1.98 0.0190078 -0.0162054 0.0251293 0.0315084
1.99 0.0093418 -0.0193522 0.0516683 0.0525061
2 -0.0178478 -0.0341413 0.0261469 0.0316576
2.01 0.00938139 -0.0238385 0.0516492 0.0524942
2.02 0.00417288 0.00617162 0.0318059 0.0320785
2.03 0.0112994 0.0151108 0.0389814 0.040586
2.04 0.00782913 0.03079 0.0322007 0.0331388
2.05 0.000206668 -0.0141333 0.00709735 0.00710035
2.06 -0.0106627 0.0284072 0.0395987 0.0410091
2.07 0.0117756 0.0106185 0.0192574 0.0225724
2.08 0.00570372 -0.0169682 0.0714777 0.0717049
2.09 -0.00335857 0.0372573 0.0655485 0.0656345
2.1 0.00370236 0.0419254 0.0584473 0.0585645
2.11 0.0122291 0.0232864 0.0196409 0.0231369
2.12 0.0123336 0.00593701 0.0450651 0.0467224
2.13 0.00117605 -0.00950793 0.0447093 0.0447248
2.14 0.00118134 0.0391919 0.0716608 0.0716705
2.15 0.00285367 -0.184919 0.0449129 0.0450035
2.16 0.00913199 -0.0144858 0.0777618 0.0782962
2.17 0.0131506 -0.0439406 0.0450707 0.0469501
2.18 -0.000409482 0.14749 0.0589916 0.058993
2.19 -0.00534532 -0.148614 0.0446501 0.0449689
2.2 -0.00283983 -0.0652087 -0.000150537 0.00284382
2.21 0.00933941 -0.0151058 0.0520284 0.05286
2.22 0.0124104 0.00121069 0.0453867 0.0470529
2.23 -0.002545 -0.0481283 0.0582784 0.058334
2.24 0.00909413 0.0074177 0.064388 0.065027
2.25 0.00457438 0.0150478 0.058444 0.0586228
2.26 -0.0127667 0.0388249 0.0324337 0.0348559
2.27 0.0116978 -0.0338384 0.0121758 0.0168845
2.28 -0.0167414 0.152709 0.0460706 0.0490181
2.29 0.00533187 -0.0879737 0.0571206 0.0573689
2.3 0.00035078 -0.00928494 0.044489 0.0444904
2.31 -0.00301671 -0.00278538 0.0577887 0.0578674
2.32 0.00866486 0.00805628 0.0512962 0.0520229
2.33 0.0079558 0.0215452 0.0712928 0.0717353
2.34 -0.00151328 -0.0532167 0.0909758 0.0909883
2.35 0.0164319 0.00334035 0.0256728 0.0304812
2.36 -0.0168607 -0.132787 0.0514043 0.0540988
2.37 -0.00331429 0.00163835 0.0711502 0.0712274
2.38 0.0124393 0.00586333 0.0582106 0.0595249
2.39 0.0162652 0.0258367 0.11588 0.117016
2.4 0.00759261 0.0974626 0.0399516 0.0406667
2.41 0.00730904 -0.0315503 0.00619105 0.00957869
2.42 -0.00225711 -0.0433924 0.0326239 0.0327019
2.43 -0.00676703 0.0351927 0.0580797 0.0584726
2.44 -0.00263867 -0.0655048 0.0387456 0.0388354
2.45 0.00874702 0.0214001 0.0388577 0.0398301
2.46 0.00730752 0.0311472 0.0386884 0.0393724
2.47 0.00940927 -0.0457293 0.0513745 0.052229
2.48 -0.00292491 0.0149346 0.0582444 0.0583178
2.49 -0.00271249 -0.0611015 0.0323624 0.0324759
2.5 0.00630483 -0.128911 0.0510709 0.0514586
2.51 -0.00655509 -0.00076523 0.0458949 0.0463607
2.52 0.000501949 -0.00910674 0.0262908 0.0262956
2.53 0.000298188 -0.0405759 0.0258096 0.0258114
2.54 0.0112842 0.0553627 0.0713471 0.0722339
2.55 0.00521759 -0.137535 0.0186193 0.0193366
2.56 0.00512914 -0.057049 0.0579366 0.0581632
2.57 0.00472138 0.0505444 0.0518388 0.0520533
2.58 -0.0130868 0.0297792 0.0261872 0.0292752
2.59 0.00113394 -0.0633098 0.0449057 0.04492
2.6 -0.0102689 -0.0430205 0.0514467 0.0524615
2.61 -0.000782702 0.129914 0.0517546 0.0517605
2.62 0.000404885 0.0085335 0.0457158 0.0457176
2.63 0.000351324 -0.0226168 0.0259245 0.0259269
2.64 -0.000435553 0.151782 0.0654834 0.0654849
2.65 0.0127846 -0.0478342 0.0258279 0.0288189
2.66 -0.00353516 0.0282004 0.0454236 0.0455609
2.67 0.0154138 0.0212647 0.0453799 0.0479263
2.68 0.00770244 0.052904 0.0652929 0.0657456
2.69 0.00841918 0.0305993 0.0385172 0.0394266
2.7 0.00114789 -0.0276731 0.0647156 0.0647258
2.71 0.00215827 0.123569 0.0455539 0.045605
2.72 0.0122982 -0.0340614 0.05728 0.0585853
2.73 0.0114869 0.127212 0.0581557 0.0592792
2.74 -0.0184267 0.00217035 0.0194489 0.0267918
2.75 0.000441871 0.0752168 0.0454852 0.0454873
2.76 0.00647988 0.0582563 0.0324896 0.0331295
2.77 0.00797059 0.0706952 0.05827 0.0588126
2.78 -0.0134721 0.0974116 0.0325748 0.0352507
2.79 0.0156563 0.101657 0.0780981 0.0796519
2.8 -0.00710829 -0.12999 0.0380811 0.0387389
2.81 0.0199411 -0.0207485 0.0381351 0.0430341
2.82 0.0118722 0.0276719 0.0327294 0.0348161
2.83 0.00421807 0.0327856 0.0649553 0.0650921
2.84 0.00449179 -0.0209162 0.0520824 0.0522757
2.85 0.0110468 0.162576 0.0391724 0.0407003
2.86 0.00787034 0.00854392 0.0646517 0.0651289
2.87 0.000803097 0.0393766 0.0905235 0.0905271
2.88 0.0315029 0.0167425 0.0513766 0.0602659
2.89 0.000155757 -0.027071 0.031999 0.0319994
2.9 -0.00829303 0.0361858 0.0516342 0.0522959
2.91 0.00495609 0.0146814 0.0324079 0.0327846
2.92 0.000824231 -0.0497479 0.0711079 0.0711126
2.93 0.0168075 -0.00596981 0.0388884 0.042365
2.94 -0.00876509 0.0896993 0.0458037 0.0466348
2.95 0.013132 -0.0167179 0.0900727 0.0910249
2.96 0.00371278 0.0648747 0.0132483 0.0137587
2.97 0.000409214 -0.0452192 0.0325343 0.0325368
2.98 0.0124461 0.0185498 0.0646515 0.0658386
2.99 0.00536256 0.0631107 0.0846451 0.0848148
3 0.0114398 0.131066 0.0909732 0.0916897
3.01 0.0150777 0.0353564 0.0575225 0.0594657
3.02 -0.0060908 -0.0681025 0.0648462 0.0651316
3.03 0.0111485 0.0108686 0.0639948 0.0649587
3.04 0.000192029 0.0487387 0.0582606 0.0582609
3.05 0.0118601 -0.00292377 0.0127975 0.0174482
3.06 0.0123221 -0.0207352 0.0194317 0.0230092
3.07 0.0111119 0.0376716 0.051614 0.0527966
3.08 0.00470181 -0.0964877 0.0311469 0.0314998
3.09 0.00402109 -0.0114033 0.0382549 0.0384656
3.1 0.0148393 0.151535 0.0780924 0.0794898
3.11 0.0133102 -0.0928371 0.0577883 0.0593013
3.12 0.0235936 0.0256954 0.057812 0.0624411
3.13 0.00766525 0.053144 0.064952 0.0654028
3.14 0.00370384 0.0243462 0.0395234 0.0396966
3.15 0.00735076 0.164923 0.0587112 0.0591696
3.16 -0.00302581 0.0688891 0.0708146 0.0708792
3.17 0.00386099 0.0599914 0.0203137 0.0206774
3.18 0.0088924 -0.00563861 0.0320696 0.0332797
3.19 -0.00212583 -0.0835893 0.0259404 0.0260273
3.2 0.0124653 -0.0210686 0.0580573 0.0593805
3.21 0.00867243 -0.000920736 0.0707676 0.071297
3.22 0.00726939 0.0980078 0.065144 0.0655483
3.23 0.00720019 -0.0313145 0.0253625 0.0263647
3.24 0.0159972 -0.0140912 0.0253405 0.0299675
3.25 4.74318e-05 0.00899554 0.0645058 0.0645058
3.26 0.00356602 0.0291972 0.0712457 0.0713349
3.27 0.00820482 -0.0718651 0.0569153 0.0575036
3.28 0.0135531 -0.0217317 0.0902709 0.0912827
3.29 0.00533006 -0.0571643 0.0454406 0.0457521
3.3 0.00815919 0.0171834 0.0584342 0.0590011
3.31 0.00427554 -0.00300798 0.0518886 0.0520645
3.32 0.0167256 0.016356 0.0909176 0.0924433
3.33 0.00382319 0.0336683 0.0320123 0.0322398
3.34 0.0204209 -0.0125535 0.0834207 0.0858838
3.35 0.0108241 0.0782153 0.0645914 0.0654921
3.36 0.00239322 0.0875252 0.0775152 0.0775521
3.37 0.00486434 -0.0431142 0.0768248 0.0769786
3.38 0.0119497 -0.0119288 0.0515468 0.0529138
3.39 0.0163814 0.00359387 0.0702509 0.0721356
3.4 0.0198954 0.0324494 0.0514579 0.0551701
3.41 0.0157174 0.00818797 0.0575538 0.0596614
3.42 0.00694351 0.0803404 0.0456433 0.0461685
3.43 0.0150382 0.0530535 0.0520763 0.0542042
3.44 0.00846805 -0.0231025 0.0705275 0.0710341
3.45 0.0108641 0.0642803 0.0905865 0.0912357
3.46 0.008122 0.0174234 0.0580934 0.0586584
3.47 0.00352276 -0.029326 -0.0395105 0.0396673
3.48 0.015143 0.0661311 -0.355341 0.355663
3.49 -0.00922844 -0.0561706 -0.853872 0.853922
3.5 -0.0215947 0.121624 -1.07433 1.07454
3.51 0.034507 -0.0597094 -1.05202 1.05259
3.52 0.0683764 -0.0496572 -0.860574 0.863286
3.53 0.0569363 -0.0520691 -0.820667 0.82264
3.54 0.00112659 -0.101958 -1.04383 1.04383
3.55 -0.0428398 -0.064861 -1.46795 1.46858
3.56 -0.0405522 -0.119663 -1.7976 1.79806
3.57 -0.0445023 -0.0176576 -1.931 1.93151
3.58 -0.0115402 0.0630273 -2.26079 2.26082
3.59 -0.0373472 -0.149737 -2.66216 2.66242
3.6 -0.0526971 -0.0955727 -2.98473 2.98519
3.61 -0.0204346 -0.0354096 -3.1778 3.17786
3.62 0.0413595 -0.0698683 -3.08113 3.0814
3.63 0.0782132 -0.0257939 -3.51289 3.51376
3.64 0.0440611 -0.0115259 -3.8216 3.82186
3.65 0.0371107 -0.19801 -4.07557 4.07573
3.66 0.0808 -0.0951848 -4.33475 4.33551
3.67 0.151734 -0.273196 -4.48796 4.49052
3.68 0.242466 -0.128203 -4.69256 4.69882
3.69 0.316662 -0.245394 -4.92529 4.93546
3.7 0.382019 -0.267487 -5.13705 5.15124
3.71 0.403694 -0.365443 -5.37186 5.38701
3.72 0.434332 -0.303744 -5.64964 5.66631
3.73 0.432502 -0.36488 -5.87573 5.89162
3.74 0.432796 -0.427422 -6.17299 6.18814
3.75 0.445661 -0.457535 -6.39304 6.40856
3.76 0.452383 -0.399493 -6.43239 6.44828
3.77 0.498778 -0.467816 -6.50043 6.51954
3.78 0.543685 -0.473013 -6.54814 6.57067
3.79 0.556153 -0.50338 -6.78158 6.80435
3.8 0.579632 -0.513884 -7.02667 7.05054
3.81 0.555538 -0.557872 -7.23359 7.25489
3.82 0.593579 -0.44767 -7.428 7.45168
3.83 0.608204 -0.661431 -7.57296 7.59734
3.84 0.617381 -0.6409 -7.65203 7.67689
3.85 0.661086 -0.520578 -7.73101 7.75922
3.86 0.6705 -0.455284 -7.80866 7.83739
3.87 0.694021 -0.616336 -7.99714 8.02719
3.88 0.687664 -0.639401 -8.18514 8.21398
3.89 0.718854 -0.667114 -8.3423 8.37322
3.9 0.754139 -0.746726 -8.4226 8.45629
3.91 0.781755 -0.737867 -8.48974 8.52566
3.92 0.822111 -0.892517 -8.66119 8.70012
3.93 0.863995 -0.753107 -8.85092 8.89299
3.94 0.906169 -0.904317 -9.07278 9.11792
3.95 0.916711 -0.959956 -9.17693 9.2226
3.96 0.95276 -0.817406 -9.15114 9.20061
3.97 0.970298 -0.832864 -9.06149 9.11329
3.98 0.968307 -0.773822 -9.08713 9.13857
3.99 0.961431 -0.902838 -9.20437 9.25445
4 0.965979 -0.962978 -9.49624 9.54525
4.01 0.998605 -0.956133 -9.61404 9.66576
4.02 1.03631 -0.90782 -9.72353 9.7786
4.03 1.0424 -0.938668 -9.64526 9.70142
4.04 1.00907 -0.927165 -9.51477 9.56812
4.05 0.982391 -0.843477 -9.3526 9.40406
4.06 0.892841 -0.792578 -9.3118 9.35451
4.07 0.880172 -0.869771 -9.60357 9.64382
4.08 0.987187 -1.19905 -9.85022 9.89956
4.09 1.11193 -1.19206 -10.11 10.171
4.1 1.19106 -1.16085 -10.0898 10.1598
4.11 1.27278 -1.17075 -10.1121 10.1918
4.12 1.2712 -1.26828 -10.0993 10.179
4.13 1.29287 -1.14441 -9.75498 9.84028
4.14 1.12129 -0.793939 -7.4509 7.5348
4.15 0.984288 -0.719528 -6.71475 6.7865
4.16 0.633076 -0.342674 -6.13782 6.17039
4.17 0.57622 -0.136002 -10.197 10.2133
4.18 0.402185 -0.713585 -13.5739 13.5799
4.19 1.21377 -0.853803 -11.1468 11.2126
4.2 1.79511 -1.21233 -7.5249 7.73605
4.21 1.96034 -1.33037 -5.85175 6.17138
4.22 1.76459 -1.14152 -5.16813 5.46107
4.23 1.37345 -0.806314 -5.4381 5.60886
4.24 1.04865 -0.800366 -5.6632 5.75947
4.25 0.937836 -0.460793 -5.08397 5.16974
4.26 0.954007 -0.269283 -4.23887 4.3449
4.27 1.0016 -0.35789 -3.7403 3.87208
4.28 0.898914 -0.441917 -3.52006 3.63303
4.29 0.765025 -0.457207 -3.57617 3.65708
4.3 0.629515 -0.591236 -3.43995 3.49707
4.31 0.572931 -0.533891 -3.24983 3.29995
4.32 0.616457 -0.423099 -2.97893 3.04204
4.33 0.643789 -0.365455 -2.83335 2.90557
4.34 0.676077 -0.491736 -2.7791 2.86015
4.35 0.649816 -0.435992 -2.71381 2.79053
4.36 0.664419 -0.436132 -2.51813 2.60431
4.37 0.692435 -0.440956 -2.10377 2.2148
4.38 0.679027 -0.344646 -1.74646 1.87382
4.39 0.638789 -0.133131 -1.4523 1.58658
4.4 0.562562 -0.28157 -1.2244 1.34745
4.41 0.472758 -0.213138 -0.871568 0.99153
4.42 0.428745 -0.159087 -0.569155 0.712573
4.43 0.406278 0.0193981 -0.202064 0.453753
4.44 0.372696 0.235126 0.217464 0.431501
4.45 0.27813 0.124556 0.331131 0.432439
4.46 0.180315 0.0914217 0.300924 0.350811
4.47 0.0602838 0.00651748 0.100992 0.117616
4.48 0.0231672 0.035098 0.11543 0.117732
4.49 -0.0151455 0.0224254 0.0657113 0.0674341
4.5 0.00226529 0.0700657 0.0515794 0.0516291
4.51 0.0171124 -0.0951159 0.0502807 0.0531129
4.52 0.0151726 0.0444216 0.0835111 0.0848782
4.53 0.0235239 -0.0143861 0.063627 0.0678364
4.54 0.016108 -0.0321064 0.0637834 0.0657859
4.55 0.0141932 0.15673 0.0713841 0.0727814
4.56 -0.00430953 0.0250421 0.0644096 0.0645536
4.57 0.00772369 -0.0266306 0.0187504 0.0202788
4.58 0.0152654 -0.0671774 0.0246731 0.0290137
4.59 0.0109766 0.0290084 0.0575984 0.0586349
4.6 0.0021736 0.105776 0.0582437 0.0582843
4.61 -0.000219974 0.00471787 0.0386979 0.0386985
4.62 0.00778386 -0.0761191 0.0313404 0.0322926
4.63 0.0178998 0.0290985 0.0830927 0.0849988
4.64 0.0125793 -0.016606 0.0578441 0.0591961
4.65 0.0103904 0.087327 0.0773583 0.078053
4.66 0.00360074 0.0199929 0.0774119 0.0774956
4.67 0.0119051 0.0197472 0.0767901 0.0777075
4.68 -0.000564747 0.0717676 0.0645065 0.064509
4.69 -0.00711714 -0.0452857 0.0970364 0.0972971
4.7 0.00335623 -0.0333527 0.0124567 0.0129009
4.71 0.000511668 -0.0447892 0.000349142 0.000619438
4.72 0.00790415 -0.0045641 0.0513776 0.0519821
4.73 -0.00322589 -0.0337295 0.0454064 0.0455208
4.74 0.00853293 -0.0453944 0.0968467 0.0972218
4.75 0.00189887 0.0299994 0.0966439 0.0966625
4.76 0.005208 -0.181987 0.0505978 0.0508651
4.77 0.0223669 0.0751906 0.0904582 0.0931825
4.78 -0.00274453 -0.136458 0.0832671 0.0833123
4.79 0.0113407 0.0729792 0.090539 0.0912465
4.8 0.00533287 0.192265 0.052484 0.0527542
4.81 -0.0127042 0.079371 0.0901357 0.0910266
4.82 -0.0120736 0.0294349 0.0839721 0.0848356
4.83 0.0163519 -0.0947062 0.096294 0.0976725
4.84 -0.00106782 0.0673805 0.0459041 0.0459166
4.85 0.00214358 0.0838478 0.0576985 0.0577383
4.86 0.00780428 0.00413129 0.0514869 0.052075
4.87 0.00318952 0.0600099 0.0712526 0.0713239
4.88 -0.00369105 -0.0157559 0.0710891 0.0711848
4.89 -0.000167298 -0.0267065 0.108586 0.108586
4.9 0.0187333 0.0334119 0.0699567 0.0724215
4.91 0.00166471 0.0795565 0.0318531 0.0318966
4.92 -0.0107583 -0.0157139 0.0834999 0.0841901
4.93 0.000359504 -0.0182415 0.0388194 0.038821
4.94 0.00354701 -0.0113185 0.0838742 0.0839491
4.95 -0.000861803 0.0361131 0.0641677 0.0641735
4.96 -0.00541393 0.106015 0.103396 0.103538
4.97 0.00470832 -0.00693638 0.0964535 0.0965683
4.98 0.00738588 0.01809 0.0706069 0.0709922
4.99 0.00633406 0.049464 0.0259404 0.0267026
5 -0.00322173 -0.0782142 0.0576014 0.0576914
5.01 0.0138439 0.0364953 0.044137 0.0462572
5.02 0.0152748 -0.00058886 0.0902566 0.09154
5.03 0.00473612 0.0193993 0.0711058 0.0712633
5.04 -0.0140418 0.0846885 0.00650921 0.0154771
5.05 0.00170151 -0.103835 0.071024 0.0710444
5.06 -0.00117491 0.00473818 0.0839704 0.0839787
5.07 0.00572318 0.0812851 0.038733 0.0391535
5.08 0.0130633 -0.0167034 0.0258764 0.0289869
5.09 0.00409772 0.0866441 0.0262043 0.0265227
5.1 0.00899872 -0.0405867 0.063711 0.0643434
5.11 0.00428035 0.0111389 0.0448294 0.0450333
5.12 0.00427258 0.019613 0.129259 0.129329
5.13 0.00844123 -0.0228947 0.108974 0.1093
5.14 -0.00255729 -0.078885 0.0646001 0.0646507
5.15 0.00397592 -0.00250849 0.0709517 0.071063
5.16 -0.0222944 -0.102757 0.0513057 0.0559403
5.17 0.0038306 0.0245302 0.0777373 0.0778316
5.18 -0.00426347 0.0651694 0.0647271 0.0648673
5.19 0.0129844 0.0147284 0.0709678 0.0721459
5.2 0.00911725 0.0166594 0.0584948 0.0592011
5.21 -0.00643349 -0.0811886 0.0381186 0.0386577
5.22 -0.00312009 -0.0562818 0.0386375 0.0387633
5.23 0.00993173 0.163467 0.0202666 0.0225693
5.24 -0.00677933 -0.0900061 0.0451799 0.0456857
5.25 0.0181 0.118405 0.0648016 0.067282
5.26 -0.001402 0.0546057 0.0388866 0.0389118
5.27 -0.00410871 0.105061 0.0458774 0.046061
5.28 0.0032471 0.0694958 0.0455057 0.0456214
5.29 -0.0156045 0.0185521 0.0386806 0.0417096
5.3 0.0112621 0.0153508 0.0386399 0.0402477
5.31 0.0013566 -0.0139646 0.0390994 0.039123
5.32 2.5467e-06 -0.00442709 0.051034 0.051034
5.33 -0.00846753 0.0852756 0.0324415 0.0335283
5.34 0.0146245 0.106746 0.0454038 0.047701
5.35 0.00790942 -0.0317733 0.0512977 0.0519039
5.36 -0.00801276 0.152331 0.0717781 0.0722239
5.37 0.000715794 -0.0359793 0.0323074 0.0323154
5.38 -0.0183502 0.00655069 0.0714008 0.0737211
5.39 0.00539136 -0.0348299 0.0584497 0.0586978
5.4 -0.000346063 0.0401841 0.0652135 0.0652144
5.41 -0.000687945 0.0137466 0.0450649 0.0450702
5.42 -0.00713321 -0.0538752 0.0449926 0.0455545
5.43 -0.00356104 0.0201165 0.0651846 0.0652818
5.44 0.0118787 0.0240589 0.0581409 0.0593419
5.45 0.0119122 -0.0118498 0.0774615 0.0783721
5.46 -0.00364486 0.0151034 0.0460286 0.0461727
5.47 0.0118926 -0.0561082 0.0443943 0.0459596
5.48 0.00698764 0.0672001 0.0711595 0.0715018
5.49 0.00901002 -0.0231626 0.0388279 0.0398596
5.5 0.0137091 0.0545758 -0.0133127 0.0191093
5.51 -0.0150852 -0.0803323 0.0449277 0.0473927
5.52 -0.0146393 -0.0267799 0.044876 0.0472035
5.53 -0.000227684 0.106698 0.0853745 0.0853748
5.54 0.0118103 0.0465324 0.0389977 0.0407468
5.55 -3.51537e-05 -0.00432866 0.0518051 0.0518051
5.56 0.00141281 -0.0414468 0.0195769 0.0196278
5.57 -0.0197194 0.0923712 0.0525038 0.0560848
5.58 0.00442218 -0.038358 0.0515564 0.0517457
5.59 0.00370428 0.0469663 0.0583235 0.058441
5.6 0.00458054 -0.0336638 0.0451404 0.0453723
5.61 0.0116963 0.0288591 0.0446731 0.0461789
5.62 -0.00397089 0.00670395 0.0519052 0.0520569
5.63 0.000719799 0.0128808 0.0330066 0.0330144
5.64 0.00293655 0.0340356 0.0386949 0.0388061
5.65 0.0110452 0.0199067 0.0450258 0.0463608
5.66 0.00266625 0.123245 0.0588441 0.0589045
5.67 -0.00678562 0.00382385 0.0720587 0.0723775
5.68 -0.0143332 -0.0401601 0.0258491 0.029557
5.69 -0.0146452 -0.0355627 0.0578748 0.059699
5.7 -0.0116227 0.194583 0.00827093 0.0142652
5.71 -0.00180824 0.0995018 0.000291428 0.00183157
5.72 -0.00329052 0.0242322 0.0586774 0.0587696
5.73 0.00444208 0.00606146 0.0583675 0.0585363
5.74 0.00791565 0.0221082 0.0770135 0.0774192
5.75 -0.00745703 0.0268239 0.039012 0.0397183
5.76 -0.0148453 -0.0179911 0.00669994 0.0162871
5.77 -0.00758853 -0.0130939 0.0265906 0.0276523
5.78 -0.00152038 0.152122 0.027209 0.0272514
5.79 0.00306066 0.0160069 0.0322157 0.0323608
5.8 0.00737657 0.0446656 0.0449159 0.0455176
5.81 0.00128484 -0.00974366 0.0255404 0.0255727
5.82 -0.0038901 0.0602666 0.0520497 0.0521949
5.83 0.00157739 -0.085806 0.0775032 0.0775192
5.84 -0.00879753 0.0720175 0.0456179 0.0464584
5.85 -0.00821139 0.0361774 0.0457705 0.0465012
5.86 -0.00040123 0.0490914 0.0842611 0.0842621
5.87 -0.00518187 -0.193588 -0.00690126 0.00863014
5.88 -0.00377969 0.0422711 0.0653509 0.0654601
5.89 0.0127956 -0.0477249 0.0635007 0.064777
5.9 -0.00387241 0.0287983 0.0652552 0.06537
5.91 0.000176115 0.0531794 0.052148 0.0521483
5.92 0.00349772 0.0291922 0.0321874 0.0323769
5.93 0.0124665 0.00563596 0.0449029 0.0466014
5.94 0.00289051 -0.00609176 0.0383781 0.0384868
5.95 0.0161777 0.00797512 0.0579684 0.0601835
5.96 -0.00809536 0.116367 0.0654165 0.0659155
5.97 0.00345712 -0.00229393 0.0199838 0.0202806
5.98 -0.00825917 0.0136487 0.039234 0.0400939
5.99 -0.005531 0.0701485 0.0392402 0.0396281
6 0.000567405 -0.0538968 0.0578347 0.0578375
6.01 0.00489366 -0.0117178 0.0262146 0.0266675
6.02 -0.00841784 0.120996 0.0586543 0.0592553
6.03 0.0128561 0.0546021 0.0715898 0.072735
6.04 0.00205958 -0.0815156 0.0447811 0.0448285
6.05 -0.00460845 0.10976 0.0454795 0.0457124
6.06 -0.00842822 0.0407333 0.0521539 0.0528305
6.07 -0.011642 -0.015328 0.00647333 0.0133207
6.08 -2.19201e-05 0.0529716 0.058585 0.058585
6.09 0.000159417 0.124402 0.0465783 0.0465785
6.1 -0.0124941 0.0610118 0.0717345 0.0728144
6.11 -0.00688275 0.000102193 0.0771488 0.0774552
6.12 0.00124494 -0.067953 0.0516297 0.0516447
6.13 0.00786857 0.0487823 0.052096 0.0526868
6.14 0.00274304 0.127948 0.0582894 0.0583539
6.15 -0.0198021 -0.0593967 0.0125857 0.0234632
6.16 -0.0115527 0.0159063 0.0326664 0.034649
6.17 -0.00176894 0.0722146 0.0328662 0.0329138
6.18 0.000579502 -0.0938257 0.0315324 0.0315377
6.19 0.00320187 0.033453 0.013232 0.0136139
6.2 0.00732584 0.0356709 0.0389781 0.0396606
6.21 0.00876369 -0.0592513 0.0453032 0.046143
6.22 -0.00287815 0.00149092 0.052558 0.0526368
6.23 0.00460539 -0.00700497 0.0258542 0.0262612
6.24 -0.00192966 0.103836 0.0324273 0.0324847
6.25 0.00117592 -0.0720426 0.0445265 0.044542
6.26 -0.00334491 -0.136235 0.0381604 0.0383067
6.27 0.0115238 0.0110068 0.051193 0.052474
6.28 -0.00967566 -0.172831 0.0258374 0.0275896
6.29 -0.00764916 0.0805171 0.0460237 0.046655
6.3 0.0150665 0.0443539 0.0714774 0.0730481
6.31 0.00836448 -0.00461586 0.0255417 0.0268765
6.32 0.0155793 0.0356982 0.0577958 0.0598588
6.33 0.00566255 -0.0655884 0.0704383 0.0706656
6.34 -0.00849342 0.0853427 0.0720028 0.072502
6.35 0.00729936 0.0267718 0.0257942 0.0268071
6.36 0.00580893 -0.0528729 0.071286 0.0715223
6.37 0.000980415 0.0393071 0.0841568 0.0841625
6.38 0.0074942 -0.0406164 0.0444393 0.0450667
6.39 -0.00121323 0.152075 0.0267441 0.0267716
6.4 0.00417368 -0.0247598 0.019461 0.0199035
6.41 0.0127016 0.00560376 0.0388093 0.0408349
6.42 0.0045006 0.0420908 0.0457223 0.0459433
6.43 0.0130134 -0.0351663 0.0710915 0.0722728
6.44 0.00128536 0.146543 0.0261176 0.0261492
6.45 0.00800718 -0.0134216 0.0189545 0.0205764
6.46 -0.00384976 -0.0204305 0.0523633 0.0525047
6.47 0.00062051 -0.0453667 0.0588253 0.0588286
6.48 0.00532832 -0.00749691 0.0320092 0.0324496
6.49 0.00439926 -0.0115881 0.0193946 0.0198873
6.5 0.0109024 0.0202204 0.0315394 0.0333706
6.51 -0.000442326 0.116617 0.03913 0.0391325
6.52 -0.00779405 0.147431 0.0844717 0.0848305
6.53 -0.0025372 -0.0343045 0.0451583 0.0452295
6.54 0.0122282 0.0416806 0.0715097 0.0725477
6.55 0.00501196 -0.0610078 0.0128192 0.0137641
6.56 0.00780742 0.0262672 0.0904809 0.0908171
6.57 -0.00358739 -0.0112611 0.0320856 0.0322855
6.58 0.0124707 -0.0029983 0.0452972 0.0469825
6.59 -0.00906101 0.125868 0.0458838 0.04677
6.6 0.0244178 -0.00107105 0.0449362 0.0511419
6.61 0.00289696 0.0385219 0.0387141 0.0388223
6.62 -0.01514 -0.0354134 0.0259161 0.0300144
6.63 0.000411187 -0.0626568 0.0124978 0.0125046
6.64 0.00544051 -0.0657309 0.0578661 0.0581213
6.65 0.0152632 0.0528729 0.0585871 0.0605426
6.66 0.00657158 0.0225458 0.0258253 0.0266483
6.67 -0.0108704 -0.0160716 0.0266176 0.0287518
6.68 -0.00262276 -0.0567346 0.0393954 0.0394826
6.69 6.79159e-05 0.0667673 0.0647397 0.0647398
6.7 0.0114248 0.0462458 0.0644033 0.0654088
6.71 -0.0190459 0.00681525 0.0519388 0.0553207
6.72 -0.008583 0.071708 0.0395926 0.0405122
6.73 -0.00759768 0.013301 0.0522943 0.0528433
6.74 0.00310306 0.0336761 0.0460494 0.0461539
6.75 -0.00697084 -0.000320869 0.0392758 0.0398896
6.76 -0.00325909 0.0153706 0.045764 0.0458799
6.77 0.000585122 0.0175698 0.0324144 0.0324197
6.78 -0.0029866 -0.00738012 0.0200968 0.0203175
6.79 -0.003728 -0.00214407 0.0390293 0.039207
6.8 0.000994225 0.0218552 0.0192021 0.0192278
6.81 0.00715117 0.0448658 0.0132665 0.0150712
6.82 -0.0172502 -0.145902 0.0129161 0.0215498
6.83 0.00746546 1.04215e-05 0.0189358 0.0203543
6.84 0.00810948 0.044161 0.0647193 0.0652254
6.85 -0.00469537 0.127549 0.0522995 0.0525099
6.86 0.00453098 -0.015954 0.0260483 0.0264394
6.87 -0.00631875 -0.0675989 0.064397 0.0647062
6.88 -0.00204416 -0.0569136 0.0320633 0.0321284
6.89 0.00413314 0.0331366 0.0517395 0.0519043
6.9 0.00474786 0.0594435 0.0650227 0.0651958
6.91 0.00413732 0.0018626 0.0584723 0.0586185
6.92 0.00868219 -0.000752675 0.0330245 0.0341467
6.93 -0.00361359 0.0155096 0.0584925 0.058604
6.94 -0.00879731 -0.0977815 0.0778714 0.0783667
6.95 0.00782477 0.0619031 0.0517208 0.0523094
6.96 -0.00562689 -0.0324854 0.0200331 0.0208083
6.97 -0.00112671 0.0407997 0.032535 0.0325545
6.98 0.0088817 0.0167111 0.0394499 0.0404374
6.99 -0.00793824 0.129372 0.0525453 0.0531416
7 -0.00371023 0.0689807 0.0912541 0.0913295
7.01 -0.00676236 -0.0226239 0.051714 0.0521542
