0 0.0144363 0.192386 -0.0373941 0.040084
0.01 0.0314072 0.288421 -0.0245824 0.0398837
0.02 0.0239482 0.248947 -0.00630534 0.0247644
0.03 0.0065904 0.152625 0.00628611 0.00910761
0.04 0.0249043 0.185907 -0.0315662 0.0402075
0.05 0.00746621 0.0267346 -0.0193578 0.0207477
0.06 0.0182063 0.185455 0.00084242 0.0182258
0.07 0.0178316 0.167879 -0.00639527 0.0189438
0.08 0.010758 0.0420758 -0.0190067 0.0218401
0.09 0.0145265 0.236628 0.00129937 0.0145845
0.1 0.0213165 0.161455 -0.0191563 0.0286593
0.11 0.017032 0.203888 0.000587411 0.0170421
0.12 0.025073 0.167929 0.00714417 0.0260709
0.13 0.00839281 0.320675 -0.00508273 0.0098119
0.14 0.0243789 0.230729 -0.012135 0.0272321
0.15 0.00721217 0.102397 -0.0447262 0.0453039
0.16 0.0160085 0.249202 -0.0310165 0.0349041
0.17 0.0170688 0.190457 -0.0187475 0.0253538
0.18 0.0192359 0.2518 -0.0122363 0.0227979
0.19 0.0257352 0.171666 -0.01175 0.0282907
0.2 0.0131207 0.170732 -0.0123262 0.0180025
0.21 0.032995 0.212353 0.0131877 0.0355329
0.22 0.0200891 0.197778 -0.0313269 0.0372149
0.23 0.0126485 0.233514 0.00721986 0.014564
0.24 0.0138639 0.147898 -0.0250423 0.0286238
0.25 0.0305152 0.133168 -0.0314902 0.0438498
0.26 0.0133828 0.202219 0.0135641 0.0190548
0.27 0.0140493 0.152204 -0.0185123 0.0232398
0.28 0.0289978 0.22353 0.0201925 0.0353357
0.29 0.0150298 0.0356483 -0.00674783 0.016475
0.3 0.0102461 0.163891 0.0132582 0.0167559
0.31 0.0205556 0.206329 -0.01877 0.027836
0.32 0.0312475 0.0258052 0.03264 0.045186
0.33 0.0334181 0.180473 -0.00577483 0.0339134
0.34 0.0211533 0.187893 -0.0183594 0.0280095
0.35 0.0210921 0.188198 -0.0377071 0.0432053
0.36 0.0134253 0.19741 0.00748336 0.0153701
0.37 0.0165018 0.164039 -0.0191557 0.0252834
0.38 0.0257203 0.212079 -0.00563976 0.0263314
0.39 0.0260309 0.176673 0.0325827 0.0417042
0.4 0.0202803 0.220135 -0.0124185 0.0237804
0.41 0.0191137 0.242962 -0.0249173 0.0314039
0.42 0.0107981 0.198653 0.0269915 0.0290713
0.43 0.0256165 0.194554 -0.0125688 0.0285338
0.44 0.00979418 0.0566179 -0.0386607 0.039882
0.45 0.00576744 0.161651 0.0264941 0.0271146
0.46 0.00823152 0.267141 -0.0245045 0.0258501
0.47 0.027514 0.349191 -0.0178634 0.0328042
0.48 0.0175511 0.176986 -0.0189994 0.0258654
0.49 0.0224552 0.12046 -0.0452187 0.0504873
0.5 0.0142956 0.156223 -0.0177727 0.0228086
0.51 0.0108645 0.123093 0.0199376 0.0227057
0.52 0.023395 0.37415 -0.00473939 0.0238703
0.53 0.0089121 0.204535 -0.011698 0.0147061
0.54 0.0118205 0.224792 -0.0123186 0.0170726
0.55 0.0267032 0.157918 0.00742194 0.0277155
0.56 0.01335 0.188602 0.00656302 0.0148761
0.57 0.0168162 0.280266 0.00739233 0.0183693
0.58 0.00910962 0.168912 -0.0314697 0.0327617
0.59 0.0204656 0.201801 0.000450007 0.0204706
0.6 0.0155161 0.222465 -0.056996 0.0590702
0.61 0.00250681 0.0923492 -0.0254849 0.0256079
0.62 0.0160568 0.262443 -0.0247187 0.029476
0.63 0.0168061 0.21742 -0.0125005 0.0209454
0.64 0.0128709 0.215121 -0.0309624 0.033531
0.65 0.032151 0.185432 -0.00612554 0.0327294
0.66 0.0231912 0.374588 0.0138182 0.0269958
0.67 0.0182412 0.0426867 0.00591974 0.0191777
0.68 0.0167103 0.177586 -0.0185189 0.0249437
0.69 0.0240994 0.173216 -0.051535 0.0568914
0.7 0.0364296 0.330316 -0.0116013 0.0382323
0.71 0.0241103 0.163896 -0.0129865 0.0273853
0.72 0.00195418 0.195054 -0.0186948 0.0187966
0.73 0.0157992 0.23157 0.00030115 0.0158021
0.74 0.0281225 0.22811 0.00745483 0.0290938
0.75 0.00389274 0.194386 -0.0379549 0.038154
0.76 0.0136513 0.12118 -0.011926 0.018127
0.77 0.013245 0.215238 -0.0186225 0.0228523
0.78 0.0188586 0.131549 -0.00575217 0.0197164
0.79 0.0120722 0.246882 -0.0243397 0.0271691
0.8 0.0170716 0.189972 0.00144455 0.0171326
0.81 0.0199297 0.246494 0.00734703 0.0212408
0.82 0.0020722 0.177511 0.0132021 0.0133637
0.83 0.020709 0.228784 0.000911972 0.0207291
0.84 0.0026677 0.0608894 -0.051299 0.0513683
0.85 0.0286285 0.152221 -0.0253653 0.038249
0.86 0.0163126 0.276 0.0128173 0.0207457
0.87 0.037806 0.119734 -0.0319274 0.0494838
0.88 0.0164863 0.20431 -0.0119311 0.0203507
0.89 0.0171409 0.266187 -0.0183981 0.0251456
0.9 0.0154855 0.267138 -0.0056068 0.0164693
0.91 0.0017286 0.181883 -0.0186283 0.0187084
0.92 0.0224957 0.490818 0.00165907 0.0225568
0.93 0.0296475 0.16084 -0.0319714 0.0436021
0.94 0.0101025 0.172395 -0.0307083 0.0323273
0.95 0.0204086 0.170832 -0.0121648 0.023759
0.96 0.017745 0.158964 0.0135797 0.0223449
0.97 0.0209867 0.210731 -0.0057996 0.0217733
0.98 0.0120189 0.238191 0.000922613 0.0120542
0.99 0.0225707 0.137792 0.0267504 0.0350003
1 0.0121374 0.224913 -0.0505265 0.0519639
1.01 0.0174412 0.15901 -0.0445235 0.0478177
1.02 0.022708 0.129018 0.000729583 0.0227197
1.03 0.0106284 0.0247791 -0.012628 0.0165054
1.04 0.0272872 0.296104 0.000820269 0.0272995
1.05 0.0176989 0.198971 0.00722612 0.0191172
1.06 0.0172779 0.194717 -0.0183494 0.0252037
1.07 0.0241979 0.275264 0.00717281 0.0252386
1.08 0.021403 0.223639 -0.005757 0.0221638
1.09 0.0231616 0.231351 -0.0251087 0.03416
1.1 0.0259027 0.184639 0.0141659 0.0295233
1.11 0.0134805 0.215187 0.000422364 0.0134872
1.12 0.0127943 0.139713 -0.0252497 0.0283062
1.13 0.0135122 0.156982 0.00700192 0.0152187
1.14 0.0154768 0.24941 -0.0119238 0.0195373
1.15 0.0281147 0.246355 0.0133601 0.0311276
1.16 0.0160532 0.298577 0.0198186 0.0255046
1.17 0.0178295 0.145422 0.0071198 0.0191985
1.18 0.00556043 0.183955 0.0140559 0.0151158
1.19 0.0218386 0.187661 -0.0376846 0.0435552
1.2 0.0141908 0.192109 0.00755757 0.0160778
1.21 0.0301979 0.142496 -0.0192966 0.0358367
1.22 0.0152552 0.374481 0.0333233 0.0366492
1.23 0.0211962 0.214971 0.0197378 0.028963
1.24 0.0211981 0.188105 0.000577058 0.021206
1.25 0.0245821 0.30616 0.0466198 0.0527037
1.26 0.0245343 0.213107 -0.00615024 0.0252934
1.27 0.0236687 0.307238 -0.0121495 0.0266049
1.28 0.0201355 0.260526 -0.0122076 0.023547
1.29 0.0130748 0.153245 -0.018984 0.0230509
1.3 0.0209626 0.29075 0.0205515 0.0293563
1.31 0.0161501 0.289268 -0.0312002 0.0351323
1.32 0.0217486 0.192401 0.00691333 0.0228209
1.33 0.0169366 0.244005 -0.0186412 0.0251862
1.34 0.00877159 0.168534 -0.0183301 0.0203208
1.35 0.0101623 0.158878 -0.00589719 0.0117494
1.36 0.0199789 0.215593 0.00676343 0.0210926
1.37 0.0282408 0.2241 -0.0186177 0.0338255
1.38 0.0131068 0.22826 0.00775893 0.0152312
1.39 0.0403799 0.172173 0.000262607 0.0403807
1.4 0.00928974 0.195043 -0.00565834 0.0108773
1.41 0.0242022 0.244151 -0.0123479 0.0271702
1.42 0.00560448 0.18825 0.00103797 0.00569979
1.43 0.0168383 0.195046 0.00741624 0.0183991
1.44 0.0183575 0.189678 0.000970016 0.0183831
1.45 0.0369473 0.223443 0.00716067 0.0376348
1.46 0.0313582 0.257884 0.00653707 0.0320323
1.47 0.0246347 0.208335 -0.0119604 0.0273847
1.48 0.0242179 0.159596 -0.0253396 0.0350514
1.49 -0.00581367 0.163959 -0.0315473 0.0320785
1.5 0.0171779 0.23532 0.000798022 0.0171964
1.51 0.0261473 0.16746 0.0328851 0.0420132
1.52 0.0332713 0.145137 -0.0254232 0.0418726
1.53 0.00630261 0.206379 0.0138014 0.0151724
1.54 0.0376182 0.142314 -0.0444365 0.0582214
1.55 0.0216919 0.138773 0.0257757 0.0336886
1.56 0.0195824 0.224465 0.0198711 0.0278986
1.57 0.0240783 0.159406 0.00650407 0.0249413
1.58 0.0221763 0.129227 0.0198223 0.0297441
1.59 0.00942269 0.168219 -0.0440576 0.045054
1.6 0.0161528 0.298052 0.0143691 0.0216191
1.61 0.0194175 0.220617 -0.0381207 0.0427811
1.62 0.0243044 0.128616 -0.0518359 0.0572509
1.63 0.0290883 0.21877 0.00073386 0.0290975
1.64 0.0265343 0.162524 0.000427402 0.0265378
1.65 0.0134709 0.201706 -0.00553458 0.0145635
1.66 0.0183212 0.0912287 -0.0189524 0.0263602
1.67 0.0202247 0.206422 -0.0121734 0.0236057
1.68 0.00730302 0.325565 -0.011797 0.0138746
1.69 0.0014662 0.159502 0.00711156 0.00726114
1.7 0.0139831 0.219432 0.0201366 0.0245155
1.71 -0.000598384 0.00508343 0.00616599 0.00619496
1.72 0.0213615 0.214933 -0.0254142 0.0331994
1.73 0.0181051 0.176714 0.0394827 0.043436
1.74 0.00982664 0.252802 0.0275783 0.0292767
1.75 0.00610034 0.188121 0.00785741 0.00994751
1.76 0.00995957 0.199231 -0.00595685 0.011605
1.77 0.0329627 0.185403 -0.0123754 0.0352093
1.78 0.0280075 0.206533 -0.00630683 0.0287088
1.79 0.0173064 0.256703 0.0210323 0.0272373
1.8 0.025582 0.078506 -0.026274 0.036671
1.81 0.0139029 0.201862 0.0070758 0.0155999
1.82 0.0180165 0.10967 -0.0251867 0.0309672
1.83 0.0130901 0.206318 -0.0377058 0.0399134
1.84 0.0171449 0.0565741 -0.0454045 0.0485337
1.85 0.0256216 0.167184 0.0136018 0.0290082
1.86 0.0250839 0.158951 -0.0319519 0.0406217
1.87 0.00439351 0.367986 0.0464601 0.0466674
1.88 0.0175234 0.181441 0.0198075 0.0264463
1.89 0.0182843 0.127138 0.020297 0.0273182
1.9 0.0133448 0.183903 -0.0123927 0.0182116
1.91 0.0241832 0.248754 0.0138539 0.0278704
1.92 0.00886853 0.641864 -0.00980766 0.0132227
1.93 0.0128492 0.220027 0.0264396 0.0293965
1.94 0.00578634 0.179527 0.0202066 0.0210188
1.95 0.0206371 0.20632 -0.0246313 0.0321339
1.96 0.0323861 0.217308 0.00681949 0.0330963
1.97 0.0141014 0.170142 0.00674179 0.0156302
1.98 0.0177279 0.216995 -0.0116658 0.0212219
1.99 0.0279359 0.206529 0.0132029 0.0308987
2 0.0165263 0.213015 0.00772545 0.0182429
2.01 0.0285207 0.20164 0.000563672 0.0285263
2.02 0.00944531 0.190792 -0.0313894 0.0327797
2.03 0.0232707 0.344475 -0.102224 0.104839
2.04 0.0101334 0.290586 -0.185793 0.186069
2.05 -0.0157665 0.259403 -0.327917 0.328296
2.06 -0.0135881 0.0182356 -0.483269 0.48346
2.07 0.00401019 0.205082 -0.644447 0.64446
2.08 0.0163934 0.192674 -0.66463 0.664832
2.09 0.0400232 0.146468 -0.633149 0.634412
2.1 0.0451217 0.16939 -0.614136 0.615792
2.11 0.0368776 0.223082 -0.639553 0.640615
2.12 0.0149633 0.224233 -0.690433 0.690595
2.13 -0.00569588 0.219945 -0.908543 0.908561
2.14 -0.0280045 0.177221 -1.10873 1.10908
2.15 -0.0221704 0.121666 -1.37494 1.37512
2.16 -0.00571516 0.0406097 -1.50565 1.50566
2.17 0.0237277 0.0488314 -1.60274 1.60292
2.18 0.024696 0.0395299 -1.71831 1.71848
2.19 0.0504533 0.0468661 -1.95693 1.95758
2.2 0.0460788 -0.00328436 -2.22276 2.22324
2.21 0.0583891 0.145378 -2.43524 2.43594
2.22 0.08605 0.0169377 -2.56008 2.56152
2.23 0.12601 -0.0926175 -2.60032 2.60338
2.24 0.28335 -0.191272 -2.98368 2.99711
2.25 0.184069 -0.176171 -3.29355 3.29869
2.26 0.223941 -0.101018 -3.61161 3.61855
2.27 0.249822 -0.0578572 -3.85294 3.86103
2.28 0.270771 -0.288805 -4.0685 4.0775
2.29 0.318698 -0.282093 -4.26465 4.27654
2.3 0.361586 -0.192443 -4.52361 4.53804
2.31 0.413376 -0.25878 -4.82956 4.84722
2.32 0.446203 -0.158061 -5.07636 5.09594
2.33 0.512868 -0.295858 -5.53163 5.55535
2.34 0.560287 -0.381918 -6.04573 6.07163
2.35 0.616147 -0.441972 -6.44186 6.47126
2.36 0.67141 -0.480028 -6.74132 6.77468
2.37 0.727852 -0.488037 -6.91191 6.95013
2.38 0.820063 -0.548881 -7.06996 7.11736
2.39 0.897484 -0.538305 -7.35067 7.40526
2.4 0.969238 -0.627691 -7.61064 7.67211
2.41 1.05728 -0.534861 -7.81997 7.89112
2.42 1.114 -0.583541 -7.9575 8.0351
2.43 1.15651 -0.480192 -8.17187 8.2533
2.44 1.13374 -0.657565 -8.32774 8.40456
2.45 1.12767 -0.710702 -8.48277 8.5574
2.46 1.09909 -0.719116 -8.66785 8.73726
2.47 1.05335 -0.707147 -8.87362 8.93592
2.48 1.01973 -0.707916 -8.98051 9.03822
2.49 1.01003 -0.678776 -9.12199 9.17774
2.5 0.987981 -0.700759 -9.22446 9.27722
2.51 0.990821 -0.787025 -9.29746 9.35011
2.52 1.03293 -0.727718 -9.25991 9.31734
2.53 1.04628 -0.593826 -9.29836 9.35704
2.54 1.07029 -0.667425 -9.22726 9.28912
2.55 1.10474 -0.761755 -9.24167 9.30746
2.56 1.16786 -0.706602 -9.36725 9.43977
2.57 1.23204 -0.750381 -9.53193 9.61122
2.58 1.27625 -0.689035 -9.55323 9.6381
2.59 1.27428 -0.889004 -9.63958 9.72344
2.6 1.26552 -0.852212 -9.72994 9.8119
2.61 1.21013 -0.866955 -9.86491 9.93885
2.62 1.20312 -0.924653 -9.90887 9.98164
2.63 1.19698 -0.840754 -9.90265 9.97473
2.64 1.23181 -0.861354 -9.98179 10.0575
2.65 1.23859 -0.874233 -10.228 10.3027
2.66 1.28134 -0.94811 -10.3862 10.4649
2.67 1.27454 -1.00944 -10.4266 10.5042
2.68 1.2217 -0.99524 -10.3664 10.4381
2.69 1.16814 -0.846033 -10.2793 10.3455
2.7 1.12803 -0.978318 -10.3244 10.3858
2.71 1.17326 -1.0518 -10.4297 10.4954
2.72 1.26554 -0.989293 -10.4398 10.5162
2.73 1.31347 -0.975656 -10.3067 10.39
2.74 1.31493 -1.09787 -10.1977 10.2822
2.75 1.27632 -1.02031 -10.2145 10.2939
2.76 1.2133 -1.05767 -10.3169 10.388
2.77 1.21365 -1.04364 -10.6081 10.6773
2.78 1.24917 -1.06552 -10.7398 10.8122
2.79 1.30277 -1.08175 -10.6892 10.7683
2.8 1.34011 -1.07859 -10.4454 10.531
2.81 1.35357 -0.992973 -10.3552 10.4433
2.82 1.32856 -1.11142 -10.4009 10.4854
2.83 1.31527 -1.21419 -10.6088 10.69
2.84 1.3203 -1.22565 -10.7728 10.8534
2.85 1.3414 -1.22137 -10.8186 10.9014
2.86 1.34841 -1.27924 -10.6771 10.7619
2.87 1.35046 -1.34784 -10.6827 10.7677
2.88 1.2968 -1.21771 -10.5904 10.6695
2.89 1.25702 -1.20318 -10.589 10.6633
2.9 1.25431 -1.31856 -10.6735 10.7469
2.91 1.27297 -1.17417 -10.652 10.7278
2.92 1.26532 -1.11237 -10.5468 10.6224
2.93 1.23252 -1.14663 -10.4927 10.5648
2.94 1.20578 -1.05075 -10.517 10.5859
2.95 1.17324 -0.901643 -10.5863 10.6511
2.96 1.12661 -1.03846 -10.721 10.78
2.97 1.12549 -1.2115 -10.7995 10.858
2.98 1.14599 -0.97036 -10.8119 10.8725
2.99 1.17364 -1.11233 -10.8202 10.8837
3 1.16409 -1.16932 -10.7686 10.8313
3.01 1.15545 -1.03866 -10.8513 10.9126
3.02 1.14922 -1.03122 -10.934 10.9942
3.03 1.18543 -1.02729 -10.9795 11.0433
3.04 1.2413 -0.996088 -10.9881 11.058
3.05 1.31057 -1.06642 -10.8805 10.9591
3.06 1.32793 -1.04225 -10.7003 10.7824
3.07 1.28842 -1.00456 -10.6414 10.7191
3.08 1.22236 -1.12459 -10.6918 10.7614
3.09 1.17196 -1.04905 -10.8657 10.9287
3.1 1.16825 -0.962371 -10.9757 11.0377
3.11 1.19669 -1.14079 -10.9061 10.9715
3.12 1.22215 -1.0755 -10.7116 10.7811
3.13 1.1708 -1.01352 -10.5334 10.5983
3.14 1.11107 -1.03952 -10.4714 10.5302
3.15 1.07414 -0.905174 -10.6497 10.7037
3.16 1.03644 -0.837223 -10.8044 10.854
3.17 1.08576 -1.00541 -10.8772 10.9313
3.18 1.14459 -1.0812 -10.847 10.9073
3.19 1.19834 -1.03783 -10.6351 10.7024
3.2 1.15191 -0.921079 -10.5422 10.605
3.21 1.07831 -0.978405 -10.6433 10.6978
3.22 1.04384 -0.912515 -10.8485 10.8986
3.23 1.05608 -1.01418 -10.803 10.8545
3.24 1.13239 -0.918778 -10.6479 10.7079
3.25 1.17848 -0.776939 -10.4289 10.4952
3.26 1.1558 -0.891443 -10.3046 10.3692
3.27 1.074 -0.796316 -10.3914 10.4468
3.28 1.00159 -0.901951 -10.7263 10.773
3.29 0.988224 -0.821812 -10.886 10.9308
3.3 1.01077 -0.826886 -10.7683 10.8156
3.31 1.05936 -0.842981 -10.6915 10.7439
3.32 1.05246 -0.842813 -10.6334 10.6853
3.33 0.99085 -0.826568 -10.8202 10.8655
3.34 0.986543 -0.926769 -11.0797 11.1236
3.35 1.00992 -0.893007 -11.1594 11.205
3.36 1.08496 -1.05665 -11.0591 11.1122
3.37 1.09868 -0.972474 -10.9755 11.0303
3.38 1.1011 -0.935005 -10.9302 10.9855
3.39 1.06418 -0.922719 -10.9025 10.9543
3.4 1.06936 -0.930888 -10.7013 10.7546
3.41 1.02769 -0.816162 -10.4155 10.466
3.42 1.00981 -0.973315 -10.3185 10.3678
3.43 0.989536 -0.968743 -10.487 10.5336
3.44 1.04752 -1.0042 -10.7871 10.8378
3.45 1.14131 -1.0216 -10.9656 11.0248
3.46 1.19812 -0.998631 -10.8945 10.9602
3.47 1.21156 -0.787169 -10.8277 10.8953
3.48 1.16328 -0.970808 -10.8382 10.9005
3.49 1.0688 -0.773516 -10.9825 11.0344
3.5 0.963014 -0.815075 -11.1523 11.1938
3.51 0.931457 -0.733117 -11.1875 11.2262
3.52 0.939798 -0.689622 -11.1547 11.1942
3.53 1.00707 -0.659977 -11.1956 11.2408
3.54 1.05138 -0.858073 -11.1531 11.2026
3.55 1.09931 -0.718371 -11.1552 11.2092
3.56 1.08634 -0.787064 -11.0906 11.1437
3.57 1.05333 -0.834234 -11.0114 11.0616
3.58 1.02215 -0.774475 -11.0219 11.0692
3.59 1.03753 -0.730474 -11.0992 11.1476
3.6 1.06297 -0.777292 -11.125 11.1757
3.61 1.06777 -0.722168 -11.1563 11.2073
3.62 1.03875 -0.748225 -11.1344 11.1827
3.63 0.97152 -0.550656 -11.1513 11.1936
3.64 0.964376 -0.648621 -11.1771 11.2187
3.65 0.994439 -0.768858 -11.3612 11.4046
3.66 1.05626 -0.82552 -11.4016 11.4505
3.67 1.09653 -0.760935 -11.4168 11.4693
3.68 1.08305 -0.703663 -11.3703 11.4218
3.69 1.01781 -0.766114 -11.3304 11.3761
3.7 0.998783 -0.750217 -11.2581 11.3023
3.71 1.01223 -0.754486 -11.2848 11.3301
3.72 1.10092 -0.769434 -11.3523 11.4056
3.73 1.16534 -0.845223 -11.3945 11.4539
3.74 1.19089 -0.976859 -11.4158 11.4778
3.75 1.17358 -0.814213 -11.4273 11.4874
3.76 1.12676 -0.842812 -11.5171 11.5721
3.77 1.08177 -0.788272 -11.6572 11.7072
3.78 1.14051 -0.832743 -11.7367 11.792
3.79 1.2234 -0.838568 -11.7191 11.7827
3.8 1.24507 -0.780451 -11.6667 11.733
3.81 1.25462 -0.776497 -11.6207 11.6883
3.82 1.20524 -0.679098 -11.5992 11.6616
3.83 1.1233 -0.744418 -11.7143 11.768
3.84 1.10459 -0.719504 -11.7847 11.8364
3.85 1.13915 -0.754624 -11.8632 11.9177
3.86 1.23447 -0.796049 -11.8288 11.893
3.87 1.29854 -0.773575 -11.7657 11.8372
3.88 1.29905 -0.742819 -11.6941 11.766
3.89 1.26473 -0.739459 -11.7507 11.8186
3.9 1.26174 -0.7504 -11.7692 11.8366
3.91 1.22349 -0.754452 -11.6965 11.7603
3.92 1.25473 -0.693469 -11.5926 11.6603
3.93 1.23908 -0.572385 -11.4879 11.5545
3.94 1.1772 -0.641906 -10.8963 10.9597
3.95 0.923982 -0.0825477 -7.4266 7.48386
3.96 0.96545 0.058083 -7.28996 7.35361
3.97 0.688134 0.0713446 -8.92938 8.95586
3.98 0.664739 -1.10896 -17.992 18.0043
3.99 1.19681 -1.2468 -13.6803 13.7326
4 1.75168 -0.300073 -9.1666 9.33247
4.01 1.79383 -0.430034 -7.48788 7.69976
4.02 1.88871 -0.511115 -7.14432 7.38976
4.03 1.76312 -0.661347 -6.87983 7.10216
4.04 1.43703 -0.706869 -6.6327 6.78659
4.05 1.01976 -0.640972 -6.16579 6.24955
4.06 0.795145 -0.266112 -4.98941 5.05237
4.07 0.747381 -0.103967 -3.74897 3.82274
4.08 0.749071 0.0377103 -2.88184 2.9776
4.09 0.737746 0.106303 -2.29275 2.40852
4.1 0.704758 0.0419064 -1.9103 2.03615
4.11 0.612677 0.10754 -1.51155 1.631
4.12 0.503531 0.109723 -0.996602 1.11658
4.13 0.343196 0.240292 -0.575367 0.669948
4.14 0.191882 0.344144 -0.282445 0.341458
4.15 0.0658598 0.476786 -0.00483202 0.0660368
4.16 -0.0315003 0.58614 0.284211 0.285952
4.17 -0.0797545 0.434478 0.252818 0.2651
4.18 0.0390105 0.257832 0.00761858 0.0397474
4.19 0.0280683 0.149035 -0.0146314 0.0316529
4.2 0.0276592 0.157961 -0.00688131 0.0285023
4.21 0.0200199 0.180317 -0.00671436 0.0211158
4.22 0.0213118 0.0539629 -0.000600533 0.0213203
4.23 0.0245386 0.181994 -0.0256703 0.0355121
4.24 0.0273009 0.215776 0.0133272 0.0303802
4.25 0.0346288 0.131577 -0.0330027 0.0478365
4.26 0.0123869 0.161949 -0.0323677 0.034657
4.27 0.0184771 0.199102 -0.0258521 0.0317763
4.28 0.0230972 0.311771 0.0332154 0.0404567
4.29 0.0230397 0.254401 0.00638768 0.0239088
4.3 0.0352436 0.237837 0.0256383 0.0435825
4.31 0.033632 0.243265 -0.0259799 0.0424978
4.32 0.0272812 0.287321 0.013819 0.0305816
4.33 0.0237765 0.177524 -0.00579114 0.0244716
4.34 0.0231768 0.222826 0.0129584 0.0265534
4.35 0.0194615 0.194105 0.0191088 0.0272745
4.36 0.0310174 0.200335 0.025434 0.0401119
4.37 0.0165298 0.280591 0.00778692 0.0182721
4.38 0.0312932 0.22236 0.0324197 0.0450588
4.39 0.0227787 0.271755 0.0649019 0.0687832
4.4 0.0118151 0.278524 0.0260015 0.02856
4.41 0.0301148 0.285438 -0.00628335 0.0307634
4.42 0.0243405 0.204265 0.000678588 0.02435
4.43 0.016288 0.213551 -0.0315109 0.0354716
4.44 0.0234841 0.23615 -0.0192223 0.030348
4.45 0.0262745 0.444301 -0.00548376 0.0268406
4.46 0.0325283 0.190431 0.0323459 0.0458732
4.47 0.0170895 0.168094 -0.0124793 0.0211609
4.48 0.0269866 0.318287 -0.0182908 0.0326011
4.49 0.0290388 0.188254 0.00671413 0.0298049
4.5 0.0240469 0.190907 0.0130789 0.0273735
4.51 0.0305551 0.240805 -0.0126774 0.0330807
4.52 0.030756 0.227479 -0.0197112 0.0365303
4.53 0.0429114 0.184303 0.0249581 0.0496416
4.54 0.0360254 0.183973 -0.000195467 0.0360259
4.55 0.0354334 0.224241 0.00718535 0.0361546
4.56 0.0249415 0.114801 0.00018627 0.0249422
4.57 0.0287953 0.18375 0.0261666 0.0389083
4.58 0.0302243 0.240899 -0.00608072 0.0308299
4.59 0.0285758 0.179522 -0.0130187 0.0314017
4.6 0.00468051 0.220765 0.0264178 0.0268292
4.61 0.00957625 0.146491 0.0190201 0.0212948
4.62 0.0197923 0.184583 0.0133879 0.023895
4.63 0.015371 0.258752 0.000307925 0.015374
4.64 0.012789 0.193305 0.0141849 0.0190989
4.65 0.0354909 0.197876 -0.00675703 0.0361284
4.66 0.0302076 0.29891 -0.00618764 0.0308348
4.67 0.0207849 0.0815291 0.00597075 0.0216255
4.68 0.0354959 0.179774 0.0447902 0.0571499
4.69 0.0387297 0.217717 0.0385316 0.0546322
4.7 0.0137091 0.0853665 0.000145916 0.0137099
4.71 0.0221956 0.259387 0.0061132 0.0230221
4.72 0.0233646 0.213456 0.020004 0.0307581
4.73 0.0145821 0.0850324 0.0132443 0.019699
4.74 0.031658 0.19989 -0.0128277 0.0341581
4.75 0.0400547 0.212795 0.0391522 0.0560114
4.76 0.020478 0.197542 0.0137385 0.0246596
4.77 0.0174233 0.0968115 0.00627414 0.0185185
4.78 0.0181686 0.239368 -0.0128044 0.0222272
4.79 0.0231754 0.183091 -0.0198166 0.0304925
4.8 0.0172505 0.128303 -0.00669892 0.0185056
4.81 0.0270761 0.318711 0.0195822 0.0334153
4.82 0.0439301 0.205972 0.0391421 0.0588384
4.83 0.0222082 0.0320602 0.0182841 0.0287665
4.84 0.0426786 0.215939 0.0188903 0.0466724
4.85 0.0281396 0.192719 0.0263612 0.0385584
4.86 0.0194579 0.345106 0.040231 0.0446894
4.87 0.026529 0.256759 -0.0193727 0.0328495
4.88 0.0278052 0.260078 0.0133093 0.0308264
4.89 0.0206334 0.179919 0.0197232 0.0285437
4.9 0.0183547 0.37283 0.0207049 0.0276692
4.91 0.0207615 0.22018 0.0130669 0.0245313
4.92 0.0241498 0.191318 0.00603302 0.0248919
4.93 0.0164663 0.169159 0.00663503 0.0177528
4.94 0.0128384 0.175735 0.0321626 0.0346303
4.95 0.000825735 0.205226 0.0326961 0.0327066
4.96 0.030471 0.254328 0.0189211 0.0358677
4.97 0.0304807 0.33445 0.0265353 0.0404129
4.98 0.0317033 0.204026 0.000407345 0.0317059
4.99 0.0230392 0.241049 0.0129649 0.0264365
5 0.0265463 0.337171 0.0330907 0.0424229
5.01 0.0272643 0.229368 0.00640922 0.0280075
5.02 0.0283684 0.157502 0.0190533 0.034173
5.03 0.0219436 0.0140875 0.018131 0.028465
5.04 0.00829283 0.19597 0.0262547 0.0275333
5.05 0.0172691 0.0608433 0.0194223 0.0259894
5.06 0.0325176 0.17693 0.0515282 0.0609307
5.07 0.0391157 0.231356 0.00655119 0.0396605
5.08 0.0171952 0.0971542 0.0320779 0.0363959
5.09 0.0238164 0.195496 0.0392427 0.0459043
5.1 0.0344766 0.376702 0.0266505 0.0435762
5.11 0.0151171 0.370084 0.0145291 0.0209672
5.12 0.0227544 0.25879 -3.35993e-05 0.0227545
5.13 0.0211767 0.183743 0.0326024 0.0388763
5.14 0.00885149 0.141942 0.0129872 0.0157168
5.15 0.0281261 0.202342 0.0190128 0.0339495
5.16 0.017221 0.172996 0.0195517 0.0260544
5.17 -0.0014245 0.0945668 0.0264012 0.0264396
5.18 0.0133181 0.157588 -0.0121835 0.0180502
5.19 0.00251557 0.0297815 0.0131194 0.0133584
5.2 0.0195615 0.176142 -0.00637709 0.0205748
5.21 0.0262776 0.247698 0.0385777 0.0466771
5.22 0.035275 0.228976 0.012725 0.0375
5.23 0.0246885 0.14614 0.0193274 0.0313539
5.24 0.0254365 0.207977 0.0457863 0.0523775
5.25 0.0264841 0.265815 -0.012932 0.0294728
5.26 0.0250752 0.163522 0.0330377 0.041476
5.27 0.032301 0.204287 0.0253195 0.0410418
5.28 0.0158226 0.240631 0.0457996 0.0484557
5.29 0.022353 0.0625355 -0.0133384 0.0260301
5.3 0.0237085 0.222617 -0.00613433 0.0244893
5.31 0.0312185 0.200381 -0.013315 0.0339394
5.32 0.0192938 0.251837 -0.0119658 0.0227031
5.33 0.0201745 0.300001 0.0460468 0.0502724
5.34 0.0350155 0.23818 0.0514421 0.0622284
5.35 0.0247716 0.186027 0.0199875 0.0318298
5.36 0.0136434 0.0633543 -0.00680166 0.0152448
5.37 0.0140668 0.299802 -0.012185 0.0186104
5.38 0.0257181 0.136191 0.000754604 0.0257292
5.39 0.00564801 0.0459538 -0.000427604 0.00566417
5.4 0.0154742 0.262925 0.0138135 0.0207428
5.41 0.0229504 0.276436 0.0135677 0.0266609
5.42 0.0402 0.163117 0.0387033 0.0558031
5.43 0.0197963 0.233443 0.0140864 0.0242965
5.44 0.0274438 0.224891 0.0259379 0.0377616
5.45 0.0298558 0.228041 -0.0195013 0.0356605
5.46 0.0200613 0.251396 0.039378 0.0441937
5.47 0.0189332 -0.0331418 0.0378376 0.0423102
5.48 0.0161269 0.231639 0.026019 0.0306115
5.49 0.0195446 0.233992 0.019769 0.0277994
5.5 0.0237065 0.226844 0.0193643 0.0306101
5.51 0.021655 0.174682 0.065025 0.0685361
5.52 0.015569 0.227052 -0.0251653 0.029592
5.53 0.0204229 0.206449 0.0327837 0.0386247
5.54 0.0199216 0.193892 0.0195259 0.027895
5.55 0.0157261 0.19167 0.0132896 0.0205893
5.56 0.0194774 0.167025 0.03156 0.0370864
5.57 0.0190994 0.193792 0.0132416 0.0232406
5.58 0.0195231 0.300497 0.0203821 0.0282238
5.59 0.0123211 0.175951 -0.0188022 0.0224795
5.6 0.0341954 0.256654 -0.012933 0.0365594
5.61 0.0166552 0.186493 0.000526259 0.0166636
5.62 0.0241394 0.204219 0.0394276 0.0462304
5.63 0.0190837 0.323627 0.0135562 0.0234085
5.64 0.017895 0.123271 0.0323246 0.0369474
5.65 0.0196982 0.233969 0.0195365 0.0277434
5.66 0.0275727 0.21158 0.0132759 0.0306023
5.67 0.0166971 0.177599 0.0264 0.031237
5.68 0.0177129 0.110472 0.0250739 0.0306993
5.69 0.0158024 0.253706 0.0392926 0.0423513
5.7 0.0130969 0.193257 0.01372 0.0189675
5.71 0.0391654 0.191168 0.00572892 0.0395822
5.72 0.0403663 0.172367 -0.00621003 0.0408412
5.73 0.0259696 0.131699 0.0259121 0.0366859
5.74 0.0170273 0.0656053 0.00568457 0.0179511
5.75 0.0325625 0.0652811 0.0060681 0.033123
5.76 0.0199898 0.171599 -0.0127224 0.023695
5.77 0.0174099 0.136901 0.00632286 0.0185225
5.78 0.0240414 0.217955 0.0394149 0.0461684
5.79 0.0241848 0.217783 0.0517869 0.0571558
5.8 0.0122765 0.175558 0.0136529 0.0183606
5.81 0.0166714 0.204512 0.0516919 0.0543138
5.82 0.00140794 0.0886184 0.013114 0.0131894
5.83 0.0220267 0.254564 -4.99978e-06 0.0220267
5.84 0.00910462 0.235836 0.0265262 0.0280452
5.85 0.0280786 0.215483 0.0520666 0.0591552
5.86 0.0239069 0.213376 0.0134454 0.0274284
5.87 0.025041 0.172867 0.025759 0.0359246
5.88 0.0258681 0.39553 0.0199242 0.0326516
5.89 0.0249053 0.141584 0.012944 0.0280681
5.9 0.0238426 0.191365 0.00649789 0.0247122
5.91 0.0217293 0.174544 -0.0119384 0.0247929
5.92 0.0307555 0.31672 0.0258853 0.0401988
5.93 0.0295461 0.161367 0.0320462 0.0435882
5.94 0.0130472 0.220234 0.0200051 0.0238837
5.95 0.0364699 0.21066 0.039162 0.0535137
5.96 0.0144984 0.366719 0.0261075 0.0298631
5.97 0.0167835 0.12398 0.0062428 0.017907
5.98 0.028204 0.214891 0.00705577 0.0290732
5.99 0.0394501 0.244292 -0.0126842 0.0414391
6 0.0231971 0.187272 -0.000449133 0.0232014
6.01 0.027439 0.220173 0.0321208 0.042245
6.02 0.0245208 0.213301 -0.0126229 0.0275791
6.03 0.022132 0.357103 0.0270206 0.0349277
6.04 0.0193646 0.247757 0.00047892 0.0193705
6.05 0.0162683 0.240753 0.0386296 0.0419154
6.06 0.0196047 0.207324 -0.0253735 0.0320649
6.07 0.0133765 0.125698 -0.00581312 0.0145851
6.08 0.0129858 0.215336 -0.0315356 0.0341046
6.09 0.0168035 0.191039 0.00671538 0.0180957
6.1 0.0158982 0.289495 0.0269883 0.0313228
6.11 0.0265199 0.319004 -0.00547047 0.0270783
6.12 0.0127301 0.210866 0.00769714 0.0148762
6.13 0.0274913 0.224619 0.0650658 0.0706352
6.14 0.0275806 0.27345 0.0264743 0.0382306
6.15 0.0125099 0.202554 0.000466332 0.0125185
6.16 0.00707768 0.264328 -0.0129111 0.0147238
6.17 0.0353122 0.228736 0.0130658 0.0376519
6.18 0.013064 0.0863137 -0.00692248 0.0147847
6.19 0.0329919 0.212515 0.0455021 0.0562042
6.2 0.0361386 0.174922 0.0324214 0.0485505
6.21 0.0153954 0.169285 -2.82004e-05 0.0153954
6.22 0.0231414 0.196038 0.0197104 0.0303978
6.23 0.010159 0.119145 0.0198953 0.0223389
6.24 0.0283284 0.139368 0.000272442 0.0283297
6.25 0.0284526 0.223933 0.0328126 0.0434306
6.26 0.0205608 0.233325 0.0714923 0.0743902
6.27 0.0161389 0.191549 0.0259702 0.0305764
6.28 0.0130961 0.166533 0.052013 0.0536364
6.29 0.0387613 0.334089 0.0582983 0.0700081
6.3 0.0288715 0.312991 -0.0191044 0.03462
6.31 0.0201381 0.256099 0.0388239 0.043736
6.32 0.0429656 0.219538 0.0127943 0.0448301
