0 -0.00656357 0.0133952 0.0837546 0.0840114
0.01 0.0124548 -0.0117685 0.0446468 0.0463515
0.02 0.00382182 0.073887 0.0445952 0.0447586
0.03 -0.0143987 -0.0447326 0.0389374 0.0415144
0.04 -0.00629211 -0.0585387 0.0513273 0.0517116
0.05 -0.00670008 -0.0442705 0.0315881 0.0322908
0.06 -0.00855771 0.143627 0.0327673 0.0338664
0.07 -0.00626859 -0.0493167 0.0705728 0.0708506
0.08 0.00743289 -0.00840358 0.0441279 0.0447495
0.09 -0.00159441 -0.0652622 0.0576015 0.0576236
0.1 0.0014962 -0.049625 0.0190565 0.0191152
0.11 0.00399347 -0.0243672 0.0318868 0.0321359
0.12 -0.00685727 -0.102555 0.0571363 0.0575463
0.13 -0.0105108 -0.0555138 0.0248484 0.02698
0.14 0.00297928 0.038816 0.00548486 0.00624178
0.15 -0.0139907 -0.0627439 0.0129866 0.019089
0.16 -0.00802221 -0.0171929 0.0448203 0.0455326
0.17 -0.0238289 0.045978 9.46647e-05 0.0238291
0.18 -0.0231549 -0.00374704 0.0128675 0.0264901
0.19 0.000527429 -0.0399619 0.031839 0.0318434
0.2 0.00229991 -0.0768494 0.0576425 0.0576884
0.21 0.0012396 -0.0407438 0.0517121 0.0517269
0.22 -0.00727381 -0.0353292 0.05106 0.0515755
0.23 -0.0159127 -0.0211546 0.0315091 0.0352993
0.24 -0.0220293 -0.0395244 0.0639172 0.0676069
0.25 -0.0144982 -0.0492288 0.0193703 0.0241952
0.26 -0.00220838 -0.0874847 0.0123639 0.0125596
0.27 -0.00314061 -0.0337583 0.00611564 0.00687491
0.28 -0.00721027 0.00019459 0.0251774 0.0261895
0.29 -0.00202793 -0.0654182 0.0449911 0.0450368
0.3 -0.00965764 -0.132175 0.0120964 0.0154788
0.31 -0.000829279 0.0764346 0.0580118 0.0580178
0.32 -0.0115907 0.082928 0.0328684 0.0348522
0.33 0.00191119 -0.0767935 0.0639686 0.0639972
0.34 -0.00147287 0.0454751 0.0319047 0.0319387
0.35 -0.000674129 0.0589928 0.0126044 0.0126224
0.36 0.0058869 -0.0787795 0.00588115 0.00832127
0.37 0.00395465 -0.0866626 0.0313625 0.0316108
0.38 -0.02264 -0.0397511 0.0587854 0.0629944
0.39 0.0165678 -0.0228707 0.038183 0.0416225
0.4 -0.00807806 0.081136 0.0580698 0.058629
0.41 -0.00542555 -0.103486 0.0640866 0.0643158
0.42 -0.00117342 0.0995229 0.0255437 0.0255707
0.43 -0.00643509 -0.0357464 0.0577554 0.0581128
0.44 -0.0108582 -0.0242737 0.0707456 0.071574
0.45 -0.0029414 0.015452 0.0578327 0.0579074
0.46 -0.003208 -0.0556076 0.0314825 0.0316456
0.47 -0.0100569 -0.0469099 0.0320471 0.0335881
0.48 -0.0223023 -0.0353089 0.03883 0.044779
0.49 -0.0156218 -0.222391 0.0438498 0.0465494
0.5 0.0130937 -0.0653193 0.00532666 0.0141357
0.51 -0.00591173 -0.0763418 0.0638228 0.064096
0.52 -0.00609415 -0.0583309 0.0448928 0.0453046
0.53 -0.00794224 0.0805119 0.0518462 0.052451
0.54 -0.00799555 -0.00813276 0.0317513 0.0327425
0.55 -0.00144068 -0.0745538 0.0319918 0.0320243
0.56 -0.0140762 -0.0757449 0.00634796 0.0154414
0.57 -0.0257655 -0.0419589 0.0580979 0.0635549
0.58 -0.0120762 -0.0101395 0.024941 0.0277109
0.59 -0.0194055 0.159557 0.0711768 0.0737747
0.6 -0.00566863 -0.071818 0.0192318 0.0200498
0.61 -0.0105393 -0.0378476 0.058192 0.0591387
0.62 -0.0178185 -0.109462 0.0187516 0.0258674
0.63 -0.00974028 -0.105441 0.0382321 0.0394533
0.64 0.00437743 -0.0197121 0.0308678 0.0311767
0.65 -0.0002969 0.018712 0.0637535 0.0637542
0.66 0.00341276 0.00690346 0.0253101 0.0255392
0.67 -0.0139437 -0.0669393 0.057816 0.0594737
0.68 -0.00742101 0.00930825 0.0516309 0.0521615
0.69 -0.00987673 -0.0473025 0.0196213 0.021967
0.7 -0.0098963 -0.194335 -0.00107049 0.00995403
0.71 -0.00602954 -0.0444902 0.0571818 0.0574988
0.72 -0.00300864 -0.0156652 0.0578224 0.0579006
0.73 -0.00806864 -0.093151 0.0311632 0.0321908
0.74 -0.026282 -0.0150598 0.0191173 0.0324994
0.75 0.0123613 -0.0293257 0.0765056 0.0774978
0.76 -0.0111916 -0.00658127 0.0711251 0.0720002
0.77 -0.0234407 0.112523 0.0457036 0.0513643
0.78 -0.00783381 -0.00378129 0.0444131 0.0450987
0.79 -0.00320224 -0.046986 0.0447368 0.0448512
0.8 -0.00063475 -0.0388188 -0.00105623 0.00123229
0.81 -0.00977198 -0.0472356 0.0316525 0.0331266
0.82 -0.0156044 0.00520105 0.0452579 0.0478725
0.83 -0.0133027 -0.130102 0.0121956 0.0180471
0.84 -0.00423088 0.0294417 0.032653 0.032926
0.85 -0.017137 -0.145524 0.0446566 0.0478319
0.86 0.000383003 -0.00901943 0.0580642 0.0580654
0.87 -0.00756883 0.00474292 0.0705804 0.070985
0.88 0.00888012 -0.0269664 0.037515 0.0385517
0.89 -0.0271111 0.0973865 0.0390748 0.0475589
0.9 -0.0151811 -0.0306031 0.0319968 0.0354156
0.91 -0.00254099 -0.047153 0.00640484 0.00689047
0.92 -0.00741547 0.00489979 0.0189564 0.0203552
0.93 -0.00240351 -0.0561079 0.0317756 0.0318664
0.94 -0.00244767 -0.113834 0.0376735 0.0377529
0.95 -0.00349803 -0.0106565 0.0185671 0.0188937
0.96 -0.0233447 0.0456999 0.0195192 0.0304298
0.97 -0.0163814 0.0374007 0.0255566 0.0303561
0.98 0.00728762 -0.0132724 0.0318772 0.0326997
0.99 0.00507167 -0.0917799 0.0247697 0.0252836
1 -0.00659647 0.0307488 0.0388206 0.0393771
1.01 -0.0314538 -0.239307 0.0698584 0.0766129
1.02 -0.00281729 -0.00257672 0.0513536 0.0514308
1.03 -0.014036 -0.12049 0.044023 0.0462065
1.04 -0.00434493 -0.0146146 -0.00102312 0.00446376
1.05 -0.0063293 -0.0582987 0.0509865 0.0513778
1.06 -0.000362809 0.00503157 0.0252115 0.0252141
1.07 -0.00869654 0.0457238 0.0517239 0.0524499
1.08 -0.0107615 -0.0378498 0.0445053 0.0457879
1.09 -0.0254154 -0.0600076 0.0318765 0.0407683
1.1 -0.0025513 -0.0380335 0.0443865 0.0444598
1.11 0.000118181 -0.0173825 0.00564327 0.00564451
1.12 -0.00289327 -0.0514214 0.0450262 0.0451191
1.13 -0.00681607 -0.0445063 0.0572999 0.0577039
1.14 0.000265805 -0.035618 0.0192859 0.0192878
1.15 -0.0106625 -0.042298 0.0447567 0.0460092
1.16 0.00065871 -0.0801588 0.0251555 0.0251641
1.17 -0.0109544 -0.0331786 0.018504 0.0215034
1.18 -0.00574981 -0.0586184 0.0447688 0.0451365
1.19 -0.000235053 0.0317589 0.0765239 0.0765243
1.2 -0.00829282 -0.0436065 -0.0199791 0.0216318
1.21 -0.0109945 0.0113859 0.0322204 0.0340446
1.22 -0.0105771 -0.0999825 0.0314153 0.0331481
1.23 -0.0112014 -0.0508523 0.0517095 0.0529089
1.24 -0.0054361 -0.103615 0.0515524 0.0518383
1.25 -0.0198765 -0.036277 0.00556485 0.0206408
1.26 -0.00726286 0.0714968 0.0455198 0.0460955
1.27 -0.00323335 0.0245714 0.03158 0.0317451
1.28 -0.00616738 -0.0405754 0.0319325 0.0325226
1.29 -0.00757699 0.000367608 0.0576862 0.0581817
1.3 -0.00659824 -0.0225188 0.0640151 0.0643542
1.31 -0.00665754 -0.0490801 0.0255073 0.0263619
1.32 -0.00271362 -0.0557374 0.038302 0.038398
1.33 -0.00784457 0.0762239 0.0258446 0.0270089
1.34 -0.00788301 -0.0528337 -0.000361185 0.00789128
1.35 -0.00717832 -0.0355515 0.07681 0.0771447
1.36 -0.00281326 -0.0245829 0.0834637 0.0835111
1.37 -0.0172255 -0.203482 0.0567566 0.059313
1.38 -0.00754552 0.0141457 0.0384343 0.039168
1.39 -0.0103997 0.0424361 0.0705911 0.0713531
1.4 0.00387128 -0.0690555 0.0310072 0.0312479
1.41 1.5174e-05 -0.00852511 0.0380671 0.0380671
1.42 -0.0072215 0.026772 0.0580563 0.0585037
1.43 0.0128403 -0.0566001 0.00566777 0.0140355
1.44 -0.0100779 -0.0687101 0.044036 0.0451745
1.45 -0.00115716 0.0056803 0.0123134 0.0123677
1.46 -0.00616039 -0.0629046 0.057981 0.0583074
1.47 -0.0070307 0.049148 0.0518261 0.0523009
1.48 0.0076634 -0.0129925 0.0179635 0.0195298
1.49 -0.0101587 -0.144912 0.0502301 0.0512471
1.5 -0.00383458 -0.0195267 0.089554 0.0896361
1.51 -0.00159099 0.117566 0.0127074 0.0128066
1.52 -0.00714272 -0.0489625 0.0323365 0.033116
1.53 -0.00304804 0.00219307 0.0261258 0.026303
1.54 -0.00210828 -0.0963608 0.0636467 0.0636817
1.55 -0.00731143 -0.0577094 0.0319191 0.0327458
1.56 0.00500623 -0.0469898 -0.00677355 0.00842279
1.57 -0.0504565 -0.084387 -0.348579 0.352212
1.58 -0.0841156 -0.0680523 -0.606286 0.612093
1.59 -0.0919574 -0.120785 -0.742519 0.748191
1.6 -0.0651394 -0.136946 -0.751086 0.753905
1.61 -0.0558022 -0.125004 -0.731289 0.733415
1.62 -0.0713756 -0.141475 -0.846546 0.84955
1.63 -0.0694469 -0.0972184 -0.954298 0.956821
1.64 -0.108714 -0.0949284 -1.27119 1.27583
1.65 -0.0900486 0.0225461 -1.50986 1.51254
1.66 -0.134859 -0.149434 -1.86443 1.8693
1.67 -0.11795 -0.181406 -2.07949 2.08283
1.68 -0.1306 -0.224062 -2.49931 2.50272
1.69 -0.0864449 -0.245604 -2.79347 2.7948
1.7 -0.011361 -0.251869 -3.0226 3.02262
1.71 0.0978583 -0.378292 -3.66601 3.66732
1.72 0.054541 -0.413054 -3.80285 3.80324
1.73 0.109378 -0.558629 -4.08384 4.0853
1.74 0.19113 -0.41656 -4.14549 4.14989
1.75 0.195092 -0.338951 -4.2432 4.24769
1.76 0.191947 -0.542176 -4.4566 4.46073
1.77 0.197083 -0.492047 -4.68111 4.68525
1.78 0.215327 -0.507451 -4.86868 4.87344
1.79 0.216144 -0.459314 -5.01019 5.01485
1.8 0.217174 -0.513224 -5.08704 5.09167
1.81 0.201298 -0.387853 -5.29226 5.29608
1.82 0.228623 -0.333251 -5.42061 5.42543
1.83 0.278852 -0.475656 -5.58962 5.59657
1.84 0.320794 -0.559399 -5.80421 5.81307
1.85 0.35129 -0.42218 -5.88801 5.89848
1.86 0.352924 -0.379598 -6.07404 6.08428
1.87 0.387618 -0.378051 -6.15887 6.17106
1.88 0.398251 -0.478829 -6.26881 6.28145
1.89 0.424853 -0.65634 -6.45199 6.46597
1.9 0.479203 -0.529336 -6.56211 6.57959
1.91 0.511612 -0.437821 -6.65442 6.67406
1.92 0.564267 -0.430735 -6.73996 6.76354
1.93 0.610074 -0.593291 -6.91724 6.94409
1.94 0.640826 -0.576694 -7.07407 7.10304
1.95 0.652229 -0.660316 -7.19745 7.22694
1.96 0.660881 -0.603074 -7.32716 7.35691
1.97 0.64966 -0.668192 -7.41171 7.44013
1.98 0.679283 -0.780251 -7.52283 7.55343
1.99 0.692169 -0.707533 -7.65366 7.68489
2 0.708782 -0.735566 -7.83516 7.86716
2.01 0.718334 -0.754914 -8.01615 8.04827
2.02 0.710991 -0.687988 -8.14531 8.17628
2.03 0.732164 -0.786056 -8.24938 8.28181
2.04 0.741419 -0.822524 -8.37994 8.41268
2.05 0.799049 -0.746727 -8.47853 8.5161
2.06 0.801393 -0.828114 -8.66189 8.69888
2.07 0.816363 -0.913006 -8.77999 8.81786
2.08 0.821043 -0.759818 -8.8122 8.85036
2.09 0.797622 -0.902162 -8.93459 8.97012
2.1 0.800297 -0.988713 -8.96849 9.00413
2.11 0.834232 -0.893661 -9.1247 9.16275
2.12 0.868154 -0.932261 -9.21775 9.25855
2.13 0.901785 -0.890542 -9.25677 9.30059
2.14 0.923144 -0.979766 -9.25053 9.29648
2.15 0.913159 -0.871304 -9.3781 9.42245
2.16 0.906274 -0.947523 -9.45543 9.49876
2.17 0.888644 -0.954664 -9.57167 9.61283
2.18 0.889328 -0.941665 -9.6216 9.66261
2.19 0.847139 -0.861201 -9.63845 9.67561
2.2 0.779476 -0.850511 -9.59546 9.62706
2.21 0.73758 -0.766641 -9.49479 9.5234
2.22 0.695378 -0.772296 -9.55097 9.57625
2.23 0.695822 -0.722969 -9.51795 9.54335
2.24 0.699183 -0.751423 -9.56307 9.5886
2.25 0.699655 -0.6984 -9.54906 9.57466
2.26 0.692924 -0.796467 -9.58734 9.61234
2.27 0.648921 -0.586364 -9.59107 9.613
2.28 0.619057 -0.655972 -9.62265 9.64254
2.29 0.591163 -0.673572 -9.66777 9.68583
2.3 0.585393 -0.571565 -9.55066 9.56858
2.31 0.583111 -0.779899 -9.55222 9.57
2.32 0.599745 -0.621024 -9.68138 9.69994
2.33 0.603693 -0.743858 -9.89061 9.90902
2.34 0.616975 -0.769232 -10.1053 10.1241
2.35 0.603843 -0.87665 -10.1973 10.2152
2.36 0.562374 -0.789137 -10.1327 10.1483
2.37 0.526091 -0.869784 -10.0221 10.0359
2.38 0.508919 -0.792464 -9.98161 9.99458
2.39 0.521422 -0.684847 -10.0273 10.0408
2.4 0.55103 -0.814622 -10.2169 10.2318
2.41 0.591031 -0.986037 -10.2334 10.2505
2.42 0.641773 -0.86896 -10.0933 10.1137
2.43 0.634063 -0.913591 -9.99767 10.0178
2.44 0.557568 -0.942583 -9.87324 9.88897
2.45 0.535576 -0.933476 -10.0075 10.0219
2.46 0.544833 -0.871133 -10.2215 10.2361
2.47 0.573076 -0.817709 -10.2925 10.3084
2.48 0.62137 -0.80315 -10.2675 10.2863
2.49 0.646086 -0.80508 -10.0803 10.101
2.5 0.613124 -0.749587 -10.0006 10.0193
2.51 0.563756 -0.893581 -10.0125 10.0283
2.52 0.521593 -0.791076 -10.1789 10.1922
2.53 0.527775 -0.781123 -10.3206 10.3341
2.54 0.54777 -0.77038 -10.3403 10.3548
2.55 0.559826 -0.768317 -10.2299 10.2452
2.56 0.548769 -0.667526 -10.1704 10.1851
2.57 0.525849 -0.765747 -10.1828 10.1964
2.58 0.533371 -0.700446 -10.2483 10.2621
2.59 0.577269 -0.82695 -10.3731 10.3891
2.6 0.629382 -0.841829 -10.3111 10.3303
2.61 0.685782 -0.83213 -10.1959 10.2189
2.62 0.666362 -0.73113 -10.1359 10.1578
2.63 0.599699 -0.722916 -10.1849 10.2025
2.64 0.519516 -0.80385 -10.2749 10.288
2.65 0.541711 -0.770137 -10.411 10.4251
2.66 0.645785 -0.874524 -10.4157 10.4357
2.67 0.763533 -0.843732 -10.3677 10.3958
2.68 0.789696 -0.886021 -10.3623 10.3924
2.69 0.771247 -0.927907 -10.3939 10.4225
2.7 0.66406 -0.831495 -10.4869 10.5079
2.71 0.601986 -0.882773 -10.5894 10.6065
2.72 0.620232 -0.884654 -10.5771 10.5953
2.73 0.700103 -0.825707 -10.4764 10.4998
2.74 0.753705 -0.880301 -10.4643 10.4914
2.75 0.713872 -0.819924 -9.85069 9.87652
2.76 0.620741 -0.363491 -6.54992 6.57927
2.77 0.505426 -0.395535 -5.47665 5.49993
2.78 1.34792 -1.59628 -14.785 14.8464
2.79 -0.0464312 -0.821909 -13.8443 13.8443
2.8 0.559299 -1.20396 -11.3925 11.4062
2.81 1.10768 -1.21706 -8.18875 8.26333
2.82 1.31433 -1.08556 -7.16995 7.28942
2.83 1.33781 -0.9291 -6.41535 6.55336
2.84 1.26803 -1.1281 -5.68116 5.82095
2.85 1.04021 -1.18466 -5.15893 5.26276
2.86 0.6984 -0.958417 -4.55963 4.61281
2.87 0.482306 -0.622943 -3.31615 3.35104
2.88 0.338072 -0.501789 -2.53792 2.56034
2.89 0.260653 -0.322756 -2.00229 2.01919
2.9 0.209384 -0.330569 -1.68416 1.69713
2.91 0.157178 -0.236145 -1.28244 1.29204
2.92 0.0874791 -0.219287 -0.89152 0.895801
2.93 0.045379 -0.192212 -0.434038 0.436404
2.94 0.012634 -0.00752995 0.0110414 0.0167788
2.95 -0.0161508 0.0324699 0.077038 0.0787128
2.96 -0.0194039 -0.0194259 0.0838826 0.0860976
2.97 -0.00107337 -0.0119463 0.0378079 0.0378232
2.98 -0.0083682 0.0726568 0.0380343 0.038944
2.99 -0.00970074 0.162465 0.0449768 0.046011
3 0.00433042 -0.0958118 0.0183251 0.0188298
3.01 -0.0129909 -0.0491381 0.011042 0.0170496
3.02 -0.00206926 0.0331209 0.0180349 0.0181533
3.03 0.000143041 -0.0710189 0.0186444 0.0186449
3.04 -0.0231524 -0.10164 0.051372 0.0563482
3.05 -0.0125045 -0.00559725 0.0312864 0.0336927
3.06 -0.000506841 -0.0213593 0.0248789 0.0248841
3.07 -0.00669026 -0.133564 0.0499179 0.0503642
3.08 -0.0192332 -0.143922 0.0307076 0.0362336
3.09 -0.0148995 -0.124092 0.0502747 0.052436
3.1 0.0117236 0.0735693 0.0963328 0.0970436
3.11 -0.00875469 -0.00349717 0.0446933 0.0455427
3.12 -0.0117928 -0.0104426 0.057976 0.0591632
3.13 -0.0133854 0.0219482 0.0768391 0.0779963
3.14 0.00349356 -0.0198291 0.0577419 0.0578475
3.15 -0.00526929 0.0752335 0.0509145 0.0511864
3.16 -0.00573659 0.0173191 0.0829891 0.0831871
3.17 -0.0032824 -0.0645567 0.0316766 0.0318462
3.18 -0.00345386 -0.0332257 0.0449565 0.045089
3.19 0.00646212 0.0186971 0.0769462 0.077217
3.2 -0.00576765 0.0397138 0.0379337 0.0383697
3.21 -0.000223751 -0.114847 0.0431574 0.043158
3.22 -0.00525259 0.0172217 0.0510214 0.0512911
3.23 0.00789004 -0.030933 0.056945 0.057489
3.24 0.000965276 -0.0935586 0.0312678 0.0312827
3.25 0.00765253 -0.00401468 0.0570602 0.0575711
3.26 -0.0169702 0.0330234 0.0713867 0.0733761
3.27 0.00407861 -0.0954235 0.0502606 0.0504258
3.28 0.000477502 -0.0357851 0.0707156 0.0707172
3.29 -0.0166235 0.00210665 0.0315505 0.0356619
3.3 -0.00748445 0.000468504 0.0894977 0.0898101
3.31 -0.00416877 -0.0323015 0.0825365 0.0826417
3.32 -0.0046176 0.00797509 0.0508971 0.0511061
3.33 -0.0105555 -0.0958014 0.0507821 0.0518675
3.34 8.18241e-05 0.00923974 0.0446546 0.0446547
3.35 0.00727738 0.0411264 0.0571819 0.0576431
3.36 -0.00778666 -0.0172446 0.0638652 0.0643382
3.37 -0.00911289 0.0863865 0.0576876 0.0584029
3.38 0.00882862 -0.0626854 0.0698703 0.0704258
3.39 -0.0043908 -0.032444 0.0699642 0.0701018
3.4 -0.0206803 0.0707397 0.0385896 0.0437817
3.41 -0.00412142 -0.032393 0.0702729 0.0703936
3.42 -0.00783884 -0.0886137 0.0314911 0.032452
3.43 -0.00432771 0.0695408 0.0971304 0.0972268
3.44 -0.00888355 0.00152231 0.038672 0.0396792
3.45 -0.0115003 -0.0370005 0.0641929 0.0652149
3.46 0.00315994 -0.0192516 0.0441465 0.0442594
3.47 -0.0179859 0.00245608 0.103161 0.104717
3.48 -0.00352306 -0.0506872 0.0695691 0.0696582
3.49 -0.00384034 -0.0281484 0.0762998 0.0763964
3.5 -0.0227667 -0.13314 0.0309537 0.0384246
3.51 0.00200508 0.17812 0.0836226 0.0836467
3.52 -0.0115582 -0.0235258 0.0310915 0.0331704
3.53 0.00227435 0.0397277 0.0567134 0.056759
3.54 -0.018136 -0.100295 0.0571981 0.0600045
3.55 -0.00520229 0.00359643 0.0381591 0.0385121
3.56 -0.00312583 -0.13577 0.0567942 0.0568802
3.57 -0.00479864 -0.0274436 0.024847 0.0253062
3.58 -0.0184969 -0.12213 0.0632496 0.0658987
3.59 0.000801981 -0.0578524 0.0574419 0.0574475
3.6 0.00442041 0.0113093 0.0381244 0.0383798
3.61 -0.0111942 -0.0194498 0.0575108 0.0585901
3.62 0.00115467 -0.0403927 0.0384963 0.0385136
3.63 0.000305491 -0.00837759 0.089697 0.0896975
3.64 -0.00715324 -0.066387 0.0572196 0.057665
3.65 -0.0157013 -0.0836757 0.0313644 0.0350751
3.66 -0.00818267 0.036887 0.0894345 0.089808
3.67 -0.0111439 -0.0330751 0.0446485 0.0460182
3.68 -0.0140538 -0.0891831 0.0570705 0.0587755
3.69 0.00543418 -0.0650651 0.0448499 0.0451779
3.7 -0.00345605 -0.0996845 0.0504745 0.0505927
3.71 -0.0103468 -0.198239 0.0692546 0.0700233
3.72 -0.00426224 0.0436473 0.0766451 0.0767635
3.73 0.00379973 -0.0237804 0.0378393 0.0380296
3.74 -0.0120164 0.0748922 0.0704481 0.0714656
3.75 -0.00757459 -0.00387881 0.0573262 0.0578244
3.76 -0.00405403 -0.0105437 0.044906 0.0450886
3.77 0.000411659 -0.017397 0.0249594 0.0249628
3.78 0.0125438 -0.0246969 0.089097 0.0899757
3.79 -0.00819504 0.0543569 0.0706831 0.0711566
3.8 -0.00814588 -0.0301147 0.0640939 0.0646095
3.81 -0.0115248 -0.0501263 0.0255097 0.0279923
3.82 -0.00792554 -0.14153 0.0434697 0.0441863
3.83 -0.00121691 0.170953 0.0584209 0.0584336
3.84 -0.0150971 0.0450955 0.0711328 0.0727172
3.85 0.00284384 0.0299917 0.0377228 0.0378299
3.86 -0.00915769 -0.00733149 0.0765006 0.0770467
3.87 0.00726759 -0.0257843 0.0441042 0.044699
3.88 0.00330299 0.00323544 0.0250413 0.0252582
3.89 -0.0104204 -0.0778702 0.0701744 0.0709438
3.9 -0.0193517 -0.0280102 0.0708989 0.0734925
3.91 -0.00193831 0.00203079 0.0629816 0.0630114
3.92 0.00672391 0.0145142 0.0632457 0.0636021
3.93 0.00375282 0.00271309 0.0643164 0.0644258
3.94 -0.0210753 0.0354708 0.0448153 0.0495236
3.95 -0.00015005 0.0766873 0.0770627 0.0770628
3.96 -0.00307229 -0.104619 0.0765849 0.0766465
3.97 -0.000216351 -0.0304795 0.0511322 0.0511327
3.98 -0.0123135 0.0392377 0.0701099 0.071183
3.99 0.00382562 -0.0414444 0.0630632 0.0631791
4 -0.00562624 -0.0229742 0.0249843 0.02561
4.01 -0.0197894 -0.0451188 0.0766281 0.0791422
4.02 -0.016457 -0.0114636 0.0443679 0.0473217
4.03 -0.00778499 -0.0255755 0.0954597 0.0957766
4.04 -0.0030639 -0.00691899 0.103121 0.103167
4.05 -0.00730343 -0.0440662 0.0701905 0.0705695
4.06 -0.00688527 -0.048757 0.0764497 0.0767591
4.07 -0.00833332 0.0139479 0.0899439 0.0903291
4.08 0.00155614 -0.067367 0.0769358 0.0769515
4.09 0.0110348 0.0518464 0.0252749 0.0275788
4.1 -0.0311623 0.0189424 0.0192903 0.0366497
4.11 -0.0159307 -0.0297423 0.0380353 0.0412367
4.12 0.0127148 -0.0692189 0.0561414 0.0575632
4.13 -0.0120203 0.0032523 0.0772025 0.0781327
4.14 -0.00537356 0.0350885 0.0251861 0.0257529
4.15 -0.0112121 0.0118574 0.0705583 0.0714436
4.16 0.00631111 0.0146355 0.050565 0.0509573
4.17 -0.00481837 -0.00117745 0.0380159 0.03832
4.18 -0.0186548 -0.0683534 0.0766636 0.0789006
4.19 -0.0108872 -0.0196584 0.0832989 0.0840074
4.2 -0.00426948 -0.0367776 0.0378302 0.0380703
4.21 -5.50412e-05 -0.0393191 0.0441176 0.0441176
4.22 0.000846294 -0.116111 0.0693797 0.0693849
4.23 -0.00735117 -0.0439551 0.0573155 0.057785
4.24 -0.0144287 -0.0933854 0.0766851 0.0780307
4.25 -0.00723481 -0.0531679 0.057618 0.0580704
4.26 -0.012247 -0.0055319 0.0765146 0.0774885
4.27 -0.0156185 -0.00795696 0.0453624 0.0479759
4.28 -4.10653e-05 -0.00368253 0.0639281 0.0639281
4.29 -0.00132917 0.033088 0.0312948 0.031323
4.3 0.00307245 -0.0148153 0.0575443 0.0576262
4.31 -0.000346685 -0.0569035 0.0310193 0.0310212
4.32 -0.00703065 -0.0217183 0.0832377 0.0835341
4.33 -0.0132553 0.0086175 0.0893156 0.0902939
4.34 -0.00716041 -0.0442189 0.0574239 0.0578687
4.35 -0.00498221 -0.0229653 0.0638858 0.0640798
4.36 -0.0220542 -0.0793941 0.0886662 0.0913678
4.37 -0.00772277 0.0142152 0.0447985 0.0454593
4.38 0.000675868 -0.035597 0.0894197 0.0894222
4.39 0.00657433 0.0501873 0.0696401 0.0699497
4.4 -0.00691853 -0.10225 0.0377887 0.0384168
4.41 -0.0186973 0.00732236 0.0513327 0.0546318
4.42 -0.00664196 -0.0444139 0.0832502 0.0835147
4.43 0.0045384 -0.028874 0.0763597 0.0764945
4.44 0.00594998 -0.19019 0.0691961 0.0694514
4.45 -0.0110611 -0.0772452 0.0570445 0.058107
4.46 -0.0111264 -0.0552756 0.0832312 0.0839716
4.47 -0.0114162 -0.0904585 0.0763501 0.0771989
4.48 -4.58686e-05 -0.00840049 0.070111 0.070111
4.49 -0.0121561 -0.00525123 0.0569339 0.0582172
4.5 -0.0060742 -0.0847778 0.0831155 0.0833372
4.51 -0.0111333 -0.0638772 0.0448385 0.0462
4.52 -0.000291544 0.0141425 0.057332 0.0573327
4.53 -0.0150524 -0.0572857 0.0510506 0.0532235
4.54 -0.00488714 0.00776299 0.076842 0.0769973
4.55 0.00383377 -0.0464981 0.0768337 0.0769293
4.56 -0.00364462 -0.0461727 0.0503109 0.0504428
4.57 -0.0208719 0.137785 0.0390241 0.0442551
4.58 -0.00797502 -0.0212273 0.0633968 0.0638965
4.59 -0.00421355 -0.0325135 0.0636 0.0637394
4.6 -0.00511832 -0.0138692 0.0374007 0.0377493
4.61 -0.00466851 0.0659036 0.0443885 0.0446333
4.62 0.0132002 -0.132517 0.0955738 0.0964811
4.63 -0.00832537 -0.0750021 0.0891967 0.0895844
4.64 0.00469995 -0.0246836 0.115274 0.11537
4.65 -0.00340848 -0.0196615 0.0573158 0.0574171
4.66 0.0114912 0.00259285 0.076385 0.0772445
4.67 -0.0160345 -0.0435243 0.0767976 0.0784537
4.68 0.00291985 -0.0587725 0.0246417 0.0248141
4.69 0.0035543 -0.00141801 0.0764524 0.076535
4.7 0.0128666 -0.131939 0.0819791 0.0829826
4.71 -0.0027148 -0.0956527 0.0569192 0.0569839
4.72 0.00033791 0.00930426 0.0898822 0.0898828
4.73 -0.0146778 -0.169048 0.0241325 0.0282456
4.74 -0.00816183 0.0052568 0.0703254 0.0707975
4.75 -0.011632 0.0567866 0.0517435 0.0530348
4.76 -0.000556124 0.0188096 0.0508404 0.0508435
4.77 -0.00729192 -0.0973474 0.0504654 0.0509895
4.78 0.00546802 0.0461656 0.0633897 0.0636251
4.79 -0.0166998 0.0599191 0.0574259 0.0598049
4.8 -0.0208863 -0.267673 0.0559019 0.0596763
4.81 -0.00247552 -0.0693033 0.0316096 0.0317064
4.82 -0.0108699 -0.0416781 0.0704901 0.0713233
4.83 -0.0112086 -0.0550669 0.0125617 0.0168354
4.84 -0.00979859 -0.127162 0.0761331 0.0767611
4.85 -0.021139 0.142756 0.0637326 0.0671469
4.86 -0.0122304 0.0392302 0.0642486 0.0654024
4.87 -0.00482845 0.0439534 0.0379433 0.0382492
4.88 -0.0130306 0.00861758 0.0444348 0.0463061
4.89 -0.00449624 0.00738452 0.0644544 0.0646111
4.9 -0.014821 -0.0128527 0.0578998 0.0597667
4.91 0.00403296 0.0830074 0.0962635 0.096348
4.92 -0.00499203 -0.0589451 0.063153 0.06335
4.93 0.00718783 0.0271499 0.102416 0.102668
4.94 0.000328319 -0.0574454 0.0505522 0.0505533
4.95 -0.00456268 -0.0143042 0.0635677 0.0637312
4.96 -0.0154573 -0.0969517 0.0695207 0.0712183
4.97 0.00752022 -0.0130011 0.0569837 0.0574778
4.98 -0.0182338 -0.202683 0.0761356 0.0782885
4.99 -0.00359644 -0.010453 0.0765231 0.0766076
5 -0.00928616 0.135316 0.0647503 0.0654128
5.01 0.0108486 0.0208166 0.057038 0.0580605
5.02 -0.0120267 -0.0187218 0.0705255 0.0715436
5.03 -0.0195704 -0.00585567 0.0710652 0.0737106
5.04 0.000130018 -0.0485464 0.108617 0.108617
5.05 -0.0264031 -0.0682206 0.0509465 0.0573818
5.06 -0.0178362 -0.0556956 0.0768521 0.0788947
5.07 -0.0212889 -0.16481 0.0696355 0.072817
5.08 -0.00880592 0.0861779 0.0834757 0.0839389
5.09 -2.85427e-05 -0.0304202 0.0573022 0.0573022
5.1 -0.0204966 0.0084269 0.0768913 0.0795762
5.11 0.00261912 0.0658421 0.0708029 0.0708513
5.12 -0.00648601 -0.0581131 0.0835334 0.0837848
5.13 -0.0112402 -0.0595771 0.0571915 0.0582856
5.14 -0.00373989 -0.0329205 0.0704897 0.0705888
5.15 -0.0197026 0.00779771 0.0646501 0.0675857
5.16 -0.00502678 0.123719 0.064597 0.0647923
5.17 0.00442259 -0.0157379 0.0703558 0.0704947
5.18 -0.0111475 -0.0461043 0.0572872 0.0583617
5.19 -0.00391995 -0.0417958 0.0575382 0.0576715
5.2 -0.0164328 -0.0207968 0.0379974 0.0413985
5.21 -0.00681334 -0.0663523 0.063157 0.0635235
5.22 -0.00311306 -0.0465425 0.0574712 0.0575554
5.23 -0.0127516 0.227516 0.0773469 0.078391
5.24 -0.012048 0.0212193 0.0831786 0.0840466
5.25 -0.0226804 -0.039209 0.0896446 0.0924692
5.26 -0.0115487 -0.0193107 0.0702393 0.0711824
5.27 -0.000367324 0.0454123 0.0701089 0.0701099
5.28 -0.00527584 0.0304586 0.0768296 0.0770105
5.29 -0.0115191 0.012066 0.0447702 0.0462283
5.3 0.0028614 0.00779128 0.0763062 0.0763598
