0 -0.0215536 0.174028 -0.0382725 0.0439243
0.01 -0.003059 -0.011127 -0.00608415 0.00680987
0.02 -0.0142129 -0.0536184 0.0257922 0.029449
0.03 0.000378015 -0.00412776 0.0119798 0.0119858
0.04 -0.0204293 0.159773 0.000858432 0.0204473
0.05 -0.00331779 0.0115906 -0.000197199 0.00332364
0.06 -0.015389 0.0276919 0.00664294 0.0167615
0.07 -0.0156967 -0.0214633 0.0254864 0.0299323
0.08 -0.0258949 -0.0550115 0.00626978 0.0266431
0.09 -0.00119751 0.0769485 0.0128761 0.0129317
0.1 -0.0153567 -0.00805664 -0.000291938 0.0153594
0.11 -0.010012 -0.0559657 0.025607 0.0274947
0.12 -0.0145909 -0.017422 0.0065975 0.0160131
0.13 -0.0151263 -0.0128068 -0.000202734 0.0151277
0.14 -0.012215 0.0125113 -0.0260833 0.0288018
0.15 -0.0167912 -0.0160704 -0.0265586 0.0314214
0.16 -0.0178285 -0.0962383 -0.000359774 0.0178321
0.17 -0.0112525 0.00317216 0.0257631 0.0281133
0.18 -0.00881175 0.0684691 -0.00654732 0.0109779
0.19 -0.00647253 -0.0579654 0.0123615 0.0139535
0.2 -0.0268902 0.00310684 0.00728697 0.0278601
0.21 -0.0206348 0.0177225 -0.0261247 0.0332911
0.22 -0.0203876 0.137507 0.0584486 0.0619023
0.23 -0.00850852 0.135365 0.0258452 0.0272097
0.24 -0.0254843 -0.0375145 -0.0124053 0.0283432
0.25 0.0068799 0.116961 0.0194409 0.0206223
0.26 -0.0150046 0.0361092 0.0261761 0.0301716
0.27 -0.0127736 0.0837938 4.40674e-05 0.0127737
0.28 -0.0113932 0.0165142 -0.000361959 0.011399
0.29 -0.00311351 0.0111327 0.00638383 0.00710263
0.3 -0.0162725 -0.0656089 0.0187612 0.0248349
0.31 0.0143198 0.0320225 -0.000727358 0.0143383
0.32 -0.00846803 0.0321896 0.00624438 0.0105214
0.33 -0.0193721 0.0212361 8.46744e-05 0.0193723
0.34 0.00378738 -0.00631058 0.0190886 0.0194607
0.35 -0.00392649 0.0163644 0.0448268 0.0449985
0.36 0.0006179 -0.0447214 0.0123803 0.0123957
0.37 -0.00356689 -0.0108031 -0.0193762 0.0197018
0.38 -0.0186001 -0.0327964 0.0119939 0.0221318
0.39 -0.00336557 -0.010938 -0.00673365 0.00752789
0.4 -0.00800829 0.0187856 -0.0130143 0.0152809
0.41 -0.0159174 0.0902731 -0.00639601 0.0171544
0.42 -0.00305262 0.0202759 -0.00028284 0.00306569
0.43 -0.0155668 -0.0841395 -0.00111158 0.0156064
0.44 -0.0229363 -0.00326191 0.00636273 0.0238024
0.45 -0.00747196 -0.0127166 -0.000235577 0.00747567
0.46 0.00441244 0.020306 -0.00648561 0.00784429
0.47 -0.0254875 -0.149413 0.0320434 0.0409438
0.48 -0.0171825 0.100133 -0.00575303 0.01812
0.49 -0.0151421 0.094227 0.032704 0.0360393
0.5 0.00434915 0.00219835 0.00600392 0.00741364
0.51 -0.00763526 0.0229896 0.0259385 0.0270389
0.52 -0.0168731 -0.0607696 0.0453532 0.0483902
0.53 -0.00358973 0.015625 0.0261078 0.0263534
0.54 0.00750807 0.0404804 0.000178029 0.00751018
0.55 -0.0193335 0.0927994 0.0259856 0.0323888
0.56 -0.00497906 0.123949 -0.000172487 0.00498205
0.57 -0.00769991 -0.0122129 -0.000684809 0.0077303
0.58 -0.00819472 -0.0347033 -0.0263043 0.0275512
0.59 -0.015149 -0.066171 -0.0263296 0.0303766
0.6 -0.018687 -0.0150077 0.0188139 0.0265173
0.61 -0.0128483 0.0842934 -0.0257762 0.0288009
0.62 -0.00820939 0.0187398 0.0257347 0.0270124
0.63 -0.00586599 -0.0586735 0.0190897 0.0199707
0.64 -0.0199424 0.105905 0.0394158 0.0441736
0.65 -0.00420764 -0.0101782 -0.0325061 0.0327773
0.66 -0.00369001 0.033769 0.000201495 0.00369551
0.67 -0.010768 -0.0288524 -0.000104677 0.0107685
0.68 -0.00787262 0.0274293 0.00613927 0.00998343
0.69 -0.00413162 0.0745171 -0.0379801 0.0382042
0.7 -0.023482 0.0413039 0.000725662 0.0234933
0.71 0.00340124 0.0028709 -0.00666112 0.00747924
0.72 -0.0137981 -0.0579665 0.0129736 0.0189394
0.73 -0.00402242 -0.0192442 0.00573963 0.00700879
0.74 -0.0205418 0.155311 0.00107168 0.0205697
0.75 -0.00825415 0.0411676 0.000459639 0.00826693
0.76 -0.0307996 0.0458183 0.0131175 0.0334766
0.77 -0.00382091 -0.00600719 -0.0133336 0.0138703
0.78 -0.0263663 0.0118544 -0.00613858 0.0270715
0.79 -0.0153217 0.00523855 0.00064764 0.0153354
0.8 -0.0277782 0.0663325 0.0202139 0.0343545
0.81 -0.0142282 -0.0131858 0.00676322 0.0157538
0.82 -0.00844966 -0.016556 -0.0268395 0.0281382
0.83 -0.0241201 0.0415849 0.00667277 0.0250261
0.84 -0.0312929 0.0951311 0.0130581 0.0339081
0.85 -0.0117797 0.0655931 0.0389771 0.0407183
0.86 -0.00881394 0.166041 0.00745413 0.0115434
0.87 -0.0148538 -0.106424 0.00554158 0.0158538
0.88 -0.018127 -0.0957184 -0.00643781 0.0192362
0.89 -0.0150064 0.000438591 -0.0134147 0.0201282
0.9 -0.00291318 -0.0155456 0.00592783 0.00660498
0.91 -0.00764283 0.0319666 0.00646714 0.0100118
0.92 -0.00721427 0.0272436 0.051514 0.0520167
0.93 -0.00844057 -0.00289246 -0.0137067 0.0160971
0.94 -0.000783146 0.0367695 -0.013279 0.0133021
0.95 -0.0106166 0.0379049 0.000206376 0.0106186
0.96 -0.0128385 -0.00500018 -0.007447 0.014842
0.97 -0.0193716 0.0210763 0.0263377 0.0326945
0.98 0.000389949 -0.0442177 0.0119311 0.0119375
0.99 -0.0259015 -0.0957013 0.000229858 0.0259025
1 -0.0119285 0.12799 0.00707794 0.0138703
1.01 -0.00808603 0.0901327 0.0134599 0.015702
1.02 0.0037116 0.0249592 0.0318655 0.0320809
1.03 0.000928633 -0.00910006 -0.0070618 0.0071226
1.04 -0.007813 0.036391 0.0508641 0.0514607
1.05 -0.0039814 0.0386437 0.0321562 0.0324018
1.06 -0.00789311 -0.0303424 0.00590535 0.00985771
1.07 -0.00987493 -0.0875409 0.0321777 0.0336588
1.08 -0.00700846 -0.0132721 0.0192586 0.0204942
1.09 -0.00676039 -0.0494905 0.0325539 0.0332484
1.1 -0.0072832 -0.00875347 0.0253714 0.0263961
1.11 -0.0122042 0.0256702 0.0323795 0.0346031
1.12 -0.0150822 0.00502432 -0.012622 0.0196669
1.13 -0.0162958 0.112937 0.0323787 0.0362482
1.14 -0.00392414 0.0829843 0.0130552 0.0136322
1.15 -0.016469 -0.00310047 -0.026013 0.0307881
1.16 -0.0214184 0.111825 -0.0128466 0.0249756
1.17 -0.00515494 0.0838002 -0.00639114 0.00821097
1.18 -0.0164748 0.153244 0.0261872 0.0309385
1.19 -0.00762794 -0.00844638 0.000356884 0.00763628
1.2 -0.0236511 0.184333 0.0460876 0.051802
1.21 -0.00371305 -0.0104885 0.0257049 0.0259716
1.22 -0.0264511 -0.0106151 0.0383763 0.046609
1.23 0.00324417 0.0792478 0.0506915 0.0507952
1.24 -0.0149946 0.0228858 0.0452875 0.0477053
1.25 -0.00649247 -0.125025 0.011889 0.0135462
1.26 -0.0192789 0.0345491 0.0264334 0.032717
1.27 -0.0111799 0.0297199 0.0193519 0.0223492
1.28 -0.00786937 0.0186343 0.0327866 0.0337178
1.29 -0.0130394 0.132623 -0.0247047 0.0279347
1.3 -0.0178432 -0.0556642 -0.0205025 0.0271796
1.31 -0.0054975 0.0438492 0.0062886 0.00835278
1.32 -0.00730625 0.0178553 0.0194639 0.02079
1.33 -0.00800449 0.0542738 0.0194 0.0209865
1.34 -0.0269927 -0.00547422 0.0196743 0.0334019
1.35 -0.00991035 -0.0340333 0.00664243 0.0119305
1.36 -0.0121987 0.0212618 -0.000294957 0.0122022
1.37 -0.0186199 -0.0105747 0.00684002 0.0198365
1.38 -0.0235455 -0.0434061 -0.0387193 0.0453163
1.39 -0.0112017 -0.073171 0.00554212 0.0124978
1.4 -0.00494482 0.0437372 0.0385172 0.0388333
1.41 -0.0187224 -0.0191557 0.0192274 0.0268369
1.42 -0.00131047 0.121669 0.0198494 0.0198926
1.43 -0.0182976 -0.0285762 0.0453186 0.048873
1.44 -0.00940002 0.0284214 -0.000308055 0.00940507
1.45 -0.0152741 0.0279073 0.00606967 0.0164359
1.46 -0.00758055 0.0582047 0.038914 0.0396454
1.47 -0.0115107 0.0298132 0.0259486 0.0283871
1.48 -0.00725668 0.0227852 0.0322168 0.033024
1.49 -0.00845728 0.0456904 -0.0129373 0.0154563
1.5 -0.0224726 -0.0036562 -0.000396083 0.0224761
1.51 -0.0118813 0.114527 0.0265308 0.0290697
1.52 -0.00701858 0.00921918 0.0255245 0.0264718
1.53 -0.0157037 0.0140768 -0.00602503 0.0168199
1.54 -0.00786844 -0.00384476 0.0128721 0.0150865
1.55 -0.00760685 -0.0308284 0.0317637 0.0326619
1.56 -0.00259546 -0.00225352 0.0125343 0.0128002
1.57 -0.00778171 0.0585007 1.78082e-05 0.00778173
1.58 -0.00373894 -0.0060352 0.00594373 0.00702194
1.59 -0.0114053 0.00728036 -0.00595888 0.0128682
1.6 -0.0129438 0.0615341 0.0324569 0.0349427
1.61 0.000339841 -0.0172204 -0.00692241 0.00693075
1.62 -0.0151592 0.00958957 0.0133093 0.0201728
1.63 -0.0188805 0.0921151 0.0329462 0.0379727
1.64 -0.00950464 0.0776784 -0.00669356 0.0116251
1.65 -0.00915908 0.04644 0.00597677 0.0109367
1.66 -0.0123598 0.0302626 -0.0195339 0.0231158
1.67 -0.000478393 0.0409685 -0.0133839 0.0133924
1.68 -0.0304851 -0.0618755 -0.0125961 0.0329849
1.69 -0.00371458 0.0295691 0.0645413 0.0646481
1.7 -0.00904728 0.148474 0.019765 0.0217372
1.71 -0.00928357 0.144442 0.0326745 0.0339678
1.72 -0.0225161 -0.0348192 -0.00653822 0.0234462
1.73 -0.0120015 0.0656118 0.000151921 0.0120025
1.74 -0.00145729 0.0731227 0.0056645 0.00584896
1.75 -0.0271298 0.0796715 0.0191093 0.0331842
1.76 -0.0207446 0.142234 -0.00610806 0.0216251
1.77 -0.0152277 0.00942335 0.00050464 0.015236
1.78 -0.0162493 0.0503109 0.0199323 0.0257165
1.79 -0.0202393 0.11553 0.0263999 0.0332654
1.8 -0.0186532 -0.0149051 7.76238e-05 0.0186534
1.81 -0.0103667 -0.171792 0.0310319 0.0327177
1.82 -0.00770509 0.0630422 0.0257167 0.0268462
1.83 -0.00865577 0.0774096 -0.0126026 0.0152888
1.84 0.000384782 -0.0262763 -0.0133632 0.0133687
1.85 -0.00517166 0.0388769 0.0321278 0.0325414
1.86 -0.0195799 0.0168159 0.0259395 0.0324997
1.87 -0.0134636 0.124588 0.012875 0.0186289
1.88 -0.00354777 0.00689222 0.0257279 0.0259714
1.89 0.00684444 0.147829 0.000244151 0.0068488
1.9 -0.0220169 0.14788 -0.0446129 0.0497499
1.91 -0.00717639 -0.0620762 -0.0199946 0.0212435
1.92 -0.00537271 0.164406 0.0259124 0.0264635
1.93 -0.00835748 0.0635178 0.0251912 0.0265414
1.94 -0.0296551 -0.029055 -0.0714612 0.0773701
1.95 -0.0742682 -0.0941872 -0.316557 0.325153
1.96 -0.117617 -0.0882894 -0.528441 0.541372
1.97 -0.123724 -0.191041 -0.607495 0.619966
1.98 -0.110338 -0.119621 -0.614588 0.624414
1.99 -0.0755302 -0.141019 -0.506055 0.511661
2 -0.0442261 -0.143058 -0.390152 0.39265
2.01 -0.0594527 -0.103348 -0.330858 0.336157
2.02 -0.0520978 -0.013802 -0.322573 0.326753
2.03 -0.0849555 -0.113399 -0.425071 0.433478
2.04 -0.122566 -0.066731 -0.585023 0.597725
2.05 -0.133934 -0.0909144 -0.76497 0.776606
2.06 -0.134877 -0.129978 -0.927546 0.937301
2.07 -0.155837 -0.108078 -1.0376 1.04923
2.08 -0.15134 -0.132719 -1.17348 1.1832
2.09 -0.154719 -0.156473 -1.25775 1.26724
2.1 -0.149485 -0.101746 -1.35497 1.36319
2.11 -0.127991 -0.221718 -1.44 1.44567
2.12 -0.1369 -0.189976 -1.49121 1.49748
2.13 -0.115598 -0.185165 -1.59593 1.60011
2.14 -0.101136 -0.212562 -1.67451 1.67756
2.15 -0.0739037 -0.30097 -1.70202 1.70362
2.16 -0.0590493 -0.221263 -1.98566 1.98654
2.17 -0.0234952 -0.376713 -2.11782 2.11795
2.18 0.0114711 -0.309409 -2.20985 2.20988
2.19 0.0106888 -0.366942 -2.30203 2.30206
2.2 0.0468796 -0.527746 -2.64757 2.64799
2.21 0.0593899 -0.375032 -2.77163 2.77227
2.22 0.0817073 -0.539961 -2.83299 2.83417
2.23 0.137354 -0.409541 -2.8591 2.8624
2.24 0.148815 -0.34133 -2.96157 2.96531
2.25 0.173181 -0.54354 -3.08547 3.09032
2.26 0.203892 -0.570767 -3.22303 3.22947
2.27 0.221187 -0.670029 -3.52213 3.52906
2.28 0.247161 -0.689768 -3.73677 3.74494
2.29 0.262729 -0.471481 -3.89122 3.90008
2.3 0.244101 -0.642907 -4.07914 4.08644
2.31 0.270213 -0.667658 -4.29926 4.30775
2.32 0.313917 -0.676273 -4.50689 4.51781
2.33 0.329394 -0.707537 -4.73362 4.74506
2.34 0.367272 -0.739577 -4.8894 4.90318
2.35 0.396037 -0.720379 -5.15613 5.17131
2.36 0.40147 -0.727437 -5.4727 5.48741
2.37 0.41435 -0.774659 -5.83535 5.85005
2.38 0.419884 -0.854086 -6.19123 6.20545
2.39 0.478928 -0.671451 -6.5484 6.56589
2.4 0.530519 -0.84567 -6.83654 6.85709
2.41 0.597125 -0.926874 -7.08509 7.11021
2.42 0.669354 -0.909214 -7.24787 7.27872
2.43 0.754756 -0.979931 -7.42592 7.46417
2.44 0.801075 -0.959823 -7.66105 7.70282
2.45 0.848899 -0.908876 -7.94717 7.99238
2.46 0.905113 -1.03119 -8.1702 8.22018
2.47 0.91436 -1.05482 -8.35691 8.40678
2.48 0.912959 -1.09902 -8.55098 8.59958
2.49 0.925606 -0.977021 -8.6858 8.73498
2.5 0.935703 -1.08146 -8.95201 9.00078
2.51 0.950749 -1.01069 -9.12631 9.17569
2.52 0.969377 -1.00841 -9.26897 9.31952
2.53 0.998958 -0.928016 -9.36516 9.41829
2.54 1.00308 -1.01488 -9.41127 9.46457
2.55 1.0095 -1.05042 -9.49499 9.54851
2.56 1.05044 -1.11175 -9.63932 9.69638
2.57 1.07985 -1.07628 -9.7187 9.7785
2.58 1.08524 -1.10678 -9.7712 9.83128
2.59 1.09318 -1.06234 -9.91892 9.97898
2.6 1.11442 -1.00343 -10.1386 10.1997
2.61 1.12325 -1.084 -10.4238 10.4841
2.62 1.11406 -1.14494 -10.5857 10.6442
2.63 1.07261 -1.07583 -10.5708 10.6251
2.64 1.0206 -0.897082 -10.5676 10.6168
2.65 0.994922 -1.07798 -10.581 10.6276
2.66 1.03925 -0.998645 -10.8346 10.8843
2.67 1.09674 -1.10969 -10.9872 11.0418
2.68 1.16445 -1.18299 -11.0677 11.1288
2.69 1.20288 -1.06833 -10.9403 11.0062
2.7 1.22145 -1.11972 -10.8967 10.9649
2.71 1.17491 -1.18967 -10.9739 11.0366
2.72 1.13089 -1.23416 -11.2071 11.264
2.73 1.10506 -1.23629 -11.4073 11.4607
2.74 0.805314 -0.888567 -9.04794 9.0837
2.75 0.738105 -0.463216 -6.3845 6.42703
2.76 0.738143 -0.498178 -6.78956 6.82956
2.77 0.297246 -0.505981 -15.2791 15.282
2.78 0.633428 -1.66372 -14.1606 14.1747
2.79 1.06672 -1.54819 -11.4116 11.4614
2.8 1.4736 -1.52491 -9.09568 9.21428
2.81 1.61323 -1.48444 -7.64955 7.81781
2.82 1.723 -1.41462 -6.27981 6.51189
2.83 1.66766 -1.40938 -5.07735 5.34421
2.84 1.37362 -1.22826 -4.38056 4.59088
2.85 1.01794 -1.06408 -3.94952 4.07859
2.86 0.727934 -0.964805 -2.94081 3.02957
2.87 0.490146 -0.746208 -2.41129 2.46061
2.88 0.208214 -0.829978 -2.07701 2.08742
2.89 0.060763 -0.500945 -1.69361 1.6947
2.9 -0.0440576 -0.5258 -1.14545 1.1463
2.91 -0.101658 -0.433406 -0.688968 0.696427
2.92 -0.109563 -0.0640804 -0.329731 0.347457
2.93 -0.0467608 -0.0866207 -0.0276971 0.054348
2.94 -0.00204395 0.108821 0.00662377 0.00693196
2.95 -0.0160165 0.0372295 0.0516159 0.0540438
2.96 -0.0251242 0.0114107 0.00541654 0.0257014
2.97 -0.0113095 -0.00111241 0.0251325 0.0275599
2.98 -0.00796531 0.0365963 -0.000294972 0.00797077
2.99 0.0071319 0.0232276 -0.000997491 0.00720132
3 -0.0168295 -0.0117442 -0.000285815 0.0168319
3.01 -0.000954417 0.0682616 -0.0262521 0.0262694
3.02 0.00390891 -0.0104831 -0.0392978 0.0394917
3.03 -0.00318831 -0.104513 0.0246522 0.0248576
3.04 0.00219449 -0.00958943 -0.00163848 0.00273869
3.05 -0.00340476 -0.16672 0.00535422 0.00634508
3.06 -0.0234264 -0.0249773 0.00540045 0.0240408
3.07 -0.0194396 -0.0364637 0.0372529 0.04202
3.08 -0.0163427 0.0462658 0.0189608 0.0250319
3.09 0.00257514 0.101783 0.0126977 0.0129562
3.1 -0.00445409 -0.0143592 -0.00699214 0.00829029
3.11 -0.00485553 0.0122732 0.0322129 0.0325768
3.12 -0.00862593 0.085966 0.0196584 0.0214676
3.13 -0.0112798 -0.117447 -0.0529317 0.0541202
3.14 -0.0209152 0.106783 0.006629 0.0219406
3.15 -0.000774149 0.0769562 0.0380909 0.0380988
3.16 -0.00455875 0.0122579 -0.00703911 0.00838637
3.17 0.00426899 -0.108878 0.0306939 0.0309893
3.18 -0.00809403 -0.0302271 0.0184014 0.0201029
3.19 -0.0108233 -0.0414678 0.0308592 0.0327022
3.2 -0.0187215 -0.131056 0.00510862 0.019406
3.21 -0.0108327 -0.0951874 0.0374579 0.0389928
3.22 0.00304124 0.0168472 0.0378661 0.0379881
3.23 -0.00705057 0.00472857 0.0450157 0.0455645
3.24 0.00338037 0.0118614 0.0187864 0.0190881
3.25 -0.0240557 -0.109702 -0.0202403 0.031438
3.26 -0.00920326 -0.0112861 0.011874 0.0150231
3.27 -0.0275981 -0.00478622 0.0380853 0.0470334
3.28 -0.0159618 0.121467 0.0976043 0.0989009
3.29 0.00327398 0.00785074 0.0375953 0.0377376
3.3 9.49698e-05 0.0184941 0.0251129 0.0251131
3.31 -0.0179057 0.0608707 -0.0195437 0.026506
3.32 0.00319894 0.0432049 0.0184178 0.0186935
3.33 -0.0101798 0.180652 0.0390458 0.040351
3.34 -0.0199143 0.0214769 -0.0196097 0.0279485
3.35 0.0119696 -0.0153941 0.00578588 0.0132946
3.36 -0.0112075 -0.00588368 0.0193224 0.0223375
3.37 0.0105287 0.0345716 0.0182 0.0210261
3.38 -0.00982057 0.0467877 -0.00708349 0.0121087
3.39 -0.0160778 0.0148951 0.0386068 0.0418208
3.4 -0.00484937 0.0438569 -0.0133774 0.0142292
3.41 -0.00701739 -0.0443715 0.0446574 0.0452053
3.42 -0.013235 0.0129993 0.032153 0.0347704
3.43 -0.00891595 0.0374111 0.0444931 0.0453776
3.44 -0.0120417 -0.0367601 0.0444984 0.0460989
3.45 -0.00679252 0.125247 0.0189127 0.0200955
3.46 -0.0160179 0.01475 0.0317014 0.0355184
3.47 -0.00544197 0.0575619 0.00604347 0.00813256
3.48 -0.00380518 -0.010609 0.019032 0.0194086
3.49 -0.00506103 0.0436821 0.0128375 0.0137991
3.5 0.000477352 -0.0035358 0.0121098 0.0121192
3.51 -0.0191796 -0.019266 0.0127488 0.0230302
3.52 -0.00600156 0.102301 0.0190723 0.0199943
3.53 -0.0152799 0.0272755 0.0388662 0.0417619
3.54 -0.00382561 0.0342125 0.0578167 0.0579431
3.55 -0.00816977 0.0368932 0.0193769 0.0210288
3.56 -0.0277889 0.0663438 0.00656532 0.0285539
3.57 -0.0122876 0.0432773 0.0320236 0.0343001
3.58 -0.0115552 -0.00120911 0.0186921 0.0219753
3.59 0.00395097 0.00308197 0.031629 0.0318748
3.6 -0.00390027 -0.0104063 0.0184206 0.018829
3.61 -0.0272123 -0.0271587 0.0441592 0.0518705
3.62 -0.00189252 0.122292 0.0572672 0.0572985
3.63 -0.00601093 0.0485815 0.025671 0.0263654
3.64 -0.0116416 -0.0326028 0.018752 0.0220718
3.65 -0.0115475 0.0432443 0.0452835 0.0467327
3.66 -0.0137754 0.0624228 0.0192186 0.0236456
3.67 -0.0190382 -0.0192558 0.0322967 0.0374904
3.68 -0.00969117 0.149261 0.0389496 0.0401371
3.69 -0.0138892 0.0581213 -0.00682178 0.0154741
3.7 -0.0163172 0.0594121 0.0325048 0.0363705
3.71 0.00648342 0.125833 0.0325486 0.033188
3.72 -0.00511176 0.0214767 0.0123625 0.0133777
3.73 -0.00422035 0.00318768 0.00583561 0.00720178
3.74 -0.0112145 -0.0864894 0.0318996 0.0338135
3.75 -0.00774306 0.027129 0.0645452 0.065008
3.76 0.000372674 -0.0798535 0.0506887 0.05069
3.77 -0.00239311 -0.0561402 0.0705633 0.0706039
3.78 -0.0161049 -0.00735626 0.0320001 0.0358242
3.79 -0.0155341 0.00128073 0.0314495 0.0350768
3.8 -0.012239 -0.000975991 0.0380172 0.0399387
3.81 -0.00423365 0.00320119 0.0507545 0.0509308
3.82 -0.00528478 0.0928652 0.0644783 0.0646945
3.83 -0.00943641 -0.0154807 -0.00753092 0.0120731
3.84 -0.0190648 -0.0815852 0.0119927 0.0225231
3.85 -0.00986805 0.162864 -0.012655 0.0160476
3.86 -0.0107074 -0.0106025 0.0448589 0.046119
3.87 -0.0116039 -0.0194904 0.0125157 0.0170673
3.88 -0.00489708 0.0436261 0.0513921 0.0516249
3.89 -0.0135787 0.142744 0.0318883 0.034659
3.9 -0.00817893 0.00971753 0.0390743 0.0399211
3.91 -0.00454896 -0.00112656 0.0383252 0.0385942
3.92 -0.0180074 0.136328 0.00624701 0.0190602
3.93 0.00705716 0.0233853 0.0508268 0.0513144
3.94 -0.0129917 0.0709131 0.0449591 0.0467986
3.95 -0.00412644 -0.0369302 0.0250642 0.0254016
3.96 -0.00960152 0.0378242 0.012426 0.0157033
3.97 -0.0117753 0.0344802 0.019457 0.0227428
3.98 -0.0150509 -0.0481806 0.0441134 0.0466103
3.99 -0.00442261 0.0793723 0.0191132 0.0196182
4 0.00389994 -0.0642222 -0.00756045 0.00850705
4.01 -0.00400548 0.0254983 0.0186123 0.0190384
4.02 -0.0167787 0.113054 0.0392078 0.0426471
4.03 -0.0086972 0.076855 -0.012462 0.0151968
4.04 -0.020083 0.0218578 0.00646455 0.0210978
4.05 -0.0046116 0.0393976 0.0315605 0.0318956
4.06 -0.0204321 0.0438101 0.052123 0.0559847
4.07 -0.0118599 0.0253827 0.0322555 0.0343668
4.08 -0.00510395 0.128465 0.0391368 0.0394682
4.09 -0.0117788 0.021451 0.0320958 0.0341889
4.1 -0.000483967 0.0227371 0.0256292 0.0256337
4.11 -0.0107428 -0.113299 0.0245764 0.0268218
4.12 0.00360977 0.0032075 -0.000561482 0.00365317
4.13 -0.0139846 0.0674307 0.044197 0.0463567
4.14 0.000244567 -0.0171789 0.0187192 0.0187208
4.15 -0.0193738 0.021399 0.0323992 0.0377498
4.16 -0.0170944 0.0287541 0.00655989 0.0183098
4.17 -0.00782362 0.019007 0.0254701 0.0266446
4.18 -0.00234768 0.140595 0.0189515 0.0190963
4.19 -0.0143438 -0.0215922 0.0378165 0.0404455
4.2 -0.00797333 0.00124964 0.0247438 0.0259967
4.21 -0.0204109 0.102859 0.0316841 0.0376893
4.22 -0.00775803 -0.0350511 0.0316361 0.0325735
4.23 -0.0248397 0.037651 0.05155 0.0572225
4.24 -0.00539917 0.0752115 0.0450158 0.0453384
4.25 -0.00449465 0.0435372 0.0252857 0.0256821
4.26 -0.012949 -0.0272413 0.0503756 0.0520132
4.27 -0.0109946 -0.0194048 0.0187618 0.021746
4.28 -0.00639576 -0.0626917 0.0126832 0.0142045
4.29 -0.00749042 0.00523827 0.0193891 0.0207857
4.3 -0.0076104 -0.0438576 0.0444024 0.0450499
4.31 -0.00336114 -0.0197529 0.0450522 0.0451774
4.32 -0.00427264 0.0342506 0.0387337 0.0389686
4.33 -0.0146428 -0.164881 -0.00141899 0.0147114
4.34 -0.01328 0.0756258 0.0445994 0.0465345
4.35 0.00395211 0.0203576 0.0193503 0.0197497
4.36 -0.0158145 0.041179 0.032304 0.0359673
4.37 -0.00908305 0.0376292 0.0382529 0.0393164
4.38 0.00281467 0.150592 0.0324411 0.032563
4.39 -0.0115952 0.0433554 0.0324085 0.0344204
4.4 -0.0162521 -0.0386278 0.00553649 0.0171692
4.41 -0.00335659 -0.0507049 -0.000720863 0.00343312
4.42 -0.00922252 0.050811 0.0383807 0.0394732
4.43 -0.00884435 0.0506262 0.0195205 0.0214306
4.44 -0.0200655 0.00374225 0.0130929 0.0239593
4.45 -0.0126203 0.0393062 0.0454362 0.0471563
4.46 -0.0198647 0.00376718 -0.000517581 0.0198714
4.47 -0.00772412 0.0676448 0.0519192 0.0524906
4.48 -0.00510036 0.0706275 0.0579097 0.0581338
4.49 -0.0283649 0.1116 0.019183 0.0342427
4.5 -0.0075967 -0.03068 0.0191593 0.0206104
4.51 -0.0361125 0.138115 0.0328174 0.0487965
4.52 -0.00794001 0.0187908 0.0260434 0.0272268
4.53 -0.014984 -0.0302547 0.024448 0.0286744
4.54 -0.00210622 0.0693724 -0.0203602 0.0204689
4.55 -0.00898982 0.112681 0.00669831 0.0112109
4.56 -0.0137081 0.11618 0.0128904 0.0188168
4.57 -0.0202356 -0.0183564 0.0192527 0.0279311
4.58 -0.000321999 -0.0304058 0.0379867 0.0379881
4.59 -0.00523407 0.0219066 0.0250588 0.0255996
4.6 -0.0148913 -0.0262109 0.0254194 0.0294601
4.61 -0.00892951 0.108472 0.00660883 0.0111091
4.62 -0.0190779 -0.0681998 0.0251958 0.0316037
4.63 -0.0190091 0.0787221 0.0587626 0.0617608
4.64 -0.0187865 -0.166581 0.0309912 0.0362407
4.65 -0.0201261 0.0305701 0.0319824 0.037788
4.66 0.00329722 -0.0280259 0.0181263 0.0184237
4.67 -0.0139326 0.0762822 -0.00731828 0.0157377
4.68 0.00213127 0.0307932 -0.00728886 0.00759406
4.69 -0.00560499 -0.0990095 0.0445585 0.0449097
4.7 0.00327654 0.00754726 0.00639521 0.00718571
4.71 -0.00819722 0.0814041 0.0384517 0.0393157
4.72 -0.00358314 0.00274427 0.0261414 0.0263858
4.73 -0.00238789 0.109089 0.0318864 0.0319757
4.74 -0.00164292 0.0460162 0.031726 0.0317686
4.75 -0.0142995 -0.0666401 0.0442915 0.0465426
4.76 -0.00264596 -0.0114291 0.0579887 0.058049
4.77 -0.0158121 -0.0392778 0.0322768 0.0359419
4.78 -0.0185862 -0.0997529 -0.00721492 0.0199375
4.79 -0.0145518 -0.11117 -0.013879 0.0201092
4.8 -0.0117449 0.0255981 0.0316822 0.0337892
4.81 0.00299069 0.00801358 0.00567543 0.0064152
4.82 0.00409056 -0.0552182 0.0179252 0.018386
4.83 -0.0167109 -0.0385752 0.0313724 0.0355455
4.84 -0.00318578 -0.0462253 0.024475 0.0246815
4.85 -0.0111979 0.00759659 0.0252793 0.0276485
4.86 -0.0114218 -0.014842 -3.1455e-05 0.0114219
4.87 -0.0079937 -0.00309169 0.0316299 0.0326244
4.88 -0.017883 0.114235 0.00658311 0.0190562
4.89 0.000292716 -0.00409889 0.0512699 0.0512707
4.9 -0.0210105 0.129465 0.025932 0.0333753
4.91 -0.0095812 0.082224 0.0443763 0.0453989
4.92 -0.00468065 0.025879 0.025333 0.0257617
4.93 -0.0114653 0.00331891 -0.000527947 0.0114774
4.94 -0.00810891 0.0233966 0.0190488 0.0207029
4.95 -0.00277201 0.193997 0.0259953 0.0261427
4.96 -0.00783141 0.00518308 0.0385902 0.0393768
4.97 -0.00211477 0.12233 -0.00669661 0.0070226
4.98 -0.000982005 0.0417452 0.0504872 0.0504967
4.99 -0.00154662 0.0951578 0.0128445 0.0129373
5 -0.0108251 0.0294002 0.0580156 0.0590169
5.01 -0.0127457 0.0392633 0.00610794 0.0141337
5.02 -0.0224857 0.0767542 -0.00707548 0.0235726
5.03 -0.0022477 -0.0605393 0.0574367 0.0574807
5.04 -0.00415207 0.00319282 0.0448933 0.0450849
5.05 -0.000766425 0.0587113 0.0321851 0.0321942
5.06 -0.00815131 0.0189383 -0.000247722 0.00815507
5.07 -0.00181579 0.0376125 0.012231 0.012365
5.08 -0.0134096 0.0664971 -0.0129302 0.0186281
5.09 -0.00916861 0.0954942 0.000202639 0.00917085
5.1 -0.0113689 -0.0102548 0.0317992 0.0337704
5.11 -0.0171672 0.0597008 0.0132753 0.0217013
5.12 -0.0157854 0.0592035 0.0134121 0.0207139
5.13 -0.00225691 -0.114098 0.0377819 0.0378492
5.14 -0.0171042 0.015414 -0.000512104 0.0171119
5.15 0.00730042 0.0853839 0.0316785 0.0325088
5.16 0.00718245 0.0320612 0.0311932 0.0320094
5.17 -0.0121128 0.0793618 0.0450581 0.0466579
5.18 -0.0119252 0.07926 0.0774816 0.078394
5.19 -0.00874631 0.0236789 0.024996 0.026482
5.2 -0.0161356 0.00558984 0.012959 0.0206952
5.21 -0.0164615 0.0370852 0.025357 0.0302317
5.22 -0.0133339 0.147088 0.0386888 0.0409221
5.23 -0.0155221 -0.00801857 0.0448594 0.047469
5.24 -0.0185414 -0.00637672 0.0516166 0.0548458
5.25 -0.0276726 0.0890386 0.0259065 0.0379067
5.26 0.00824772 -0.00859426 0.00556353 0.00994875
5.27 -0.00846369 0.0728791 0.0122843 0.0149177
5.28 0.000358962 0.000474807 0.0381817 0.0381834
5.29 -0.00546582 0.0574465 0.0384282 0.038815
5.3 -0.000902645 0.0461443 0.018733 0.0187547
5.31 -0.0195099 -0.0457154 0.00624689 0.0204856
5.32 -0.0154268 -0.00806008 0.0192178 0.0246437
