0 -0.00987856 0.086484 0.0254203 0.0272723
0.01 -0.00762326 0.000154872 0.0387497 0.0394924
0.02 -0.0237899 0.00549967 0.0129918 0.0271063
0.03 -0.0141521 0.0930744 0.0454784 0.0476295
0.04 -0.00967764 0.0863688 0.0129242 0.016146
0.05 -0.00485198 0.0253024 0.0195741 0.0201665
0.06 0.000441242 -0.0180888 0.00670452 0.00671902
0.07 -0.00541594 0.101155 0.0521231 0.0524037
0.08 0.00230253 0.150121 0.0196305 0.019765
0.09 -0.00842118 0.0454299 0.0125422 0.015107
0.1 -0.0140305 0.151275 0.0135247 0.0194878
0.11 -0.0019644 0.0904 0.0325997 0.0326588
0.12 -0.00399726 0.0603396 0.0389035 0.0391083
0.13 -0.00298276 -0.0251613 0.0191374 0.0193685
0.14 -0.000363442 0.0625456 0.000377145 0.000523764
0.15 0.00670217 0.0585598 0.0188064 0.019965
0.16 -0.00955585 0.17518 0.0458244 0.0468102
0.17 0.0109025 0.0334312 0.0260741 0.0282617
0.18 -0.0173172 0.0859241 0.0456858 0.0488577
0.19 0.0039445 0.00669491 0.00621743 0.00736312
0.2 0.000887086 0.0798491 -0.00688934 0.00694622
0.21 -0.00357099 -0.0425691 0.0190381 0.0193701
0.22 -0.00377144 0.0160167 0.0385329 0.038717
0.23 -0.0112637 -0.154137 0.0117873 0.0163037
0.24 0.000390198 -0.0135907 -0.00692482 0.0069358
0.25 -0.00345031 -0.0201965 0.0323178 0.0325014
0.26 0.00311306 0.0474785 -0.000500158 0.00315299
0.27 -0.00809976 -0.0310226 0.0188828 0.0205467
0.28 -0.0153852 -0.0221578 0.0128985 0.0200767
0.29 -0.00475721 0.0385928 0.012494 0.013369
0.3 -0.00370862 -0.0243462 0.0190446 0.0194024
0.31 -0.00965356 0.0863034 0.031931 0.0333584
0.32 -0.00854483 0.027487 0.00679845 0.0109194
0.33 -0.0136231 0.133084 0.0389661 0.0412789
0.34 -0.000426884 0.0669167 0.0327811 0.0327839
0.35 -0.0108142 -0.0426178 0.0640661 0.0649724
0.36 -0.00338755 -0.0113968 0.0447282 0.0448563
0.37 -0.00985945 0.0550167 0.0386282 0.0398667
0.38 -0.00401453 0.0331965 0.0198137 0.0202163
0.39 0.00199475 0.043652 -0.0132225 0.0133721
0.4 -0.00966226 0.0194132 -0.00628457 0.0115263
0.41 -0.00154191 0.0545964 0.0193381 0.0193994
0.42 -0.00785243 0.0316096 0.0255061 0.0266875
0.43 0.00289574 0.0694728 0.0259197 0.026081
0.44 -0.0147784 0.089258 0.0384604 0.041202
0.45 -0.00839085 0.0406544 0.0262418 0.0275506
0.46 -0.0194981 0.0474346 0.00122235 0.0195364
0.47 -0.0129276 0.11036 0.0133751 0.0186015
0.48 -0.00940103 0.0724026 0.0328263 0.0341459
0.49 -0.00989103 0.064059 0.000147589 0.00989213
0.5 -0.0151012 0.0363111 0.0255641 0.0296912
0.51 -0.0036509 -0.0159772 -0.0122792 0.0128105
0.52 -0.00446625 0.00292991 0.0256481 0.0260341
0.53 -0.0091997 0.0722676 0.0454688 0.0463902
0.54 -0.0104237 0.0776191 0.0126656 0.0164034
0.55 -0.0118081 0.0114334 0.0133317 0.0178091
0.56 -0.0095742 0.0907025 0.00017684 0.00957584
0.57 -0.00201219 0.0678715 0.0260632 0.0261408
0.58 -0.0010696 0.0944081 0.0388113 0.038826
0.59 -0.000953742 0.0412135 0.00597872 0.00605431
0.6 -0.00995188 0.0775555 0.00047573 0.00996325
0.61 -0.00728781 0.0131112 -0.00562429 0.00920569
0.62 0.0117209 0.0553568 0.0516398 0.0529533
0.63 -0.000470453 0.0225429 0.0321018 0.0321052
0.64 -0.000662112 0.0361581 0.0254162 0.0254248
0.65 -0.0199916 0.0701648 0.0383416 0.0432405
0.66 -0.0110376 -0.0824949 0.0187195 0.0217313
0.67 0.00417857 0.00664234 0.0252623 0.0256056
0.68 -0.00153116 0.0680972 0.000156418 0.00153913
0.69 -0.0129104 0.0657009 0.00690477 0.0146408
0.7 -0.00758455 0.0225554 0.032752 0.0336187
0.71 -0.0247541 0.0773751 0.0198956 0.0317585
0.72 -0.0204345 0.0389289 0.0259914 0.0330624
0.73 -0.00162585 0.0814909 0.0192208 0.0192894
0.74 -0.00536424 0.0567393 0.0258022 0.0263539
0.75 -0.0136787 0.102116 0.0263507 0.0296895
0.76 0.00274736 0.074195 0.0451078 0.0451914
0.77 -0.000187043 0.00496121 0.0188473 0.0188482
0.78 -0.00123508 0.157162 0.0327539 0.0327772
0.79 0.00317186 0.0341644 0.0063476 0.00709597
0.8 0.00548997 0.0544508 0.025666 0.0262465
0.81 -0.00222347 0.0906587 -0.00656702 0.00693322
0.82 -0.00784629 -0.0397418 0.0185417 0.0201335
0.83 -0.00524814 0.11951 0.000272535 0.00525521
0.84 -0.00144147 0.0366135 0.0189907 0.0190453
0.85 -0.00486238 0.0253347 -0.0192136 0.0198193
0.86 0.00118038 0.182609 5.32489e-05 0.00118158
0.87 -0.00930227 -0.00811581 0.0322986 0.0336115
0.88 -0.000106915 -0.000107752 0.038246 0.0382461
0.89 -0.0133527 -0.0679867 -0.0455791 0.0474947
0.9 -0.00512671 0.0524608 0.0193479 0.0200156
0.91 0.00266677 0.0434331 0.0123713 0.0126554
0.92 -0.00641505 0.209099 0.0134558 0.0149068
0.93 0.00318891 0.0243597 0.00652069 0.00725868
0.94 -0.0203883 0.0215617 0.0260058 0.0330452
0.95 -0.00954817 0.0637707 2.35443e-05 0.0095482
0.96 -0.00242034 0.108663 0.0445629 0.0446286
0.97 -0.0120005 -0.064049 0.0185027 0.0220536
0.98 -0.011531 -0.0199712 0.0131973 0.0175252
0.99 0.0119234 -0.0206667 0.0121093 0.0169942
1 -0.00570401 0.119239 0.0200475 0.0208432
1.01 0.0109441 0.0914607 0.0513763 0.0525291
1.02 0.00407241 0.0241545 0.0321526 0.0324095
1.03 -0.00129223 0.0809134 0.0328162 0.0328416
1.04 -0.000712444 0.0271437 0.044617 0.0446227
1.05 -0.0118491 0.033499 0.0322723 0.0343788
1.06 -0.00764257 -0.0309123 0.0253614 0.0264879
1.07 -0.00996461 0.161788 0.00740649 0.0124157
1.08 -0.0128555 0.0207818 0.0259139 0.0289274
1.09 -0.00114534 0.0629797 0.0190909 0.0191252
1.1 -0.0160671 -0.0795818 -0.000395722 0.016072
1.11 -0.00455671 0.0252863 -0.0196785 0.0201992
1.12 -0.00457389 0.0204413 0.0325383 0.0328582
1.13 -0.00601534 0.150561 0.0137796 0.0150353
1.14 -0.0125601 0.127465 0.027155 0.0299191
1.15 -0.0151703 0.000152819 0.0256751 0.029822
1.16 -0.0167439 0.0944212 0.0462472 0.049185
1.17 -0.00858772 0.0363605 0.00606329 0.0105125
1.18 0.0104724 0.0650011 0.0253266 0.0274063
1.19 -0.0128204 0.150182 0.033042 0.035442
1.2 -0.0125503 -0.00971291 -0.00708725 0.0144132
1.21 -0.00176489 0.107864 0.0390251 0.0390649
1.22 -0.0100297 0.010459 -0.0002674 0.0100333
1.23 -0.00498866 0.0474291 0.0390178 0.0393354
1.24 -0.0144786 -0.0810404 0.0516535 0.0536443
1.25 -0.0132364 0.0346616 0.0191193 0.023254
1.26 -0.000299859 0.0272032 0.00590613 0.00591374
1.27 -0.0134444 0.195389 0.0590376 0.0605491
1.28 -0.0122133 0.0120067 0.0192467 0.0227947
1.29 -0.00851988 0.000534738 0.0317837 0.0329058
1.3 -0.0299051 -0.0982073 0.0192405 0.0355599
1.31 -0.0041783 0.0249209 0.0128534 0.0135155
1.32 -0.00249777 0.131008 0.0128831 0.013123
1.33 -0.00953694 0.193056 0.039537 0.040671
1.34 0.00614317 0.129862 0.0197952 0.0207265
1.35 -0.016966 0.072917 0.01934 0.025727
1.36 0.00991359 0.0655981 0.0314734 0.0329977
1.37 -0.0119565 0.00294481 0.0379827 0.0398201
1.38 0.00437777 -0.0385896 0.0577578 0.0579235
1.39 -0.0115291 0.0158605 0.0265346 0.028931
1.4 -0.0137697 0.191074 0.0329598 0.0357205
1.41 -0.00581866 0.230882 0.0264493 0.0270818
1.42 -0.00979168 0.139562 -0.0128113 0.0161247
1.43 0.00764347 0.0049615 0.0375888 0.0383581
1.44 -0.0237663 -0.00775677 0.0123222 0.0267708
1.45 -0.00917756 -0.0209431 -0.000557981 0.00919451
1.46 -0.0041311 0.0914109 0.0776635 0.0777733
1.47 0.00401743 0.0156431 0.00602338 0.00724022
1.48 0.000965913 0.173489 0.00695235 0.00701913
1.49 -0.00575612 0.150463 0.0266927 0.0273063
1.5 -0.00532971 0.047374 0.0582213 0.0584648
1.51 0.00688641 0.0361609 0.0384908 0.0391019
1.52 -0.000820456 0.0541036 0.025493 0.0255062
1.53 -0.000915234 0.0408133 0.0325732 0.032586
1.54 -0.015862 -0.0215889 0.0383232 0.0414762
1.55 0.00572802 0.0727923 0.0380098 0.038439
1.56 -0.00234206 0.103937 0.0448852 0.0449463
1.57 -0.00598058 0.0704901 0.0513573 0.0517044
1.58 0.00160679 0.0795192 0.0315819 0.0316228
1.59 -0.00356091 -0.00236212 0.0452695 0.0454094
1.6 -0.0115421 0.05593 0.0517219 0.0529941
1.61 -0.00241408 0.0907417 0.0447186 0.0447837
1.62 -0.0020672 0.0675111 0.0197336 0.0198416
1.63 -0.00197878 0.0415723 -0.00688658 0.00716523
1.64 -0.00198366 0.161926 0.05823 0.0582638
1.65 -0.00536041 0.114867 0.051878 0.0521542
1.66 -0.00920042 0.0857802 0.0126387 0.0156328
1.67 0.0043314 -0.0919081 0.0377628 0.0380104
1.68 0.0106406 0.0563108 0.0642755 0.0651503
1.69 -0.0159405 0.0233759 0.0254459 0.0300265
1.7 -0.00749606 0.0361697 0.0903007 0.0906113
1.71 -0.00494476 0.0609925 0.0513771 0.0516145
1.72 -0.0243511 -0.0347752 0.00592526 0.0250616
1.73 -0.00485527 0.0523293 0.0124806 0.0133918
1.74 -0.00870028 0.0942722 0.0327123 0.0338495
1.75 -0.0016583 0.0411694 0.0253741 0.0254283
1.76 -0.0234109 0.0411262 0.0326074 0.0401412
1.77 -0.0200468 -0.0329499 0.0192438 0.0277885
1.78 -0.0043958 0.056183 0.0646499 0.0647992
1.79 -0.0086142 0.0497594 0.0641878 0.0647633
1.8 -0.00384245 0.0293648 0.0514654 0.0516087
1.81 -0.00104036 -0.0662502 0.00525714 0.00535909
1.82 -0.00522128 0.105749 0.0449342 0.0452366
1.83 -0.00414887 0.020286 0.0254387 0.0257748
1.84 -0.000976094 0.0410991 0.0383641 0.0383765
1.85 -0.00982421 0.0816433 0.0581298 0.0589541
1.86 -0.00879607 -0.0441103 0.00599735 0.0106461
1.87 -0.00528316 0.0700627 0.0385023 0.0388631
1.88 -0.0057331 0.0303485 0.0703535 0.0705867
1.89 -0.00914234 0.00568348 0.0189429 0.0210337
1.9 -0.0145435 0.053556 -0.00722341 0.0162386
1.91 0.00949517 0.056917 0.0569325 0.0577189
1.92 -0.0023241 0.0952697 0.0254961 0.0256018
1.93 -0.000700399 0.0404842 0.0516883 0.0516931
1.94 0.0070173 0.0627264 0.0574887 0.0579154
1.95 -0.00168594 0.108159 0.0643664 0.0643885
1.96 -0.000485632 0.0401552 0.070806 0.0708077
1.97 -0.00999523 -0.0202682 0.0178174 0.0204295
1.98 -0.00125855 0.0770732 0.04492 0.0449377
1.99 -0.00678141 0.129299 0.0257454 0.0266235
2 -0.0130455 0.0568568 0.0642838 0.0655942
2.01 -0.00708958 0.182757 0.058472 0.0589002
2.02 -0.0094443 0.0185803 0.0581638 0.0589255
2.03 -0.0105897 0.332206 0.0912234 0.091836
2.04 -0.00919463 0.0597279 -0.032142 0.0334313
2.05 -0.088831 0.0313652 -0.29394 0.30707
2.06 -0.140057 -0.0372783 -0.666395 0.680954
2.07 -0.175334 -0.0988488 -0.983942 0.999442
2.08 -0.121076 -0.163937 -0.950811 0.958489
2.09 -0.0600476 -0.0515085 -0.915182 0.91715
2.1 0.000381082 -0.187814 -0.879676 0.879676
2.11 0.0339749 -0.190974 -0.932608 0.933227
2.12 0.0334322 -0.247163 -1.23582 1.23627
2.13 -0.00668865 -0.248368 -1.61518 1.61519
2.14 -0.0657159 -0.223871 -1.94993 1.95104
2.15 -0.0928192 -0.411445 -2.20278 2.20473
2.16 -0.0909743 -0.380962 -2.29401 2.29582
2.17 -0.0733542 -0.360466 -2.43069 2.43179
2.18 -0.0582968 -0.571085 -2.6257 2.62635
2.19 -0.0180093 -0.416725 -2.86441 2.86447
2.2 -0.00174955 -0.427182 -3.07173 3.07173
2.21 0.0192217 -0.480046 -3.35728 3.35733
2.22 0.0484331 -0.498195 -3.52105 3.52138
2.23 0.108072 -0.534784 -3.72392 3.72549
2.24 0.155033 -0.514021 -3.9666 3.96963
2.25 0.220702 -0.568104 -4.20689 4.21268
2.26 0.269223 -0.571154 -4.45329 4.46142
2.27 0.31194 -0.593224 -4.62377 4.63428
2.28 0.355285 -0.741724 -4.67081 4.6843
2.29 0.39464 -0.659269 -4.73681 4.75322
2.3 0.428857 -0.83663 -4.86897 4.88782
2.31 0.449614 -0.701579 -5.08939 5.10921
2.32 0.445574 -0.752486 -5.29022 5.30895
2.33 0.472429 -0.781697 -5.44604 5.4665
2.34 0.476736 -0.721544 -5.48318 5.50387
2.35 0.467868 -0.721314 -5.52732 5.54709
2.36 0.470249 -0.682398 -5.64953 5.66907
2.37 0.451788 -0.684727 -5.78471 5.80233
2.38 0.448382 -0.749307 -5.87607 5.89316
2.39 0.44542 -0.734324 -5.99947 6.01598
2.4 0.471584 -0.621646 -5.9811 5.99966
2.41 0.481699 -0.784643 -6.09302 6.11203
2.42 0.509546 -0.6953 -6.24165 6.26241
2.43 0.547546 -0.86087 -6.40627 6.42963
2.44 0.571828 -0.849151 -6.52454 6.54955
2.45 0.582911 -0.976713 -6.61053 6.63618
2.46 0.60159 -0.988599 -6.61188 6.63919
2.47 0.616051 -0.970857 -6.70202 6.73027
2.48 0.612288 -0.995915 -6.84435 6.87168
2.49 0.622739 -0.970404 -6.98076 7.00849
2.5 0.635523 -0.947582 -7.14251 7.17072
2.51 0.628051 -0.992045 -7.18803 7.21542
2.52 0.658323 -0.87613 -7.24823 7.27806
2.53 0.623684 -1.0418 -7.30128 7.32787
2.54 0.600074 -0.982819 -7.39055 7.41487
2.55 0.565854 -1.12248 -7.61531 7.63631
2.56 0.570242 -1.14758 -7.80942 7.83022
2.57 0.595151 -1.06056 -7.84261 7.86516
2.58 0.63017 -1.05476 -7.82595 7.85128
2.59 0.663466 -1.17305 -7.68694 7.71552
2.6 0.631095 -1.22091 -7.69329 7.71914
2.61 0.605846 -1.14303 -7.80814 7.83161
2.62 0.571272 -1.24714 -8.00276 8.02312
2.63 0.594091 -1.21258 -8.09428 8.11605
2.64 0.628729 -1.1942 -8.0386 8.06315
2.65 0.66128 -1.37465 -7.93212 7.95963
2.66 0.681829 -1.21779 -7.82837 7.85801
2.67 0.651856 -1.39039 -7.96414 7.99077
2.68 0.59702 -1.18212 -8.19974 8.22145
2.69 0.544339 -1.28399 -8.33844 8.35619
2.7 0.559103 -1.21225 -8.25388 8.2728
2.71 0.564785 -1.26905 -8.2665 8.28577
2.72 0.573968 -1.23892 -8.32562 8.34538
2.73 0.545656 -1.32475 -8.46671 8.48428
2.74 0.534579 -1.31335 -8.68646 8.70289
2.75 0.566488 -1.18697 -8.7444 8.76273
2.76 0.607899 -1.13671 -8.70141 8.72262
2.77 0.674134 -1.33451 -8.66644 8.69262
2.78 0.667268 -1.21854 -8.75904 8.78442
2.79 0.661803 -1.38436 -8.90303 8.92759
2.8 0.67157 -1.40401 -9.09003 9.11481
2.81 0.669931 -1.38064 -9.11054 9.13513
2.82 0.680639 -1.27986 -9.05283 9.07838
2.83 0.69227 -1.40257 -8.9954 9.022
2.84 0.659178 -1.48406 -9.046 9.06998
2.85 0.61871 -1.45878 -9.27591 9.29652
2.86 0.605436 -1.33477 -9.46825 9.48759
2.87 0.613407 -1.37183 -9.53147 9.55119
2.88 0.656368 -1.29654 -9.39631 9.4192
2.89 0.688799 -1.3303 -9.23617 9.26182
2.9 0.669167 -1.31305 -9.21704 9.2413
2.91 0.59944 -1.43496 -9.44697 9.46597
2.92 0.533023 -1.36333 -9.66393 9.67862
2.93 0.516601 -1.32732 -9.77309 9.78673
2.94 0.575792 -1.32449 -9.80091 9.81781
2.95 0.590645 -1.42742 -9.75198 9.76985
2.96 0.597068 -1.32413 -9.8886 9.90661
2.97 0.556438 -1.36221 -9.984 9.99949
2.98 0.508626 -1.56982 -10.1311 10.1439
2.99 0.485787 -1.40489 -10.2183 10.2299
3 0.5068 -1.38264 -10.2501 10.2626
3.01 0.49844 -1.34317 -10.1382 10.1504
3.02 0.452149 -1.17645 -10.1936 10.2036
3.03 0.394349 -1.04777 -10.338 10.3455
3.04 0.358539 -1.28433 -10.6283 10.6344
3.05 0.371309 -1.26558 -10.7132 10.7196
3.06 0.394835 -1.28001 -10.5993 10.6067
3.07 0.380622 -1.03051 -9.48235 9.48999
3.08 0.595085 -0.692785 -6.50458 6.53174
3.09 0.380633 -0.1616 -5.22933 5.24317
3.1 0.421198 -0.116803 -7.46213 7.47401
3.11 -0.0904531 -1.04287 -15.4787 15.479
3.12 0.201169 -1.33405 -13.1527 13.1542
3.13 0.491538 -1.08856 -9.46028 9.47304
3.14 0.699133 -1.0645 -6.93727 6.97241
3.15 0.901763 -1.34536 -5.4829 5.55657
3.16 0.962523 -1.16403 -4.20806 4.31674
3.17 0.914191 -0.929139 -3.36628 3.48821
3.18 0.82337 -0.672831 -2.96012 3.0725
3.19 0.703037 -0.438184 -2.56365 2.6583
3.2 0.559704 -0.27005 -2.2045 2.27444
3.21 0.436951 -0.167519 -1.87453 1.92478
3.22 0.283821 -0.14049 -1.46091 1.48822
3.23 0.146879 -0.0875189 -1.16837 1.17757
3.24 0.0349181 -0.0393549 -0.996042 0.996654
3.25 -0.0211362 -0.0800323 -0.76003 0.760324
3.26 -0.0113155 0.0934816 -0.300307 0.30052
3.27 0.0390628 0.0988589 0.0071794 0.039717
3.28 0.0798445 0.0517004 0.158778 0.177723
3.29 0.0802004 0.0517025 0.144935 0.165645
3.3 0.00231483 -0.0594037 0.0554378 0.0554861
3.31 -0.0176629 0.0555641 0.0898043 0.0915248
3.32 -0.00288004 0.144706 0.0574831 0.0575552
3.33 -0.024686 0.0415297 0.0707571 0.0749398
3.34 -0.0133556 0.0572274 0.0708102 0.0720587
3.35 -0.0140476 0.0530853 0.0772412 0.0785082
3.36 -0.0242118 -0.0613289 0.0375132 0.0446481
3.37 -0.00595961 0.0932264 0.0963401 0.0965242
3.38 -0.00329683 0.0959676 0.0441039 0.044227
3.39 -0.0101995 0.073354 0.0511308 0.0521381
3.4 -0.0139758 0.138264 0.0515726 0.0534327
3.41 -0.00925174 0.0725203 0.0900494 0.0905234
3.42 -0.00603787 0.0261495 0.0704577 0.0707159
3.43 -0.00301883 0.0512115 0.0505468 0.0506368
3.44 0.00553856 0.0196265 0.0307838 0.0312781
3.45 -0.00238539 0.0729353 0.012487 0.0127128
3.46 -0.00939465 -0.0297591 0.0375437 0.0387013
3.47 0.00562746 0.0454958 0.0510373 0.0513467
3.48 -0.0113339 0.00732677 0.0306379 0.0326671
3.49 -0.0132295 0.0217613 0.0442946 0.0462281
3.5 -0.00707452 0.0489987 0.0638583 0.064249
3.51 -0.009046 -0.00789022 0.0512732 0.0520651
3.52 -0.00816464 -0.137252 0.0499258 0.050589
3.53 -0.0214059 0.0621062 0.0645136 0.0679722
3.54 -0.0185021 0.0960595 0.0968062 0.0985584
3.55 -0.00790535 0.103135 0.0505641 0.0511784
3.56 -0.00187649 -0.0476205 0.0432572 0.0432979
3.57 -0.000451407 0.00944756 0.0637473 0.0637489
3.58 -0.0206641 -0.0140157 0.102131 0.1042
3.59 -0.0159003 0.121565 0.0702754 0.0720518
3.6 -0.00612896 0.0752123 0.0705455 0.0708112
3.61 -0.0147519 0.107586 0.0507687 0.0528685
3.62 -0.0140441 0.137917 0.0901625 0.0912497
3.63 -0.00265503 0.144526 0.0639945 0.0640495
3.64 -0.0031672 0.0559335 0.0697349 0.0698068
3.65 -0.0167419 0.0460122 0.0641468 0.0662956
3.66 -0.00155929 0.0549126 0.0954602 0.0954729
3.67 0.00084632 0.066718 0.0830555 0.0830598
3.68 -0.012782 0.0349143 0.0830541 0.0840319
3.69 -0.0184606 0.0647066 0.0776263 0.0797912
3.7 -0.0168312 0.0281523 0.064803 0.0669531
3.71 -0.00642733 0.115627 0.0709888 0.0712792
3.72 -0.0141019 0.160519 0.0835534 0.0847351
3.73 -0.0131391 0.0394804 0.0447479 0.046637
3.74 -0.0164186 -0.048039 0.0767046 0.0784421
3.75 -0.0152634 0.0854517 0.050991 0.0532265
3.76 0.00299096 -0.10437 0.070318 0.0703816
3.77 0.00662208 0.063287 0.0770522 0.0773362
3.78 -0.0094419 0.0143339 0.0578037 0.0585698
3.79 -0.00845154 0.0326085 0.0636272 0.064186
3.8 -0.00943265 0.0105786 0.0257591 0.0274318
3.81 -0.018507 0.154057 0.0517797 0.0549877
3.82 -0.00962339 0.0375265 0.0376374 0.0388482
3.83 -0.000897454 0.121367 0.0839216 0.0839264
3.84 -0.0178736 0.059635 0.0578117 0.0605117
3.85 -0.020612 0.0707448 0.0776473 0.0803365
3.86 0.00221736 0.0568048 0.0704202 0.0704551
3.87 -0.014235 0.138361 0.0386594 0.0411969
3.88 -0.00481549 -0.0241403 0.038296 0.0385976
3.89 -0.0247892 0.0505679 0.0517888 0.0574159
3.9 -0.000751687 0.0275661 0.0514521 0.0514576
3.91 0.00443239 0.211704 0.0258002 0.0261782
3.92 -0.01242 0.0167111 0.013025 0.0179974
3.93 -0.00515687 -0.0455376 0.0180211 0.0187444
3.94 -0.0222094 0.0894917 -0.000328455 0.0222118
3.95 -0.000525154 -0.0126722 0.0191263 0.0191336
3.96 -0.0125059 0.0478323 0.0384071 0.0403918
3.97 0.00175406 0.150686 0.0645675 0.0645913
3.98 -0.0222585 -0.142912 0.0702631 0.0737045
3.99 -0.00997359 0.0598218 0.0642187 0.0649886
4 -0.0145208 -0.156204 0.0375149 0.0402271
4.01 0.00120451 0.0703404 0.0323111 0.0323335
4.02 -0.00707272 0.124906 0.0323253 0.03309
4.03 -0.0112113 0.0429085 -0.0201152 0.0230285
4.04 0.00254776 -0.0594145 0.0827736 0.0828128
4.05 -0.0162536 0.0146407 0.0389095 0.0421679
4.06 -0.00700988 0.236299 0.083755 0.0840479
4.07 -0.012931 0.017197 0.0320475 0.0345579
4.08 -0.00617588 0.102048 0.0193744 0.0203349
4.09 -0.00553149 0.0834803 0.0578016 0.0580657
4.1 -0.0120822 -0.041562 0.044279 0.0458978
4.11 -0.0192316 -0.113456 0.0381053 0.0426834
4.12 -0.0123665 0.0879198 0.0716522 0.0727115
4.13 0.00635605 0.00557972 0.0441242 0.0445797
4.14 0.00194222 0.061343 0.0513945 0.0514312
4.15 0.000628043 0.102406 0.0252531 0.0252609
4.16 -0.00936705 0.0591137 0.0709469 0.0715626
4.17 -0.0133584 0.0482827 0.0514945 0.0531989
4.18 -0.0250059 0.0777635 0.0518312 0.057548
4.19 -0.0174104 0.0911677 0.0449499 0.0482039
4.2 -0.0140814 0.138338 0.038427 0.0409258
4.21 -0.00954427 -0.0207701 0.0319508 0.0333459
4.22 -0.00186812 0.0460357 0.0514676 0.0515015
4.23 -0.016776 0.0685688 0.0514035 0.0540717
4.24 -0.0196426 -0.0283397 0.070663 0.0733422
4.25 -0.01272 0.106451 0.0776846 0.0787191
4.26 -0.0202989 0.0926908 0.0587209 0.0621304
4.27 -0.0057977 0.00835672 0.0382642 0.038701
4.28 -0.00148417 0.0412618 0.051325 0.0513465
4.29 -0.00121998 0.0460434 0.0318016 0.031825
4.3 -0.019991 0.0258615 0.0577131 0.0610774
4.31 -0.0215813 0.147512 0.0384661 0.0441066
4.32 -0.0163038 -0.0168523 0.0381959 0.04153
4.33 -0.0132068 0.0751254 0.0704221 0.0716498
4.34 -0.00663913 0.125062 0.0449332 0.0454211
4.35 -0.00286305 0.109496 0.024996 0.0251595
4.36 0.00231287 0.0701353 0.0130597 0.0132629
4.37 -0.00529565 0.11944 0.0387897 0.0391495
4.38 0.00287927 0.0699902 0.0255086 0.0256706
4.39 -0.0120706 -0.00167896 0.0644488 0.0655695
4.4 -0.013093 0.079427 0.0964618 0.0973464
4.41 -0.00486592 -0.0639453 0.0440376 0.0443056
4.42 -0.0118996 -0.0462011 0.0314932 0.0336663
4.43 -0.0101395 -0.0158487 0.00580298 0.0116826
4.44 -0.00427583 0.00673018 0.0189406 0.0194173
4.45 -0.0120304 -0.0955869 0.0702278 0.0712508
4.46 -0.0170893 0.117328 0.0651713 0.0673746
4.47 0.00680184 0.0270635 0.0512892 0.0517383
4.48 -0.00871648 0.0454461 0.0517941 0.0525225
4.49 -0.0113906 0.123114 0.0387853 0.0404233
4.5 -0.00165322 0.0683464 0.0642449 0.0642662
4.51 -0.0260836 0.0653643 0.012476 0.0289137
4.52 -0.0102419 0.0688955 0.0318342 0.0334412
4.53 -0.00548759 0.00798616 0.0317378 0.0322088
4.54 -0.0142279 0.0935535 0.0447961 0.0470013
4.55 -0.00601927 0.0534741 0.0381535 0.0386254
4.56 -0.00836464 0.0053909 0.0576829 0.0582862
4.57 -0.0245049 0.0196347 0.0451083 0.0513347
4.58 0.000542741 0.0892237 0.070006 0.0700081
4.59 -0.00632425 0.10677 0.0385625 0.0390777
4.6 -0.00702166 0.116301 0.0444803 0.0450311
4.61 -0.00926628 0.0235314 0.0768167 0.0773736
4.62 -0.0121652 -0.0148081 0.0452761 0.0468819
4.63 -0.0159205 -0.0349784 0.0446299 0.0473845
4.64 -0.0178225 0.0245072 0.0317289 0.0363918
4.65 0.00220101 0.0254146 0.0509704 0.0510179
4.66 -0.00537235 0.0213927 0.0508428 0.0511259
4.67 -0.0125724 -0.0500666 0.0378532 0.0398865
4.68 0.00307007 0.0161153 0.069891 0.0699583
4.69 -0.0157901 0.0235141 0.0575279 0.0596556
4.7 -0.00528581 0.0436822 0.0577183 0.0579598
4.71 0.0055611 0.0728295 0.0831643 0.08335
4.72 -0.0020498 0.0549202 0.00604599 0.00638402
4.73 0.00108956 0.0487632 0.0185501 0.018582
4.74 -0.0232431 -0.0485134 0.0446433 0.0503315
4.75 -0.0144264 0.102633 0.0514693 0.0534529
4.76 -0.00619356 0.0532205 0.0384562 0.0389518
4.77 -0.0101438 0.0379039 0.0189845 0.0215246
4.78 -0.00811937 -0.0303434 0.0507861 0.0514311
4.79 -0.0212612 0.124489 0.0519274 0.0561114
4.8 -0.000963167 0.0275525 0.051414 0.051423
4.81 -0.0316249 -0.0568936 0.0515231 0.0604546
4.82 -0.0013862 0.0275254 0.0513402 0.0513589
4.83 -0.0189551 -0.148783 0.0436718 0.047608
4.84 -0.0205617 -0.0679522 0.00585127 0.021378
4.85 -0.0169043 0.108443 0.0520254 0.0547029
4.86 -0.00199455 0.0458322 0.0383948 0.0384466
4.87 -0.00226803 0.0420395 0.0509636 0.051014
4.88 -0.00899906 0.130583 0.0902512 0.0906987
4.89 -0.0142431 0.0312124 0.0381406 0.0407133
4.9 -0.0203298 0.0123117 0.0260384 0.0330348
4.91 -0.0146578 0.0582001 0.04462 0.0469659
4.92 -0.0208176 0.079514 0.0646129 0.0678837
4.93 -0.016266 0.0415395 0.0192818 0.0252264
4.94 -0.024811 0.0462257 0.0586724 0.0637027
4.95 -0.0024538 0.117707 0.0646529 0.0646994
4.96 -0.0170691 -0.0208188 0.0127444 0.021302
4.97 -0.0151452 -0.0310245 0.0837292 0.0850879
4.98 -0.00618558 0.13773 0.0453167 0.0457369
4.99 0.000804935 0.182309 0.0391081 0.0391164
5 -0.0206577 0.114675 0.0655922 0.0687683
5.01 -0.00237039 0.157755 0.0390575 0.0391294
5.02 -0.0244937 0.0236868 0.0519416 0.0574271
5.03 -0.0167599 0.0548603 0.0321388 0.0362464
5.04 -0.0105355 0.131447 0.0712697 0.0720442
5.05 -0.0104992 0.0821852 0.0385969 0.0399994
5.06 -0.0102471 0.0961047 0.0319148 0.0335195
5.07 -0.0153599 -0.0531741 0.0446996 0.047265
5.08 -0.0254148 0.113534 0.0453143 0.0519548
5.09 -0.00528966 -0.0144458 0.0316419 0.032081
5.1 -0.0192402 -0.131022 0.00553473 0.0200204
5.11 -0.0131038 0.0341994 0.0452132 0.0470738
5.12 -0.001373 0.0367797 0.0317954 0.0318251
5.13 -0.00522858 0.00806935 -0.00674059 0.00853075
5.14 -0.00841961 -0.0658358 0.0827649 0.0831921
5.15 -0.0277773 0.012721 0.0644853 0.0702135
5.16 -0.0118233 0.0383135 0.0774107 0.0783084
5.17 -0.00217705 0.0731108 0.0448396 0.0448924
5.18 -0.0160435 0.0322334 0.057869 0.0600518
5.19 -0.0106409 0.247486 0.0654245 0.0662842
5.2 -0.0151057 -0.151315 0.0501567 0.052382
5.21 -0.00819961 0.000312597 0.0126529 0.0150775
5.22 -0.0180417 0.0333096 0.0384723 0.0424926
