0 -0.0109018 0.18539 -0.0253165 0.027564
0.01 -0.0125832 0.0929787 -0.0258625 0.0287612
0.02 -0.0139495 0.155836 -0.0444824 0.0466184
0.03 -0.0158431 0.0725381 -0.0185742 0.0244133
0.04 -0.0155356 0.0856816 0.00063666 0.0155486
0.05 -0.0191465 -0.0506054 -0.020079 0.0277445
0.06 -0.00271927 0.314911 -0.0376549 0.0377529
0.07 -0.00716761 -0.0217089 -0.0200162 0.0212608
0.08 -0.020873 0.142213 -0.0120074 0.0240803
0.09 -0.00731101 0.0584168 0.012969 0.0148878
0.1 -0.0179997 0.274287 -0.00491166 0.0186578
0.11 -0.00605572 0.151304 -0.0318919 0.0324618
0.12 -0.00825818 0.0499629 -0.0261876 0.0274589
0.13 -0.0085426 0.126014 -0.00593445 0.0104016
0.14 -0.00926256 0.112972 -0.0126874 0.0157088
0.15 -0.00795313 0.112471 0.00695918 0.010568
0.16 -0.00604168 0.0841673 0.000293291 0.00604879
0.17 0.00318886 0.101547 0.0128823 0.0132712
0.18 -0.0123132 0.0969529 -0.0312546 0.0335927
0.19 -0.00497267 0.0882678 0.0324533 0.032832
0.2 -0.0106153 0.198276 -0.0311739 0.0329317
0.21 -0.00836936 0.054445 -0.00665866 0.010695
0.22 -0.00214808 0.148791 2.08386e-06 0.00214808
0.23 -0.014053 0.276574 0.0271987 0.0306146
0.24 -0.00712923 -0.0755395 -0.00054244 0.00714984
0.25 -0.0168737 0.103989 0.0132216 0.0214367
0.26 -0.00550586 0.119608 -0.0126399 0.013787
0.27 0.00197946 0.0840845 -0.0322508 0.0323115
0.28 -0.0127813 0.115249 0.000487111 0.0127906
0.29 -0.0160622 0.0456509 -0.0262824 0.0308019
0.3 0.00230864 0.101409 0.00632999 0.00673785
0.31 -0.00324263 -0.068882 0.00540444 0.00630259
0.32 -0.0122384 0.105882 -0.0063101 0.0137694
0.33 -0.0205369 0.0349574 -0.0640449 0.0672571
0.34 -0.0170992 0.193752 -0.0253402 0.0305697
0.35 -0.0280828 0.0932257 0.00640996 0.0288051
0.36 -0.000906372 0.0587019 0.0126397 0.0126721
0.37 -0.0117281 0.114523 0.0011591 0.0117853
0.38 0.000101908 0.0670311 0.0197499 0.0197502
0.39 -0.0205516 0.0751896 -0.0065425 0.0215678
0.4 -0.005375 0.0662201 -0.0389998 0.0393685
0.41 -0.00763688 0.0407493 -0.00653161 0.0100491
0.42 -0.00161192 0.117469 -0.0386138 0.0386475
0.43 -0.00867269 0.112621 0.019882 0.0216912
0.44 0.00319631 0.047632 -0.0326144 0.0327706
0.45 -0.0127167 0.0572878 -0.0127846 0.0180322
0.46 -0.00430909 0.038575 0.00643841 0.00774734
0.47 -0.00575368 0.168857 0.0199941 0.0208055
0.48 -0.00478136 0.172223 -0.0054271 0.0072329
0.49 -0.00231214 0.158115 -0.0131785 0.0133798
0.5 -0.00901983 0.103963 0.000690265 0.0090462
0.51 -0.0131661 0.0483616 -0.0260447 0.0291835
0.52 -0.00758135 0.0544621 -0.00677673 0.0101686
0.53 -0.0072396 0.0356201 0.0260514 0.0270386
0.54 -0.0157803 0.032175 -0.0380625 0.041204
0.55 -0.00720309 -0.093776 -0.000587063 0.00722697
0.56 -0.00798934 0.129826 0.0205933 0.0220887
0.57 -0.0267599 -0.0100628 -0.00648947 0.0275356
0.58 -0.000529692 0.0985748 0.0326128 0.0326171
0.59 -0.0176171 0.127005 -0.025457 0.0309583
0.6 -0.0176853 0.149297 0.00679445 0.0189456
0.61 -0.0118421 0.0968494 0.00683516 0.0136732
0.62 -0.0201121 0.0973393 -0.0123937 0.0236241
0.63 -0.0123719 0.0796204 0.00589208 0.0137033
0.64 -0.00924631 0.121723 0.0131034 0.0160373
0.65 -0.0100188 -0.113771 0.00559212 0.0114738
0.66 -0.0052978 0.0841139 -0.0198781 0.020572
0.67 0.00251318 0.114323 -0.0188072 0.0189744
0.68 -0.0130911 0.119724 -0.0500802 0.0517629
0.69 -0.0222814 0.232501 -0.00574725 0.0230107
0.7 0.00291904 0.0788756 -0.00622639 0.00687668
0.71 -0.0266598 -0.0731445 -0.0455513 0.0527794
0.72 -0.00421057 0.0833092 0.0134498 0.0140935
0.73 -0.00855895 0.0946241 -0.0253843 0.0267884
0.74 -0.00400175 0.0518994 -0.0257422 0.0260514
0.75 -0.017399 0.068858 -0.0127075 0.0215455
0.76 -0.00910599 0.135265 -0.0253199 0.0269076
0.77 0.0026525 0.110409 0.00644214 0.00696684
0.78 -0.0136781 0.241043 -0.0251909 0.0286648
0.79 -0.0206838 0.102054 -0.0184204 0.0276971
0.8 0.000415829 0.044835 -0.00605792 0.00607217
0.81 -0.0153607 0.112498 -0.0117061 0.0193128
0.82 -0.00929046 0.063997 0.0190013 0.0211509
0.83 -0.0103559 0.198339 -0.0445138 0.0457025
0.84 -0.00351438 -0.028836 -0.00634557 0.00725376
0.85 -0.00901743 0.0997168 0.000330236 0.00902348
0.86 -0.00482173 0.0794604 -0.0133485 0.0141926
0.87 -0.0104761 0.171722 0.000416466 0.0104844
0.88 0.00663556 0.0634345 0.00588034 0.00886618
0.89 -0.00514694 0.190949 -0.00586983 0.00780679
0.9 -0.0128028 0.191183 0.000224546 0.0128047
0.91 -0.00560392 0.133345 -0.0126533 0.0138387
0.92 0.00348601 0.105294 -0.00581818 0.00678258
0.93 -0.000232125 0.0449885 -0.0126449 0.012647
0.94 -0.00856506 0.175404 -0.0192956 0.0211111
0.95 -0.0115382 0.065237 -0.0317455 0.0337773
0.96 -0.00893137 0.046117 -0.0449662 0.0458446
0.97 0.0049294 0.175581 -0.0130296 0.0139309
0.98 -0.00766728 0.0987943 0.0131418 0.0152149
0.99 -0.00948652 0.162336 -0.0124382 0.0156429
1 -0.0134496 0.0577922 -0.0325874 0.0352538
1.01 -0.0249145 0.185227 -0.00601468 0.0256303
1.02 -0.00470122 0.0966292 -0.0322613 0.032602
1.03 -0.011395 -0.0150497 -0.0384777 0.0401296
1.04 -0.0125302 0.110777 0.000506034 0.0125404
1.05 -0.000433599 0.0543912 8.97897e-05 0.000442798
1.06 0.00258963 0.208428 -1.83994e-05 0.0025897
1.07 -0.00717736 0.00454459 0.00680119 0.00988791
1.08 -0.0131985 0.133273 0.0127919 0.0183802
1.09 0.000132505 -0.0711478 0.00611085 0.00611228
1.1 -0.0237444 0.095134 0.0261327 0.0353088
1.11 0.00300003 0.0523041 -4.76111e-05 0.0030004
1.12 -0.0129164 0.0973183 -0.0189051 0.0228962
1.13 -0.011522 0.105895 0.0130816 0.0174323
1.14 0.0173948 0.114779 0.0122534 0.0212773
1.15 0.006822 0.116923 0.0191703 0.020348
1.16 -0.00244661 0.0958804 -0.0131991 0.013424
1.17 -0.0124283 0.0527361 -0.0386778 0.0406255
1.18 -0.0183696 -0.109188 -0.0397299 0.0437711
1.19 -0.00378171 0.0694795 0.00686582 0.00783841
1.2 -0.0161238 0.0682738 0.00053739 0.0161328
1.21 -0.0076964 -0.0218234 -0.00698499 0.0103935
1.22 -0.00383882 0.00266022 0.00605241 0.00716716
1.23 -0.0100217 0.140248 -0.00608462 0.0117242
1.24 -0.0300712 0.183852 -0.00624827 0.0307135
1.25 -0.017167 0.126643 -0.0124348 0.0211975
1.26 -0.0163258 0.0192059 0.0062734 0.0174896
1.27 0.00999913 0.123879 0.025438 0.0273327
1.28 -0.00239368 0.193974 -0.0191186 0.0192678
1.29 -0.010002 0.264801 -0.00530721 0.0113228
1.3 -0.0191354 0.284329 -0.024623 0.0311842
1.31 0.00598045 0.108396 -0.00684144 0.00908687
1.32 -0.00797188 0.0853274 -0.0121306 0.0145156
1.33 -0.000914023 0.0901575 0.0130802 0.0131121
1.34 0.00238151 0.0704625 -0.000388533 0.002413
1.35 -0.012284 0.101586 0.00670784 0.0139961
1.36 -0.00528918 0.12432 0.0063539 0.00826725
1.37 -0.00179173 0.131053 -0.00651234 0.00675432
1.38 -0.0119854 0.074543 -0.0254513 0.0281321
1.39 -0.00490387 0.0793273 -0.00637222 0.00804072
1.4 -0.00123158 0.0770265 -0.0197798 0.0198181
1.41 -0.00432438 0.0790077 -0.0125899 0.0133119
1.42 -0.00326886 0.0513948 -0.00593944 0.00677955
1.43 -0.00199065 0.126942 -0.0195149 0.0196162
1.44 -0.00835906 0.0544129 0.0321309 0.0332005
1.45 -0.0199185 0.10602 0.00703044 0.0211228
1.46 0.0019476 0.159708 0.00634711 0.0066392
1.47 -0.0162501 0.0907099 -0.0188764 0.0249075
1.48 -0.00107321 0.0722918 -0.0253188 0.0253415
1.49 -0.000437779 0.0856653 -0.00664305 0.00665746
1.5 -0.00130493 0.117261 -0.0128251 0.0128913
1.51 -0.00570438 0.128688 -0.00596675 0.00825482
1.52 -0.0115792 0.0296469 0.0131439 0.0175168
1.53 -0.00490433 0.0434964 -0.0197101 0.0203111
1.54 -0.00383067 0.00703542 0.0189466 0.01933
1.55 -0.00783821 0.0276735 -0.0137113 0.0157936
1.56 0.00652984 0.116778 0.0261078 0.026912
1.57 0.00199136 0.110737 0.0185236 0.0186303
1.58 -0.00179685 0.228948 0.0135513 0.0136699
1.59 0.00184948 0.057641 -0.0272221 0.0272848
1.6 0.00405912 0.0471495 -0.00691154 0.00801535
1.61 -0.00957189 0.149154 0.0323172 0.033705
1.62 0.00292323 0.0570306 -0.000369885 0.00294654
1.63 -0.0073966 0.000136157 0.0190075 0.0203959
1.64 0.00571861 0.122008 0.00598522 0.008278
1.65 0.00279151 0.0613964 -0.00702359 0.007558
1.66 -0.00565209 0.119923 0.0324436 0.0329323
1.67 -0.00760343 0.0141084 0.0381637 0.0389138
1.68 -0.0156896 0.0498745 -0.0124681 0.0200404
1.69 -0.0106032 0.167434 0.0192957 0.022017
1.7 -0.00843321 0.0456249 0.00606954 0.0103903
1.71 -0.0012393 0.108482 -0.0193368 0.0193765
1.72 0.00753054 0.0804727 0.0580238 0.0585104
1.73 -0.00486967 0.0661997 0.00549233 0.00734026
1.74 -0.00533116 0.133053 0.00673312 0.00858814
1.75 0.0153424 0.0763106 -0.0263107 0.0304572
1.76 -0.00420541 0.0653678 0.038744 0.0389716
1.77 0.0108418 0.0565177 -0.000726405 0.0108662
1.78 -0.0126156 0.0658679 -0.0251713 0.0281558
1.79 0.0050602 0.144672 -0.0194769 0.0201235
1.8 0.00170311 0.128661 0.012701 0.0128147
1.81 -0.0121392 0.0611949 0.00649696 0.0137684
1.82 -0.00107754 0.112834 -0.0066744 0.00676082
1.83 0.00668288 0.0501323 -0.000921068 0.00674605
1.84 -0.021035 0.111279 0.0125119 0.0244749
1.85 -0.00536972 0.186722 0.0135123 0.0145402
1.86 -0.0393515 0.0730355 -0.0500712 0.0636842
1.87 -0.099545 0.0767122 -0.191709 0.216013
1.88 -0.174715 0.106718 -0.402197 0.438506
1.89 -0.196631 -0.0541314 -0.556067 0.589809
1.9 -0.212583 -0.0355828 -0.620678 0.656074
1.91 -0.209712 -0.202098 -0.54614 0.58502
1.92 -0.162989 0.0186709 -0.488958 0.515408
1.93 -0.153361 0.0751258 -0.405937 0.43394
1.94 -0.145449 0.0298381 -0.380379 0.407239
1.95 -0.134577 -0.0121313 -0.418075 0.439201
1.96 -0.166302 0.128324 -0.506838 0.533424
1.97 -0.199247 0.162501 -0.620349 0.651562
1.98 -0.197698 0.0952041 -0.691048 0.718771
1.99 -0.211223 0.112321 -0.793872 0.821491
2 -0.204976 -0.0162661 -0.845855 0.870337
2.01 -0.165344 0.0301952 -0.834712 0.850931
2.02 -0.18212 0.0536857 -0.847162 0.866517
2.03 -0.178295 -0.0108325 -0.938632 0.955416
2.04 -0.174491 -0.0528079 -1.08776 1.10167
2.05 -0.206888 -0.0242138 -1.16484 1.18307
2.06 -0.194863 -0.223729 -1.3342 1.34835
2.07 -0.16345 -0.0102816 -1.38741 1.397
2.08 -0.158041 -0.192433 -1.53172 1.53985
2.09 -0.137819 -0.0226775 -1.56504 1.5711
2.1 -0.0955949 -0.209355 -1.67677 1.67949
2.11 -0.0890105 -0.191714 -2.01326 2.01523
2.12 -0.0672387 -0.284852 -2.22244 2.22346
2.13 -0.0724266 -0.299502 -2.30732 2.30846
2.14 -0.0668881 -0.164526 -2.37872 2.37966
2.15 -0.0541813 -0.324233 -2.44486 2.44546
2.16 -0.0336824 -0.358961 -2.61384 2.61406
2.17 -0.0164393 -0.468335 -2.92445 2.9245
2.18 0.00768563 -0.339943 -3.13191 3.13192
2.19 0.0197879 -0.422835 -3.31284 3.3129
2.2 0.0375183 -0.397515 -3.49394 3.49414
2.21 0.0389062 -0.452117 -3.7206 3.7208
2.22 0.0612541 -0.49637 -3.89581 3.89629
2.23 0.0759371 -0.536435 -4.10942 4.11012
2.24 0.101305 -0.409175 -4.31498 4.31617
2.25 0.123814 -0.467148 -4.52334 4.52503
2.26 0.146013 -0.556858 -4.66768 4.66996
2.27 0.189577 -0.55233 -4.8249 4.82862
2.28 0.210774 -0.628235 -4.99593 5.00038
2.29 0.233126 -0.7764 -5.19778 5.203
2.3 0.254603 -0.60654 -5.44378 5.44973
2.31 0.263755 -0.701367 -5.70333 5.70943
2.32 0.275827 -0.687031 -5.91033 5.91676
2.33 0.297154 -0.785514 -6.1194 6.12661
2.34 0.348277 -0.76376 -6.2119 6.22165
2.35 0.385181 -0.844777 -6.38273 6.39434
2.36 0.397359 -0.776965 -6.54543 6.55748
2.37 0.414495 -0.841368 -6.75394 6.76664
2.38 0.442427 -0.947829 -6.93707 6.95116
2.39 0.456877 -0.943979 -7.11279 7.12745
2.4 0.486727 -0.953648 -7.21181 7.22821
2.41 0.495879 -1.00469 -7.36169 7.37838
2.42 0.520758 -1.0023 -7.42792 7.44616
2.43 0.544318 -1.05712 -7.53246 7.55211
2.44 0.544944 -1.1383 -7.62925 7.64869
2.45 0.538434 -1.11214 -7.8354 7.85388
2.46 0.533622 -1.1452 -7.9587 7.97657
2.47 0.539804 -1.11279 -8.05535 8.07342
2.48 0.541984 -1.07394 -8.11367 8.13175
2.49 0.527631 -1.04742 -8.1386 8.15569
2.5 0.525541 -1.17119 -8.30126 8.31787
2.51 0.520787 -1.14577 -8.39214 8.40829
2.52 0.503069 -1.10419 -8.48922 8.50411
2.53 0.539168 -1.01452 -8.58783 8.60474
2.54 0.541614 -1.10152 -8.65402 8.67095
2.55 0.568501 -1.22988 -8.61028 8.62903
2.56 0.565452 -1.15613 -8.6059 8.62446
2.57 0.526952 -1.25814 -8.65711 8.67313
2.58 0.480628 -1.15798 -8.74682 8.76001
2.59 0.460767 -1.33806 -8.84447 8.85646
2.6 0.494552 -1.36804 -8.88525 8.89901
2.61 0.534821 -1.35753 -8.91965 8.93567
2.62 0.546088 -1.25798 -8.95242 8.96906
2.63 0.544694 -1.4527 -8.88291 8.89959
2.64 0.541751 -1.3615 -8.77178 8.7885
2.65 0.495311 -1.32844 -8.6528 8.66696
2.66 0.444538 -1.12252 -8.67544 8.68683
2.67 0.382407 -1.30728 -8.86164 8.86989
2.68 0.37597 -1.32952 -9.0694 9.07719
2.69 0.423127 -1.42616 -9.20236 9.21208
2.7 0.495444 -1.48908 -9.2202 9.2335
2.71 0.584134 -1.5171 -9.16624 9.18483
2.72 0.609427 -1.67556 -9.08562 9.10604
2.73 0.625902 -1.66368 -9.07261 9.09417
2.74 0.608034 -1.54047 -9.1419 9.1621
2.75 0.567032 -1.56955 -9.28172 9.29902
2.76 0.5623 -1.51779 -9.28082 9.29784
2.77 0.590515 -1.53564 -9.13355 9.15262
2.78 0.618356 -1.52121 -9.08348 9.1045
2.79 0.598924 -1.47361 -9.01088 9.03076
2.8 0.542119 -1.58135 -8.9825 8.99884
2.81 0.493299 -1.58227 -8.97994 8.99348
2.82 0.488704 -1.37818 -9.00932 9.02257
2.83 0.463988 -1.37705 -9.06528 9.07715
2.84 0.495705 -1.46405 -9.06676 9.0803
2.85 0.515719 -1.35619 -9.09966 9.11427
2.86 0.533304 -1.25596 -9.19627 9.21172
2.87 0.570049 -1.40302 -9.19801 9.21566
2.88 0.571225 -1.28764 -9.04298 9.061
2.89 0.585318 -1.33599 -8.91379 8.93299
2.9 0.550745 -1.34596 -8.82913 8.84629
2.91 0.542552 -1.28748 -8.89925 8.91577
2.92 0.531856 -1.41466 -9.04123 9.05686
2.93 0.53705 -1.37808 -9.13208 9.14786
2.94 0.576786 -1.34006 -9.07374 9.09205
2.95 0.571978 -1.34589 -9.00089 9.01905
2.96 0.513459 -1.24735 -8.93335 8.94809
2.97 0.469537 -1.34825 -9.00204 9.01427
2.98 0.420305 -1.31821 -9.10754 9.11724
2.99 0.422214 -1.12804 -9.14219 9.15194
3 0.434417 -1.2392 -9.11591 9.12626
3.01 0.477031 -1.10935 -9.09648 9.10898
3.02 0.451686 -1.16078 -9.13614 9.14729
3.03 0.453406 -1.34428 -9.24133 9.25244
3.04 0.411188 -1.18464 -9.41376 9.42273
3.05 0.411686 -1.07363 -9.45337 9.46233
3.06 0.434811 -1.17753 -9.36502 9.3751
3.07 0.468056 -1.18514 -9.3865 9.39817
3.08 0.473448 -1.24656 -9.52356 9.53532
3.09 0.462796 -1.46822 -9.77171 9.78266
3.1 0.4512 -1.39947 -9.93933 9.94957
3.11 0.476553 -1.20565 -9.91405 9.9255
3.12 0.51234 -1.24587 -9.80601 9.81938
3.13 0.544872 -1.23104 -9.67105 9.68639
3.14 0.553995 -1.31748 -9.66481 9.68067
3.15 0.553068 -1.32207 -9.88992 9.90537
3.16 0.556754 -1.21876 -9.9158 9.93141
3.17 0.407623 -1.14008 -7.99174 8.00213
3.18 0.664254 -0.546054 -5.37811 5.41898
3.19 1.09236 -0.566882 -6.02544 6.12365
3.2 1.07315 -0.350294 -7.1106 7.19113
3.21 0.733956 -0.518622 -13.2262 13.2465
3.22 0.624859 -1.42902 -11.6444 11.6611
3.23 0.855791 -1.40267 -8.92202 8.96297
3.24 0.910037 -1.41847 -6.68626 6.74791
3.25 0.842155 -1.37584 -5.35285 5.41869
3.26 0.824602 -1.06796 -4.28487 4.36349
3.27 0.736514 -0.933242 -3.75874 3.83022
3.28 0.608548 -0.808936 -3.52206 3.57424
3.29 0.464787 -0.648235 -3.22788 3.26117
3.3 0.342973 -0.549425 -3.15845 3.17701
3.31 0.240683 -0.553366 -2.9035 2.91346
3.32 0.143336 -0.542007 -2.69443 2.69824
3.33 0.00963576 -0.486311 -2.42915 2.42917
3.34 -0.0954569 -0.430321 -2.14318 2.14531
3.35 -0.113243 -0.328708 -1.81535 1.81888
3.36 -0.0979438 -0.177517 -1.50303 1.50622
3.37 -0.0397644 -0.0624565 -1.3167 1.3173
3.38 0.0812694 -0.217199 -1.12945 1.13237
3.39 0.177949 -0.278012 -0.986469 1.00239
3.4 0.255658 -0.206097 -0.744316 0.786999
3.41 0.28366 -0.174071 -0.479494 0.557116
3.42 0.259585 -0.132365 -0.270358 0.374804
3.43 0.218241 -0.128983 -0.11101 0.244852
3.44 0.167389 -0.119082 -0.0303586 0.17012
3.45 0.105897 0.14729 0.0847509 0.135635
3.46 0.0450846 0.0697093 0.0223768 0.0503323
3.47 -0.00494714 0.0122943 0.0244281 0.024924
3.48 -0.0117117 0.0969536 0.0185646 0.0219501
3.49 -0.0104297 0.140963 0.0572859 0.0582276
3.5 -0.0114162 0.172666 0.0577386 0.0588564
3.51 0.00457277 0.131901 -0.00112101 0.00470817
3.52 -0.000263137 0.166135 -0.00715068 0.00715552
3.53 0.00567784 0.0865788 0.0246216 0.0252678
3.54 -0.00612041 0.11576 0.0191317 0.0200869
3.55 0.00249791 0.0838895 -0.00642463 0.00689314
3.56 0.00188898 0.0756332 -0.00732933 0.00756884
3.57 -0.00341565 0.185677 -0.0064485 0.00729725
3.58 -0.0181066 0.140939 0.038312 0.0423752
3.59 -0.0022485 0.0959075 0.0317604 0.0318399
3.6 -0.0026248 -0.0560071 -0.00121958 0.0028943
3.61 0.00417042 0.162781 0.038444 0.0386696
3.62 -0.00359232 0.199099 -0.00666147 0.00756835
3.63 -0.00738103 0.187973 0.0127816 0.0147597
3.64 -0.0229955 0.147946 0.00679081 0.0239772
3.65 0.00966966 0.0705425 0.024914 0.0267247
3.66 -0.00228277 0.0731847 0.0316966 0.0317787
3.67 0.00584376 0.0596562 0.0440162 0.0444025
3.68 -0.0023625 0.078234 0.0374364 0.0375109
3.69 0.0103696 0.0257931 0.0565723 0.0575148
3.7 -0.00949351 0.10437 -0.00620007 0.0113388
3.71 -0.00351155 0.149727 0.0321088 0.0323003
3.72 0.00946828 0.110736 0.0511079 0.0519776
3.73 -0.00686779 0.16044 0.0259913 0.0268833
3.74 -0.0140526 0.0938275 0.0193548 0.0239182
3.75 -0.00574165 0.0354217 0.0314444 0.0319643
3.76 -0.0112111 0.128066 0.0574408 0.0585246
3.77 0.00113302 0.125044 0.0382681 0.0382849
3.78 -0.0028688 0.131664 0.0252029 0.0253657
3.79 0.00108268 0.11603 0.0574689 0.0574791
3.8 -0.0212447 0.0936669 0.0186904 0.028296
3.81 -0.0068779 0.205571 0.025918 0.0268151
3.82 0.00651359 0.0770557 0.0382549 0.0388055
3.83 -0.00257651 0.104946 0.0576753 0.0577328
3.84 -0.0135206 0.0934382 0.0516543 0.0533945
3.85 0.00629998 0.104089 0.00598219 0.00868771
3.86 -0.0110454 0.0786842 0.0317799 0.0336446
3.87 -0.00305815 0.171663 0.0578695 0.0579502
3.88 -0.00603262 0.146994 0.0453254 0.0457251
3.89 -0.00652522 0.106885 0.0510617 0.0514769
3.9 -0.00975966 0.0782288 0.0575608 0.0583823
3.91 -0.016691 0.0284839 0.0318474 0.0359562
3.92 0.0140874 0.0636392 0.0183454 0.0231302
3.93 -0.00550548 0.061933 0.0384499 0.0388421
3.94 -0.0107987 0.185619 0.0190316 0.0218818
3.95 0.00629971 0.0680777 0.0440396 0.0444879
3.96 0.00489845 0.126768 0.0509718 0.0512066
3.97 -0.00267478 0.176176 0.0579649 0.0580266
3.98 -0.0059067 0.111366 0.0450634 0.0454489
3.99 -0.0165821 -0.0518859 0.0187122 0.0250022
4 -0.00248347 0.109312 0.00613827 0.00662163
4.01 -0.0126426 0.0753435 0.0386522 0.0406673
4.02 0.00715122 0.0637237 0.0115145 0.0135545
4.03 0.00991358 0.0882378 0.0251379 0.0270221
4.04 -0.00342419 0.154558 0.0440889 0.0442217
4.05 -0.00226936 0.104898 0.0572104 0.0572554
4.06 0.00270698 0.0749387 -0.000563652 0.00276504
4.07 -0.013075 0.0310258 0.0443009 0.0461901
4.08 0.00290091 0.0968109 0.0385394 0.0386484
4.09 -0.00647922 0.169652 0.0450424 0.045506
4.1 -0.0097671 0.0647271 0.0181725 0.0206309
4.11 -0.00127977 0.108723 0.038893 0.038914
4.12 -0.00606723 0.226883 0.0591417 0.0594521
4.13 -0.010074 0.0778047 0.0645667 0.0653479
4.14 -0.00107434 0.0641034 0.0637337 0.0637427
4.15 0.0128654 0.0821825 0.00521601 0.0138825
4.16 -0.00969153 0.104162 0.000237562 0.00969444
4.17 -0.00788537 -0.0391584 -0.000876859 0.00793398
4.18 -0.00279706 0.176948 -0.00698641 0.00752552
4.19 -0.00588839 0.102679 0.0508179 0.0511579
4.2 -0.00477106 0.00815992 0.0248791 0.0253324
4.21 -0.00983548 0.180365 0.0389243 0.0401477
4.22 0.00469492 0.15395 0.00609711 0.00769526
4.23 -0.0248016 0.0602114 0.0193012 0.031427
4.24 -0.00698129 0.223877 0.0323294 0.0330746
4.25 -0.00488811 0.0841545 0.0251176 0.0255889
4.26 0.0057469 0.113308 0.0253863 0.0260287
4.27 0.00845047 0.0536451 0.0446419 0.0454346
4.28 -0.0105284 0.109621 -0.00657983 0.0124154
4.29 0.00213864 0.10195 0.00614819 0.00650953
4.3 -0.00198647 0.0824568 -0.00731925 0.00758403
4.31 -0.00285587 0.211624 0.000503263 0.00289987
4.32 -0.00255547 0.0961161 0.00597228 0.00649604
4.33 0.00682636 0.0858105 -0.000349793 0.00683532
4.34 0.00113261 0.111853 0.0185923 0.0186268
4.35 0.00683863 0.045701 0.0247425 0.0256702
4.36 -0.00797424 0.00549678 0.0251038 0.0263399
4.37 -0.00187728 0.0954122 -0.00681242 0.00706635
4.38 -0.00143305 0.0864293 -0.00704513 0.0071894
4.39 -0.00569269 0.0846549 0.0248265 0.0254708
4.4 0.00408026 0.230236 0.0318326 0.032093
4.41 -0.00528219 0.101991 0.0324025 0.0328302
4.42 -0.00578778 0.0980682 0.0187522 0.0196251
4.43 -0.00443361 0.0434124 -0.00675822 0.00808272
4.44 -0.00695452 0.20103 0.000219122 0.00695798
4.45 -0.0146961 0.188101 0.0259278 0.0298031
4.46 -0.0166418 0.0459706 -0.0200628 0.0260666
4.47 -0.00120625 0.0686499 0.00568279 0.0058094
4.48 -0.00388729 0.168305 0.0442705 0.0444408
4.49 -0.00192758 0.109038 0.00604987 0.00634952
4.5 -0.00504906 0.115614 0.0509367 0.0511863
4.51 -0.00484376 0.0617464 0.0252541 0.0257144
4.52 -0.013191 0.0217028 -0.00675606 0.0148205
4.53 0.00602024 0.126369 0.0381955 0.038667
4.54 -0.00183384 0.149054 0.0192448 0.0193319
4.55 0.00630944 0.055035 0.0117588 0.0133446
4.56 -0.0101389 0.122736 0.0319084 0.0334805
4.57 -0.0164038 -0.025412 0.0254472 0.0302761
4.58 -0.009265 0.0463526 0.019086 0.021216
4.59 -0.00148591 0.10414 0.0324308 0.0324648
4.6 0.00122249 0.0937416 0.00571084 0.00584022
4.61 -0.00914956 0.11319 0.0453092 0.0462238
4.62 0.0103095 0.0660137 0.0186043 0.0212699
4.63 -0.00594809 0.133451 0.0388654 0.039318
4.64 0.00549361 0.122188 -0.000525531 0.00551869
4.65 -0.00871424 0.143973 0.0390612 0.0400215
4.66 -0.00930921 0.0462822 -0.000964836 0.00935907
4.67 -0.00318362 0.243463 -0.00617895 0.00695089
4.68 0.00659062 0.0724904 0.0123211 0.013973
4.69 -0.00116804 0.0949534 0.0191228 0.0191585
4.7 -0.0140698 0.138487 0.0258251 0.0294091
4.71 0.00457081 0.171979 0.0125762 0.0133811
4.72 -0.00698616 0.116566 -0.000508927 0.00700467
4.73 -0.00155786 0.068466 0.0123522 0.0124501
4.74 -0.00628972 0.107175 -0.00753857 0.00981787
4.75 -0.00666328 0.111917 0.0313918 0.0320912
4.76 -0.00472961 0.0569411 -0.000336394 0.00474156
4.77 -0.0335519 0.199403 -0.0255655 0.0421821
4.78 -0.0192224 -0.0996309 0.0249877 0.0315259
4.79 -0.00979849 0.0962286 0.0247473 0.0266165
4.8 -0.00492175 0.110634 0.00667526 0.00829354
4.81 -0.0127511 0.0664725 0.00619032 0.0141743
4.82 0.00941666 0.124522 0.0377166 0.0388744
4.83 -0.00260325 0.0735875 -0.000564169 0.00266368
4.84 0.00179614 0.11543 0.0259511 0.0260132
4.85 -0.00904467 0.0867334 0.0191001 0.0211334
4.86 0.00244734 0.0615032 0.0444951 0.0445624
4.87 -0.0177155 0.127208 0.0325022 0.0370166
4.88 0.00302782 0.087727 0.051376 0.0514651
4.89 -0.0130503 0.0801632 0.0449322 0.046789
4.9 -0.0093784 0.0552423 0.0127221 0.0158052
4.91 0.00308096 0.105686 0.0514909 0.051583
4.92 -0.00919833 0.0641175 0.0256742 0.0272722
4.93 -0.0110737 0.0873837 0.0123788 0.0166091
4.94 -0.00618492 0.196362 0.0260624 0.0267862
4.95 -0.00528841 0.0707489 0.00034757 0.00529982
4.96 -0.00591131 0.12002 0.0195305 0.0204055
4.97 0.00300921 0.0926518 0.0250694 0.0252494
4.98 -0.0136986 0.0671255 0.0186664 0.0231535
4.99 -0.00266072 0.109381 0.0125025 0.0127825
5 0.00237134 0.146223 0.039251 0.0393226
5.01 -0.00706337 0.0986721 -0.0196306 0.0208627
5.02 -0.0178255 0.158395 0.0388768 0.0427686
5.03 0.00632819 0.07275 0.0317249 0.0323499
5.04 -0.0112648 0.167962 -0.045158 0.0465418
5.05 -0.00536868 0.0173278 -0.000908748 0.00544505
5.06 -0.0056881 0.044274 -0.0200734 0.0208637
5.07 -0.0153355 -0.0569616 -0.00712287 0.016909
5.08 -0.0233613 -0.0163175 0.0189252 0.0300652
5.09 0.00225504 0.115377 0.000112094 0.00225782
5.1 -0.00692726 0.143147 0.0128602 0.0146072
5.11 -0.0133374 0.102152 0.0322913 0.0349373
5.12 -0.00242157 0.042405 -0.026451 0.0265616
5.13 -0.0281927 0.0442782 0.0188214 0.033898
5.14 -0.00974218 0.104597 -0.00657902 0.0117556
5.15 -0.0163666 0.0546432 -0.00650177 0.0176107
5.16 -0.0128361 0.137348 0.0392105 0.0412581
5.17 -0.00772454 0.317578 0.0136313 0.0156678
5.18 -0.0139176 0.0892995 -0.00630846 0.0152806
5.19 -0.0238672 0.0597331 0.0254918 0.0349209
5.2 -0.00508276 0.0168613 -0.00019145 0.00508636
5.21 -0.00909209 0.077396 0.0322425 0.0335
5.22 -0.00894306 0.0860261 0.00647473 0.0110409
5.23 -0.0123429 0.0655761 -0.00578557 0.0136316
5.24 -0.00616 0.120247 0.0191509 0.0201173
5.25 -0.00219361 0.144494 0.01302 0.0132035
5.26 -0.0113904 0.123275 0.0125323 0.0169352
5.27 -0.0108361 0.105745 -0.000413477 0.010844
5.28 -0.001404 0.104112 0.0517106 0.0517297
5.29 0.00263498 0.0617433 -0.000729644 0.00273413
5.3 -0.0114322 -0.0283624 0.0442913 0.0457429
5.31 0.00271415 0.0527706 -0.000768033 0.00282072
5.32 -0.00510501 0.0887104 0.0315036 0.0319145
5.33 -0.00185865 0.0732322 0.00663173 0.00688727
5.34 -0.00242763 0.216349 0.0195327 0.019683
5.35 -0.0127547 0.00816381 0.0315092 0.0339929
5.36 -0.0100996 0.11827 0.00674813 0.0121466
5.37 0.00251997 0.110691 0.0317454 0.0318452
5.38 -0.0175292 0.0648931 0.0122357 0.0213772
5.39 0.00991973 0.0395262 0.0118344 0.0154419
5.4 -0.0102954 0.123083 0.0382023 0.0395653
5.41 0.0171024 0.0931104 0.0311089 0.0355001
5.42 -0.0104536 0.131761 0.0129019 0.0166053
5.43 -0.000814134 0.0814621 0.0129716 0.0129971
5.44 -0.0123518 0.0665454 0.0123984 0.017501
5.45 -0.00446322 0.0478862 0.0069095 0.00822566
5.46 -0.0222234 0.210059 -0.0253911 0.033743
5.47 -0.00257159 0.16748 -0.00071183 0.00266829
5.48 -0.00160094 0.130789 -0.0064033 0.0066004
