0 -0.0110397 0.0779363 0.038966 0.0404997
0.01 -0.0144375 0.0532595 0.00120644 0.0144878
0.02 -0.0145451 0.0801998 0.00722099 0.0162389
0.03 -0.0118743 0.0474212 -0.0386423 0.0404256
0.04 -0.0164451 0.0996081 -0.0193797 0.0254169
0.05 -0.0109104 -0.0153474 0.00608471 0.0124924
0.06 -0.00783083 0.112042 -0.00573712 0.00970755
0.07 -0.0113868 0.0919187 0.0134351 0.0176114
0.08 -0.0181652 0.0287979 -0.00593159 0.0191091
0.09 -0.0122922 0.0519312 0.00649073 0.0139006
0.1 -0.0185795 0.0689768 0.0202242 0.027463
0.11 -0.015355 0.0852695 0.0133495 0.0203466
0.12 -0.0107705 0.0781679 -0.0121175 0.0162123
0.13 -0.0244626 0.157999 -0.0121539 0.0273155
0.14 -0.0190535 0.171997 0.0272146 0.0332216
0.15 -0.00932356 -0.0789996 -0.0196947 0.0217902
0.16 -0.00528275 0.0473613 0.0138747 0.0148464
0.17 -0.010273 0.0552365 -0.031274 0.0329181
0.18 0.00101278 0.0573309 0.00669688 0.00677302
0.19 0.0086018 0.0486001 0.0193922 0.0212144
0.2 -0.0142897 0.0219743 -0.00594167 0.0154758
0.21 -0.0142599 -0.0626336 -0.013575 0.0196883
0.22 -0.0175331 0.042514 -0.00633291 0.0186418
0.23 -0.015213 0.0359338 -0.00617712 0.0164192
0.24 -0.00924576 -0.0345429 -0.0126131 0.0156388
0.25 -0.00717734 0.10748 -0.0318246 0.0326239
0.26 -0.0203154 0.101701 0.000462376 0.0203207
0.27 -0.011395 0.0875434 0.000540939 0.0114078
0.28 0.00131119 0.0395558 -8.49752e-05 0.00131394
0.29 -0.0111783 0.163122 -0.0118768 0.0163099
0.3 -0.0058292 0.0440412 -0.0443345 0.0447161
0.31 -0.0148546 0.196516 0.0461895 0.0485193
0.32 -0.0119458 0.15001 0.0198868 0.0231988
0.33 -0.0173781 0.162461 0.000863632 0.0173996
0.34 -0.0110683 0.109295 -0.0119129 0.0162611
0.35 -0.00487941 0.185959 -0.00543979 0.00730753
0.36 -0.00277531 0.0821965 0.0132242 0.0135123
0.37 -0.00563386 -0.00072707 -0.00689183 0.00890156
0.38 -0.0022041 -0.0703709 -0.0322293 0.0323046
0.39 -0.0117662 0.145694 0.0131625 0.0176548
0.4 -0.0205758 0.178029 -0.0379228 0.0431451
0.41 -0.0084368 0.103462 -0.0127033 0.0152497
0.42 -0.0279297 0.0705819 -0.0126232 0.0306498
0.43 -0.00337352 0.0780121 -0.00598641 0.00687152
0.44 -0.00290404 0.108879 -0.00582955 0.00651284
0.45 -0.0111776 0.0737001 -0.00608115 0.0127247
0.46 -0.00590577 0.0259471 0.0130746 0.0143465
0.47 -0.00704245 0.10261 0.0201591 0.0213538
0.48 -0.0137023 0.0129998 -0.0451939 0.0472255
0.49 -0.00895335 -0.10638 0.00628155 0.0109371
0.5 -0.0154369 0.0852975 -0.00592784 0.016536
0.51 -0.00323382 0.158156 0.00752778 0.00819298
0.52 -0.00816646 0.107417 0.00704243 0.0107836
0.53 -0.010571 0.0956317 -0.00569213 0.0120061
0.54 -0.0249707 0.135523 0.00714618 0.0259731
0.55 -0.00789385 0.232539 0.00771676 0.0110391
0.56 -0.018562 0.0471182 -0.0188382 0.0264467
0.57 -0.0157105 0.0362254 0.0193179 0.0248998
0.58 -0.0235903 0.0990337 0.0201988 0.0310563
0.59 -0.0116222 0.0694919 -0.0255242 0.0280457
0.6 -0.00988391 0.055161 -0.0124616 0.0159054
0.61 -0.0219816 0.0623634 -0.0188054 0.028928
0.62 -0.0254132 0.0602235 -0.0441666 0.050956
0.63 -0.0147658 0.0492674 -0.0188099 0.0239132
0.64 -0.0066122 0.0485614 0.000992237 0.00668624
0.65 -0.00680577 0.0266696 -0.0129691 0.0146463
0.66 -0.0120651 0.150117 0.0265215 0.0291369
0.67 -0.0242736 0.175334 -0.018262 0.0303761
0.68 -0.00838172 0.0945547 -0.0317492 0.0328369
0.69 -0.00226091 0.0240543 -0.0384169 0.0384834
0.7 -0.0113447 0.0739181 -0.0123214 0.0167486
0.71 -0.0258815 -0.0374449 -0.0197277 0.0325428
0.72 -0.00665416 0.0667231 0.000495757 0.0066726
0.73 -0.0179792 0.0690956 -0.0123174 0.0217938
0.74 -0.01094 0.0467818 -0.00619633 0.012573
0.75 -0.00429079 0.123394 -0.0255591 0.0259168
0.76 -0.0106546 0.055764 -0.0314908 0.0332444
0.77 -0.00988611 -0.0207268 -0.0060672 0.0115994
0.78 -0.0200417 0.128295 -0.0446985 0.048986
0.79 -0.0149997 0.0892149 -0.0313334 0.0347387
0.8 -0.00671249 0.0440656 -0.0185749 0.0197505
0.81 -0.0106275 0.0553756 -0.0185456 0.0213748
0.82 -0.0104369 0.0643797 0.00694008 0.0125337
0.83 -0.0111543 0.0378234 -0.0255502 0.0278789
0.84 -0.016543 0.104077 -0.0447697 0.0477284
0.85 -0.00999073 0.0285302 -0.0124527 0.0159651
0.86 -0.018371 0.16282 -0.0114263 0.0216345
0.87 -0.0180627 0.0292279 -0.0381161 0.0421793
0.88 -0.010123 0.0195439 -0.0125292 0.0161077
0.89 -0.0261896 0.0386523 0.00665728 0.0270225
0.9 -0.00781732 0.111847 0.000735513 0.00785184
0.91 -0.0138658 -0.0446192 -0.0326612 0.0354826
0.92 -0.0194733 0.203876 -0.012391 0.0230813
0.93 -0.0126638 0.110102 -0.00602631 0.0140246
0.94 -0.0163622 0.117036 -0.0637726 0.0658382
0.95 -0.0195286 0.12324 -0.0115744 0.022701
0.96 -0.0096983 -0.0206674 0.000102723 0.00969885
0.97 -0.00804314 0.0856455 -0.0451274 0.0458386
0.98 -0.0219939 0.00896681 -0.00614509 0.0228362
0.99 -0.00466139 0.114602 0.0127725 0.0135965
1 -0.0083505 0.0496814 -0.00660757 0.0106485
1.01 -0.0177574 -0.0693667 -0.000709451 0.0177716
1.02 -0.0113562 0.127199 0.00740314 0.0135562
1.03 -0.0148069 0.000647364 -0.0198499 0.0247641
1.04 -0.0157234 0.143278 -0.031482 0.0351901
1.05 -0.00807802 -0.0303829 -0.0839712 0.0843589
1.06 -0.0101948 0.00616774 0.038697 0.0400174
1.07 -0.00656206 0.0442038 0.0135072 0.0150168
1.08 -0.020616 0.123884 -0.0186487 0.0277992
1.09 -0.0136177 0.0217555 0.0196527 0.0239097
1.1 -0.00767053 0.0540187 -0.0195112 0.0209648
1.11 -0.00687139 0.0580878 -0.0127966 0.0145247
1.12 -0.0154783 0.107383 -0.0121258 0.0196625
1.13 -0.0149106 0.0896585 -0.018599 0.0238379
1.14 -0.0107826 0.104886 0.019647 0.0224114
1.15 -0.0064831 0.0354118 -0.0379227 0.0384729
1.16 -0.0203065 0.132801 -0.0249364 0.0321586
1.17 -0.0274731 0.230799 0.00804034 0.0286255
1.18 -0.0183689 0.042608 -0.0190898 0.0264922
1.19 -0.0147978 0.031566 0.00614353 0.0160224
1.2 -0.0233282 0.201387 0.0146781 0.0275618
1.21 -0.0135986 0.0397926 -0.0128883 0.0187358
1.22 -0.0202007 0.132888 -0.0380445 0.0430749
1.23 -0.0338109 0.0204334 -0.0316005 0.0462792
1.24 -0.00822178 0.116505 -0.0253039 0.0266061
1.25 0.00537183 0.0372186 -0.0449567 0.0452765
1.26 -0.0228397 0.054192 -0.0189746 0.0296933
1.27 -0.0210764 -0.036254 -0.0128253 0.0246719
1.28 -0.00765698 0.0764641 -0.0193771 0.0208351
1.29 -0.00616203 0.0483612 -0.0122392 0.0137029
1.3 -0.01888 0.11396 -0.031479 0.0367067
1.31 -0.0186433 -0.0196356 -0.038659 0.0429196
1.32 -0.00766178 0.084957 -0.018657 0.020169
1.33 -0.0179147 0.0109728 0.000664531 0.017927
1.34 -0.0224102 0.169518 0.00142068 0.0224552
1.35 -0.0133016 -0.0274878 0.0260764 0.029273
1.36 -0.0105843 0.0156918 -0.00613043 0.0122315
1.37 -0.0220966 0.00871748 -0.0253521 0.0336302
1.38 -0.00935436 -0.0341461 -0.0196971 0.0218055
1.39 -0.0184588 0.0512909 -0.00533263 0.0192136
1.4 -0.0230058 0.0809534 -0.0121163 0.0260014
1.41 -0.0150472 0.111785 0.000844603 0.0150709
1.42 -0.0155465 0.152315 0.013784 0.0207772
1.43 -0.0105774 0.0736577 -0.0123691 0.016275
1.44 -0.0147656 0.0626394 -0.0505257 0.052639
1.45 0.00828227 0.0396958 0.0120314 0.0146065
1.46 -0.0117019 0.190345 0.0137715 0.0180718
1.47 -0.0178286 0.0373262 0.000726592 0.0178434
1.48 -0.0127016 0.119629 -0.00612911 0.014103
1.49 -0.0171461 -0.0653569 -0.000164787 0.0171469
1.5 -0.0194789 0.105691 -0.0187352 0.0270265
1.51 -0.0106108 -0.0158469 -0.0129758 0.0167619
1.52 -0.00783942 0.0944751 -0.0383077 0.0391016
1.53 -0.014352 0.0756896 0.00696936 0.0159547
1.54 -0.0151093 0.156232 -0.0116216 0.0190618
1.55 -0.0238768 0.134374 0.000983112 0.023897
1.56 -0.00761404 0.0716351 -0.000319187 0.00762072
1.57 -0.0236161 0.126127 -0.00590091 0.0243422
1.58 -0.0072392 0.151746 0.00710068 0.0101403
1.59 -0.0178775 0.0201617 0.000129659 0.017878
1.6 -0.00789213 0.089707 -0.0187462 0.0203398
1.61 -0.00206276 0.0014417 0.0128787 0.0130428
1.62 -0.00170247 0.0193533 0.0125287 0.0126439
1.63 -0.0122651 0.0968223 0.00675893 0.0140041
1.64 -0.0151441 0.152226 -0.0123225 0.019524
1.65 -0.00677729 0.0886555 0.0264126 0.0272683
1.66 -0.00660442 0.0491744 -0.00666504 0.00938302
1.67 -0.0133561 -0.00522818 0.0385444 0.0407928
1.68 -0.0213224 0.23588 0.0137511 0.025372
1.69 -0.0081147 0.165595 0.0197402 0.021343
1.7 -0.0155494 0.120731 0.000806758 0.0155703
1.71 -0.0273319 0.0521461 -0.012212 0.029936
1.72 -0.0102935 0.0774182 0.0138499 0.0172562
1.73 -0.00372208 0.0869339 -0.00625669 0.00728011
1.74 -0.0113505 0.0426567 -0.019237 0.022336
1.75 -0.0198336 0.163325 -0.0057025 0.0206371
1.76 -0.0233184 0.0723596 0.000232975 0.0233195
1.77 -0.0162595 0.116944 0.0330796 0.0368596
1.78 -0.0222546 0.0717618 0.0134391 0.0259977
1.79 -0.0232151 0.0633215 0.0192014 0.030127
1.8 -0.0110119 0.0469583 -0.0380781 0.0396384
1.81 -0.0130308 0.159618 0.00698955 0.014787
1.82 -0.00713277 0.0848907 0.0197034 0.0209547
1.83 -0.00666231 0.0623478 -0.0123984 0.0140751
1.84 -0.02626 0.0653525 0.0130127 0.0293073
1.85 -0.0151417 0.0450447 0.0259433 0.0300388
1.86 -0.00504173 0.155045 -0.00606152 0.00788423
1.87 -0.0133928 0.191374 -0.00609253 0.0147135
1.88 -0.00943093 -0.0390293 0.0322492 0.0335999
1.89 -0.0149507 0.0675818 -0.00653977 0.0163185
1.9 -0.00288238 -0.0603992 0.00593018 0.00659357
1.91 -0.0244779 0.233106 0.0268527 0.036335
1.92 -0.012893 0.0842426 -0.0709663 0.072128
1.93 -0.02142 0.148131 -0.252389 0.253296
1.94 -0.0306766 -0.00629793 -0.512939 0.513856
1.95 0.0094192 0.0769077 -0.798858 0.798913
1.96 0.0218862 -0.123136 -0.917447 0.917708
1.97 0.0207162 -0.108791 -1.00289 1.0031
1.98 0.0213781 0.0513732 -1.02232 1.02254
1.99 -0.00772786 -0.127436 -1.09411 1.09413
2 -0.0175317 -0.0319435 -1.1443 1.14443
2.01 -0.0291048 -0.082735 -1.21489 1.21524
2.02 -0.0309381 -0.0862147 -1.40835 1.40869
2.03 -0.0404288 -0.107058 -1.53094 1.53147
2.04 -0.035352 -0.110112 -1.7065 1.70687
2.05 -0.0260477 -0.201097 -1.83801 1.83819
2.06 -0.0149888 -0.20318 -1.96172 1.96177
2.07 0.00226243 -0.19666 -2.11739 2.11739
2.08 0.00869517 -0.192015 -2.26689 2.2669
2.09 0.00342478 -0.215705 -2.47295 2.47295
2.1 -0.00332542 -0.126813 -2.58194 2.58195
2.11 0.00510988 -0.131777 -2.73095 2.73096
2.12 0.00679685 -0.235529 -2.87978 2.87979
2.13 0.0265036 -0.0696252 -3.01582 3.01593
2.14 0.0567705 -0.248911 -3.22431 3.22481
2.15 0.051526 -0.401986 -3.47066 3.47104
2.16 0.0508438 -0.101915 -3.74701 3.74735
2.17 0.00955629 -0.42489 -4.01812 4.01813
2.18 0.0328874 -0.224168 -4.23694 4.23706
2.19 0.0284896 -0.288146 -4.36101 4.36111
2.2 0.029816 -0.289033 -4.57476 4.57485
2.21 0.0394018 -0.174594 -4.74937 4.74953
2.22 0.0153251 -0.3423 -5.00724 5.00727
2.23 0.0175534 -0.312487 -5.15571 5.15574
2.24 0.011951 -0.255969 -5.33608 5.3361
2.25 0.0178867 -0.201991 -5.45221 5.45223
2.26 0.0355516 -0.342167 -5.66735 5.66746
2.27 0.0321401 -0.322757 -5.81058 5.81067
2.28 0.0414889 -0.270982 -5.95303 5.95317
2.29 0.0572257 -0.507911 -6.11695 6.11722
2.3 0.0783113 -0.507813 -6.24066 6.24115
2.31 0.0967298 -0.46583 -6.32545 6.32619
2.32 0.109803 -0.504894 -6.53964 6.54056
2.33 0.118919 -0.444122 -6.68181 6.68287
2.34 0.138246 -0.545202 -6.7987 6.80011
2.35 0.135308 -0.525628 -6.88167 6.883
2.36 0.140904 -0.466986 -6.9262 6.92764
2.37 0.13878 -0.515257 -7.07428 7.07565
2.38 0.119464 -0.481245 -7.13142 7.13242
2.39 0.12631 -0.521004 -7.274 7.2751
2.4 0.112432 -0.406539 -7.30588 7.30674
2.41 0.120325 -0.509257 -7.3582 7.35918
2.42 0.120993 -0.612703 -7.39739 7.39838
2.43 0.142582 -0.626119 -7.46892 7.47028
2.44 0.152482 -0.52493 -7.59145 7.59299
2.45 0.145596 -0.47679 -7.66211 7.66349
2.46 0.134916 -0.483516 -7.68765 7.68883
2.47 0.137295 -0.48081 -7.6367 7.63794
2.48 0.162009 -0.517908 -7.59297 7.59469
2.49 0.153645 -0.539353 -7.71037 7.7119
2.5 0.147135 -0.521664 -7.88381 7.88518
2.51 0.106306 -0.497054 -8.01681 8.01751
2.52 0.0873121 -0.525004 -8.09373 8.0942
2.53 0.068113 -0.557918 -8.0492 8.04949
2.54 0.086441 -0.372933 -8.01077 8.01124
2.55 0.104205 -0.5132 -8.0705 8.07117
2.56 0.0897474 -0.593972 -8.25161 8.25209
2.57 0.0765167 -0.488798 -8.53608 8.53642
2.58 0.121732 -0.627426 -8.63673 8.63759
2.59 0.108105 -0.757293 -8.67762 8.67829
2.6 0.104665 -0.731558 -8.77448 8.77511
2.61 0.0348588 -0.714941 -9.02407 9.02413
2.62 -0.0209315 -0.778237 -9.35243 9.35245
2.63 -0.05255 -0.777315 -9.53872 9.53887
2.64 -0.0207903 -0.81939 -9.52874 9.52877
2.65 0.0488088 -0.947498 -9.4237 9.42383
2.66 0.141603 -0.711415 -9.13654 9.13763
2.67 0.191719 -0.777934 -9.04882 9.05085
2.68 0.130094 -1.00445 -9.05562 9.05656
2.69 0.0960682 -0.786543 -9.32524 9.32573
2.7 0.0441737 -0.884408 -9.56957 9.56968
2.71 0.0480377 -0.953251 -9.68731 9.68743
2.72 0.0762956 -1.00178 -9.71451 9.71481
2.73 0.0884545 -0.996467 -9.79905 9.79945
2.74 0.0745481 -0.991995 -9.94691 9.94719
2.75 0.0437159 -0.937607 -10.1513 10.1514
2.76 0.0179642 -0.899757 -10.3495 10.3495
2.77 0.0426238 -0.910633 -10.3493 10.3494
2.78 0.111531 -0.850973 -10.3123 10.3129
2.79 0.1756 -0.868244 -10.2098 10.2113
2.8 0.190061 -0.882038 -10.1891 10.1909
2.81 0.15103 -0.72897 -10.3088 10.3099
2.82 0.0952649 -0.833032 -10.552 10.5524
2.83 0.0840331 -0.620825 -10.609 10.6093
2.84 0.0983706 -0.820737 -10.4951 10.4956
2.85 0.123385 -0.774638 -10.3794 10.3801
2.86 0.172379 -0.738306 -10.2388 10.2402
2.87 0.168303 -0.727786 -10.1543 10.1557
2.88 0.113896 -0.676395 -10.2627 10.2633
2.89 0.0542456 -0.791078 -10.4559 10.456
2.9 0.0357969 -0.789253 -10.535 10.5351
2.91 0.0880581 -0.856618 -10.5208 10.5212
2.92 0.153537 -1.08899 -10.4606 10.4617
2.93 0.199008 -1.00132 -10.3711 10.373
2.94 0.169312 -0.86696 -10.427 10.4284
2.95 0.0913659 -0.947597 -10.5011 10.5015
2.96 0.0150766 -0.79719 -10.4838 10.4838
2.97 -0.0429333 -0.863899 -10.3446 10.3447
2.98 -0.0715703 -0.782897 -10.4074 10.4077
2.99 -0.0884764 -0.808109 -10.5364 10.5368
3 -0.109207 -0.818055 -10.738 10.7386
3.01 -0.117204 -0.831078 -10.9651 10.9657
3.02 -0.0922844 -0.926197 -11.0723 11.0727
3.03 -0.0497317 -0.987615 -11.134 11.1341
3.04 -0.0385819 -1.09741 -11.2134 11.2134
3.05 -0.071821 -1.12619 -11.4009 11.4011
3.06 -0.136183 -1.22108 -11.5346 11.5354
3.07 -0.157649 -1.0201 -11.696 11.6971
3.08 -0.150821 -1.0206 -11.7292 11.7302
3.09 -0.0466631 -1.11605 -11.7205 11.7206
3.1 0.0482146 -1.12195 -11.6728 11.6729
3.11 0.0774429 -1.10547 -11.6675 11.6678
3.12 0.0639902 -1.06607 -11.6934 11.6936
3.13 -0.00333518 -1.11464 -11.8585 11.8585
3.14 -0.0216299 -1.07209 -11.9488 11.9488
3.15 -0.0525462 -1.12503 -11.8972 11.8973
3.16 0.0207524 -1.17041 -11.9256 11.9256
3.17 0.0504523 -1.23401 -11.9024 11.9025
3.18 0.0714355 -1.16637 -11.8306 11.8308
3.19 0.0533414 -1.15956 -11.7905 11.7906
3.2 -0.00477165 -0.91324 -11.7813 11.7813
3.21 -0.0306994 -1.10202 -11.8065 11.8065
3.22 -0.0310159 -1.07953 -11.9822 11.9822
3.23 -0.018048 -1.16382 -12.1717 12.1717
3.24 0.011695 -1.24101 -12.2588 12.2588
3.25 0.0490959 -1.26845 -12.2871 12.2872
3.26 0.0422685 -1.26895 -12.2355 12.2355
3.27 0.0343845 -1.27746 -12.2803 12.2804
3.28 0.0297766 -1.17206 -12.2592 12.2593
3.29 0.0502031 -1.19846 -12.2076 12.2077
3.3 0.0540341 -1.25453 -12.2344 12.2346
3.31 0.0447614 -1.23093 -12.3053 12.3053
3.32 0.0626848 -1.26911 -12.3646 12.3647
3.33 0.118382 -1.22789 -12.1918 12.1924
3.34 0.0498479 -0.760281 -9.76223 9.76236
3.35 0.416857 -0.73828 -7.23279 7.24479
3.36 0.775416 -0.275287 -7.31472 7.3557
3.37 1.22776 -0.167682 -13.9442 13.9982
3.38 0.247105 -1.05368 -14.6097 14.6118
3.39 0.279016 -1.21915 -12.7546 12.7576
3.4 0.177042 -1.30278 -10.374 10.3755
3.41 0.0715861 -1.41697 -9.34614 9.34641
3.42 0.158172 -1.21698 -8.28932 8.29083
3.43 0.251787 -1.19323 -7.51392 7.51814
3.44 0.175136 -1.04731 -6.79652 6.79878
3.45 0.148581 -0.784367 -6.16106 6.16285
3.46 0.0422546 -0.373875 -5.33085 5.33102
3.47 -0.144394 -0.34937 -4.50433 4.50665
3.48 -0.228899 -0.259802 -3.83761 3.84443
3.49 -0.268726 -0.198542 -3.21939 3.23058
3.5 -0.33353 -0.219453 -2.66142 2.68223
3.51 -0.356642 -0.240281 -2.11159 2.14149
3.52 -0.383815 -0.218186 -1.53934 1.58647
3.53 -0.371275 -0.0282889 -0.973719 1.0421
3.54 -0.314174 0.0312025 -0.442789 0.542925
3.55 -0.212892 0.214584 -0.122902 0.24582
3.56 -0.146408 0.0578929 -0.0693916 0.16202
3.57 -0.0506172 0.027018 0.0389887 0.0638922
3.58 -0.0186257 0.127782 0.019063 0.0266517
3.59 0.00228581 0.137266 0.0509376 0.0509889
3.6 -0.036499 0.0808195 0.0377268 0.0524928
3.61 -0.018905 0.368961 0.0199477 0.0274829
3.62 -0.0234088 -0.0388655 0.0375292 0.0442313
3.63 -0.0205936 0.163876 0.0391964 0.044277
3.64 0.00778858 0.0408018 0.0119059 0.0142271
3.65 -0.00609298 0.106265 -0.0195557 0.0204829
3.66 -0.0122695 0.0479818 -0.0190788 0.0226835
3.67 -0.0311669 0.0902946 0.0262547 0.0407516
3.68 -0.00889601 0.0499231 0.0322679 0.0334718
3.69 -0.00885274 0.103745 0.00693047 0.0112429
3.7 -0.00545695 0.0659063 0.0193673 0.0201214
3.71 -0.00139751 0.103607 0.0384732 0.0384986
3.72 -0.0230017 -0.0570375 0.0378295 0.0442736
3.73 -0.0112181 -0.041863 0.0185896 0.0217122
3.74 -0.0149472 -0.012895 0.0185716 0.0238395
3.75 -0.00913233 0.0326797 0.0506397 0.0514565
3.76 -0.0127407 0.021322 0.031404 0.0338901
3.77 0.000791404 0.00910332 0.0180833 0.0181006
3.78 -0.0206775 0.0399508 0.0251304 0.0325437
3.79 0.00318107 0.0745121 0.0314653 0.0316257
3.8 -0.00912646 0.144236 0.0252662 0.026864
3.81 -0.0129351 0.101901 0.0324353 0.0349194
3.82 -0.00856551 0.0592784 -0.000346147 0.0085725
3.83 -0.0165581 0.0508226 0.0253436 0.0302733
3.84 -0.0159462 0.0681847 0.0193117 0.0250444
3.85 -0.0284984 0.0934893 0.0511848 0.0585837
3.86 -0.0238566 0.059862 0.0380253 0.0448894
3.87 -0.015831 0.0190567 0.0382314 0.0413795
3.88 -0.0059093 0.182536 0.0448519 0.0452395
3.89 -0.00392413 -0.0105216 0.0508053 0.0509566
3.9 -0.00567331 0.115722 0.0382123 0.0386311
3.91 -0.0249275 0.0958388 0.0195607 0.031686
3.92 0.00415266 -0.00650131 0.0702858 0.0704084
3.93 -0.0126305 0.115368 0.0577077 0.0590738
3.94 -0.00848208 0.121625 0.0453676 0.0461537
3.95 -0.0155364 0.0457468 0.0443925 0.0470326
3.96 -0.0164481 0.0995893 0.0643294 0.0663989
3.97 -0.0203995 0.115224 0.0320609 0.0380006
3.98 -0.0139082 0.222973 0.0324506 0.0353056
3.99 -0.0135709 0.0847658 -0.00679252 0.0151759
4 -0.0102939 0.140339 0.0510623 0.0520895
4.01 -0.0203254 0.0440581 0.012762 0.0239998
4.02 -0.0164925 0.0194043 0.0251712 0.030093
4.03 -0.01387 0.0665489 0.0129075 0.0189468
4.04 -0.00410918 0.06923 0.0325396 0.032798
4.05 -0.0150502 0.0186022 0.0446562 0.0471242
4.06 -0.0239177 0.153493 0.0323197 0.0402072
4.07 -0.0186158 0.217333 0.025799 0.0318141
4.08 -0.0123078 0.0882599 0.0445554 0.0462241
4.09 -0.021267 0.258861 0.0388832 0.0443192
4.1 -0.018796 -0.0773066 0.0378 0.0422152
4.11 -0.0211719 0.236019 0.0458331 0.0504869
4.12 -0.0193617 0.0387839 0.0577932 0.0609502
4.13 -0.0132074 0.124813 0.031849 0.0344789
4.14 -0.0126706 0.200008 0.026554 0.0294221
4.15 -0.00447952 0.105878 0.0319412 0.0322538
4.16 -0.00133457 0.108524 0.00630479 0.00644449
4.17 -0.000590791 0.0990413 -0.0129885 0.0130019
4.18 -0.0175197 0.131823 0.000171628 0.0175206
4.19 -0.012054 0.0836447 -0.0128793 0.0176402
4.2 -0.000409911 0.121088 0.044778 0.0447799
4.21 -0.0139918 0.356564 0.014259 0.0199772
4.22 -0.0187778 0.00735131 0.0320554 0.0371504
4.23 0.00734998 0.080885 0.0453078 0.0459001
4.24 -0.00480873 0.181718 0.0332578 0.0336037
4.25 -0.0147602 0.134182 -5.84531e-05 0.0147603
4.26 -0.000805815 0.0859985 -0.000387856 0.000894298
4.27 -0.0325437 0.104797 0.020173 0.038289
4.28 -0.0171018 0.104332 0.0390229 0.0426058
4.29 -0.0160657 0.0549197 0.0576623 0.0598586
4.3 -0.020389 0.128563 0.0391322 0.0441253
4.31 -0.0100947 0.180462 0.026008 0.0278984
4.32 -0.0111605 0.0156688 0.0191644 0.0221772
4.33 -0.0168151 0.117379 0.00691251 0.0181805
4.34 -0.000199859 0.0719382 0.0129175 0.0129191
4.35 -0.00783244 0.0589349 -0.00679629 0.01037
4.36 -0.0119072 0.0481139 0.0381806 0.0399942
4.37 -0.0214507 0.124934 0.000426833 0.021455
4.38 -0.0200727 0.0794811 0.0193029 0.0278481
4.39 -0.011206 0.0113724 0.0321823 0.0340775
4.4 -0.0146832 -0.00827456 0.0253019 0.0292537
4.41 -0.0130677 0.182317 0.0517017 0.0533276
4.42 -0.0168141 0.175991 0.0127962 0.0211295
4.43 -0.0215324 0.147421 0.0262025 0.0339148
4.44 -0.0268202 0.0967394 0.0326187 0.0422291
4.45 -0.0204846 0.128624 0.0396352 0.0446158
4.46 -0.0116473 0.0745795 0.0390537 0.0407535
4.47 0.00387794 0.114163 0.03231 0.0325419
4.48 -0.000578851 0.116265 0.0386592 0.0386635
4.49 -0.0266409 0.0924431 0.000755832 0.0266517
4.5 -0.0142666 0.040645 -0.0127105 0.0191074
4.51 -0.020085 0.0260847 0.0319625 0.0377493
4.52 -0.0105565 -0.0420495 0.00539627 0.0118558
4.53 0.0115558 0.0381373 0.0253639 0.0278722
4.54 -0.0217171 0.156629 -0.0131576 0.025392
4.55 -0.00851577 0.0417297 -0.00750695 0.0113522
4.56 -0.00793186 0.103461 0.00665024 0.0103509
4.57 -0.0185234 0.00253584 0.0511514 0.054402
4.58 -0.0207327 0.164843 0.0263405 0.0335212
4.59 -0.0175231 0.0963156 -0.00710408 0.0189084
4.6 0.00276588 0.10152 0.0128055 0.0131008
4.61 -0.00796843 0.116712 0.0773767 0.0777859
4.62 -0.0040475 0.0115915 0.02533 0.0256514
4.63 -0.00598705 0.15129 0.0323043 0.0328544
4.64 -0.0196971 0.0928105 0.0261799 0.0327622
4.65 -0.016452 0.157446 0.0204154 0.0262195
4.66 -0.00869837 0.0595795 -0.000183994 0.00870031
4.67 -0.0153374 0.0630691 0.0519322 0.0541497
4.68 -0.00459591 0.0924514 0.0379773 0.0382544
4.69 -0.0155121 0.0722641 0.0262206 0.0304655
4.7 -0.0149411 0.0313965 0.0714167 0.0729628
4.71 -0.00798356 0.0543705 0.0707212 0.0711704
4.72 -0.0160721 0.103812 0.0195737 0.0253267
4.73 -0.0169491 0.202998 0.058372 0.0607829
4.74 -0.0245324 0.117757 0.0199122 0.0315964
4.75 -0.0160301 0.0856503 0.0200702 0.0256861
4.76 -0.0206281 0.0929461 0.0390646 0.0441765
4.77 -0.0200371 0.0970009 -0.0128264 0.0237908
4.78 -0.00991979 0.184639 0.0200045 0.0223289
4.79 -0.00835045 0.0949609 -0.0192853 0.0210155
4.8 -0.00477119 0.0882941 0.0188423 0.0194369
4.81 -0.0113282 -0.0201052 0.0258399 0.028214
4.82 -0.00801883 0.0853995 0.0252716 0.0265133
4.83 -0.019784 0.0879595 0.0393384 0.0440332
4.84 -0.00472006 0.101051 0.0453321 0.0455772
4.85 -0.0128022 0.12424 0.0259346 0.0289223
4.86 -0.015343 0.0546085 0.0124251 0.0197431
4.87 -0.0176798 0.269961 0.0330506 0.0374822
4.88 -0.0200745 0.0262134 0.0444967 0.0488154
4.89 -0.0271177 0.106223 0.0207178 0.0341262
4.9 -0.0201397 0.164329 0.0265955 0.0333605
4.91 -0.022763 0.241562 0.0203976 0.030565
4.92 -0.0238796 0.0545633 0.013079 0.0272267
4.93 -0.0190442 0.0522567 0.0130081 0.0230628
4.94 -0.0110098 0.0518186 0.0131921 0.0171827
4.95 -0.0171644 0.144856 0.0322575 0.0365399
4.96 -0.0199704 0.146493 0.0641914 0.0672261
4.97 -0.0193521 0.128515 0.0131402 0.0233916
4.98 -0.0114463 0.0519856 0.0066432 0.0132344
4.99 -0.0189137 0.0788418 0.00686747 0.0201219
5 -0.0196261 0.0794625 0.0132473 0.0236786
5.01 -0.00823581 0.112434 0.0515694 0.0522229
5.02 -0.0167672 0.0371336 0.0258212 0.0307876
5.03 -0.0179515 0.091429 0.000116938 0.0179518
5.04 -0.000696789 0.0855821 0.0318354 0.031843
5.05 -0.00834796 0.113012 0.0516613 0.0523314
5.06 -0.0204976 0.12896 0.0320482 0.0380426
5.07 -0.00901604 0.126241 0.0385674 0.0396072
5.08 -0.0239004 0.0861935 0.032188 0.0400911
5.09 -0.0160752 0.103974 0.0518882 0.0543212
5.1 -0.014757 -0.03594 0.0261329 0.0300117
5.11 -0.0169635 0.122101 0.0261006 0.0311288
5.12 -0.0118263 0.0829799 0.0138235 0.018192
5.13 -0.0122609 0.0523375 0.0189546 0.0225745
5.14 -0.0010009 0.197329 0.0643817 0.0643895
5.15 -0.0179336 0.162715 0.0260906 0.0316597
5.16 -0.0137991 -0.0271962 0.0515714 0.0533856
5.17 -0.0171324 0.139918 0.0136433 0.0219011
5.18 -0.0158542 0.148439 0.0199503 0.0254828
5.19 -0.00653626 -0.0986931 0.00605101 0.00890716
5.2 -0.0166616 0.117355 0.00668008 0.0179508
5.21 -0.00428414 0.0969607 0.0575825 0.0577416
5.22 -0.0149983 -0.0350809 -0.00704252 0.0165695
5.23 -0.00395379 0.0516076 0.0385243 0.0387266
5.24 -0.0266432 -0.0060843 0.0134887 0.0298631
5.25 -0.0107126 -0.0379405 0.0322417 0.0339748
5.26 -0.037451 -0.0661201 -0.0261876 0.0456986
5.27 -0.02504 0.234046 0.0139231 0.0286506
5.28 -0.00930523 0.220214 0.0586649 0.0593983
5.29 -0.014457 0.00882043 0.0195339 0.0243018
5.3 -0.0232527 0.0635811 -0.00627805 0.0240853
5.31 -0.0111817 0.0473187 0.0131348 0.0172497
5.32 -0.0237806 0.112489 0.0397661 0.0463342
5.33 -0.0169624 0.00148528 0.0651161 0.0672891
5.34 -0.00888711 0.13557 0.0195662 0.0214899
5.35 -0.0150462 0.0674622 0.0453548 0.0477854
5.36 -0.0122783 0.0170435 -0.019933 0.0234111
5.37 -0.0038344 0.0741405 0.025551 0.0258371
5.38 -0.0186518 -0.0601836 0.0127547 0.0225958
5.39 -0.00369816 0.0520335 -0.0190319 0.0193878
5.4 -0.00840105 0.049935 0.037973 0.0388912
