0 -0.00762797 -0.0310861 0.00669542 0.0101496
0.01 -0.011472 -0.0557639 0.000130655 0.0114728
0.02 -0.0148294 0.0982045 -0.0513415 0.0534402
0.03 -0.0185105 0.0695669 -0.0387886 0.042979
0.04 -0.0048653 0.0961822 0.0330821 0.033438
0.05 -0.000418367 0.0621851 -0.00595429 0.00596897
0.06 -0.00481603 0.0428027 0.0125834 0.0134736
0.07 -0.000401803 0.036081 0.0131907 0.0131968
0.08 -0.00498505 0.0830979 0.0200411 0.0206518
0.09 -0.0137954 0.123885 -0.0386144 0.0410046
0.1 -0.013414 0.168476 -0.0248217 0.0282144
0.11 -0.0143281 0.0398951 -0.00667209 0.0158054
0.12 -0.00833218 0.0542051 -0.00631783 0.0104566
0.13 -0.0182935 0.135697 -0.0251915 0.031133
0.14 -0.0137239 0.0660731 -0.00592241 0.0149473
0.15 -0.00766592 0.0359357 0.00689808 0.0103126
0.16 -0.0137028 0.0663308 0.0191459 0.0235443
0.17 -0.0123843 -0.0058448 0.0257666 0.0285882
0.18 -0.00814303 -0.00859409 -0.00639226 0.0103523
0.19 -0.00326828 0.109133 -0.0260606 0.0262648
0.2 -0.000736222 0.0808006 0.00647733 0.00651904
0.21 -0.0149446 -0.0358383 -0.00628931 0.0162141
0.22 -0.00762933 0.00913271 0.0192789 0.0207336
0.23 0.010612 0.0425514 -0.000178568 0.0106135
0.24 -0.00938197 0.0677999 0.00662442 0.011485
0.25 -0.008107 0.0673964 -0.0315229 0.0325486
0.26 0.0052491 0.0594138 -0.0646044 0.0648173
0.27 -0.00400477 0.0201538 -0.0124665 0.0130939
0.28 -0.00958625 0.0682578 4.33889e-05 0.00958635
0.29 -0.0194701 -0.104588 -0.0327254 0.0380794
0.3 -0.0174713 0.103728 -0.011693 0.0210231
0.31 -0.00578118 0.110774 5.01517e-05 0.0057814
0.32 -0.0106915 0.100209 0.00601653 0.0122681
0.33 0.00304592 0.047152 0.0129487 0.0133022
0.34 -0.00685902 0.0982141 -0.0130521 0.0147446
0.35 0.00619307 0.00953937 0.0250073 0.0257627
0.36 -3.03779e-05 0.0580448 0.019674 0.0196741
0.37 -0.000574289 0.00501798 0.0251734 0.02518
0.38 -0.00514084 0.0969582 -0.0064957 0.00828386
0.39 -0.0120499 0.0297309 0.000192666 0.0120514
0.4 -0.00899742 0.099018 -0.00643454 0.0110615
0.41 -0.00874517 0.0409545 0.0127173 0.015434
0.42 -0.00019514 0.00873691 0.0257509 0.0257516
0.43 0.00192616 0.0527535 -0.000649319 0.00203266
0.44 -0.0117984 0.0158096 0.0262265 0.0287582
0.45 -0.00118683 0.0451699 0.00637156 0.00648115
0.46 -0.00581501 0.123882 0.0133236 0.0145372
0.47 -0.00955742 0.130566 -0.0130815 0.0162009
0.48 0.00207651 0.101118 0.00635967 0.00669009
0.49 -0.0127577 0.0793532 0.00615667 0.0141655
0.5 -0.0169659 0.103708 0.0327998 0.0369279
0.51 -0.00873963 0.049757 -0.02542 0.0268805
0.52 -0.00428054 -0.0245108 -0.0131136 0.0137946
0.53 -0.00508698 0.0160668 0.00029058 0.00509528
0.54 -0.00691932 0.102423 -0.0129626 0.0146937
0.55 0.00436564 -0.0115298 0.0118785 0.0126553
0.56 -0.00352415 -0.108957 -0.0139598 0.0143977
0.57 -0.00188406 0.108132 0.0194069 0.0194981
0.58 -0.00460494 0.0428358 -0.012517 0.0133372
0.59 -0.00106364 0.103191 0.0258132 0.0258351
0.6 -0.0100623 0.0729113 -0.00648629 0.0119717
0.61 -0.0131327 0.115227 -0.0190989 0.0231783
0.62 -0.00104499 0.00510191 0.0122222 0.0122668
0.63 -0.00478799 0.011644 -0.0130685 0.013918
0.64 -0.00376131 0.00201826 -0.0255804 0.0258555
0.65 -0.0231164 0.165813 -0.019047 0.0299526
0.66 0.0141443 0.0627199 -0.013219 0.0193598
0.67 -0.00488208 0.0516009 -0.00604412 0.00776956
0.68 -0.0158496 -0.00792619 -0.00711135 0.0173718
0.69 0.0105605 0.109767 -0.00644917 0.012374
0.7 -0.000335593 0.018015 0.00644102 0.00644975
0.71 -0.0152424 0.0179288 -0.0124232 0.0196639
0.72 -0.0189845 -0.135656 -0.0267602 0.0328103
0.73 -0.00953867 0.170921 0.000545504 0.00955425
0.74 -0.0014434 0.0766907 0.0326886 0.0327205
0.75 -0.00127416 0.0497674 -0.00648423 0.00660824
0.76 -0.00890774 0.000791739 -0.0384203 0.0394394
0.77 -0.000196742 -0.0311588 0.0192289 0.0192299
0.78 -0.00532771 0.0208491 -0.0385857 0.0389518
0.79 0.0178739 0.0471043 -0.0197782 0.0266581
0.8 -0.00362084 -0.0781261 0.0251404 0.0253998
0.81 -0.00264668 -0.0923586 0.00593701 0.00650023
0.82 -0.00201794 0.0592497 0.012809 0.012967
0.83 0.00410922 0.0107234 0.0128183 0.0134608
0.84 0.000850913 0.106632 0.00586903 0.00593039
0.85 -0.0128558 0.061021 0.0133582 0.0185395
0.86 0.00973059 0.150552 -0.0131661 0.0163717
0.87 -0.00824643 0.00971192 1.65975e-05 0.00824644
0.88 -0.00855835 0.0276812 0.000325814 0.00856455
0.89 -0.0113292 -0.0466488 0.0127413 0.0170497
0.9 -0.017054 0.175087 0.0204869 0.0266562
0.91 -0.000734258 0.053934 -0.0126828 0.012704
0.92 -0.000101437 -0.0217714 -0.0072884 0.0072891
0.93 -0.0120947 0.0163081 -0.013281 0.0179629
0.94 -0.0133827 0.0659476 0.026268 0.0294806
0.95 -0.000488582 0.031391 9.62531e-05 0.000497973
0.96 0.00313584 0.0516801 -0.00627128 0.0070116
0.97 -0.00359576 -0.0154557 -0.0322001 0.0324003
0.98 -0.0121899 0.0295604 0.00689773 0.0140062
0.99 -0.0122116 0.0253794 -0.0124691 0.0174528
1 -0.000424356 -0.0397618 -0.0328506 0.0328533
1.01 -0.0133785 0.114969 0.000713585 0.0133976
1.02 0.00463424 0.112899 -0.00627679 0.00780219
1.03 -0.0111189 -0.0156842 -1.42911e-05 0.0111189
1.04 0.00318417 0.0649212 2.65045e-05 0.00318428
1.05 0.00325715 0.0114959 -0.0266033 0.026802
1.06 -0.00166149 0.0190334 -0.0136167 0.0137177
1.07 -0.0202814 0.0789832 0.0394569 0.0443641
1.08 -0.0189948 -0.113326 0.00575868 0.0198485
1.09 0.00248935 0.123637 0.0127018 0.0129434
1.1 -0.0157424 -0.093337 -0.0201246 0.0255504
1.11 -0.00132055 0.0899549 -0.0642294 0.064243
1.12 -0.00126498 0.103326 0.01317 0.0132306
1.13 0.00269205 0.0832831 0.0127615 0.0130423
1.14 -0.00705846 -0.0446039 -0.00770799 0.0104515
1.15 -0.0178364 -0.163168 0.0117018 0.0213324
1.16 -0.00403652 0.118417 0.0197904 0.0201979
1.17 0.0074179 0.0134934 -0.025655 0.0267058
1.18 -0.000711536 0.107298 0.0134447 0.0134635
1.19 -0.0121371 0.0250606 -0.0380404 0.0399297
1.2 -0.00130997 0.00978849 -0.019408 0.0194521
1.21 -0.00117867 0.0495452 0.0192657 0.0193018
1.22 -0.0102017 0.108733 -0.012697 0.0162877
1.23 -0.00877999 0.0275191 0.0128921 0.0155979
1.24 -0.00859062 -0.0124792 -0.0197738 0.0215593
1.25 0.00239225 0.0613235 -0.013231 0.0134455
1.26 -0.00915003 0.0456318 -0.0384608 0.0395342
1.27 0.00722037 0.0359057 -0.000420388 0.0072326
1.28 -0.00475051 0.0565027 0.0259868 0.0264175
1.29 0.00131673 0.0927435 -0.0517663 0.051783
1.3 -0.0124167 0.0567687 -0.00670589 0.0141118
1.31 -0.0253481 0.0821362 0.0200008 0.0322886
1.32 0.00670414 0.0316932 -0.000353671 0.00671346
1.33 -0.00523954 0.0520629 0.0127459 0.0137808
1.34 -0.0108877 0.0824021 0.0186682 0.0216112
1.35 -0.000277106 0.0181939 0.0055972 0.00560406
1.36 -0.0118198 -0.0909843 -0.00702102 0.0137478
1.37 0.00177135 0.0837283 -0.0132113 0.0133295
1.38 -0.00928642 0.0996463 0.0251602 0.0268192
1.39 -0.000383778 -0.0177047 -0.0197712 0.0197749
1.4 0.00338632 0.0206441 0.00578766 0.00670553
1.41 -0.00893774 0.0588169 0.00639172 0.0109881
1.42 -0.0166178 0.0589549 0.0197323 0.0257976
1.43 -0.00514161 0.0834448 0.0263344 0.0268317
1.44 0.00797372 0.0132195 -0.0257409 0.0269476
1.45 0.00196393 0.0658658 -0.00688569 0.00716029
1.46 0.00220621 0.0210257 -0.00684521 0.00719196
1.47 0.00993999 0.0427703 -0.0257723 0.0276228
1.48 0.0066705 0.0449624 -0.0133332 0.0149087
1.49 -0.0160799 -0.00317603 -0.00720055 0.0176185
1.5 -0.00262647 0.157691 -0.00617005 0.00670581
1.51 -0.00244248 0.0193269 0.00621141 0.00667438
1.52 -0.00263541 0.126591 0.0192288 0.0194085
1.53 -0.00329001 -0.0782193 0.0185437 0.0188333
1.54 -0.00829263 0.027079 1.51112e-06 0.00829263
1.55 -0.0055287 0.146036 0.032844 0.0333061
1.56 -0.00861984 0.085481 -0.0187176 0.0206071
1.57 -0.00496658 0.0877828 -0.00592271 0.00772951
1.58 -0.00995386 0.0817822 0.025975 0.0278169
1.59 0.00160261 -0.00122898 -0.0132958 0.013392
1.6 -0.00950951 0.0408918 0.00670356 0.0116348
1.61 -0.0130069 0.0567984 0.0132306 0.0185534
1.62 -0.0118454 -0.0508612 0.012808 0.0174459
1.63 -0.0163514 0.0366893 0.032441 0.0363289
1.64 -0.0316113 -0.0259553 -0.0061927 0.0322121
1.65 -0.00841895 -0.0439908 0.0183378 0.0201781
1.66 -0.00124794 0.0362073 -0.0383533 0.0383736
1.67 -0.00890195 0.0188424 -0.0260418 0.0275212
1.68 -0.00565769 0.0567537 0.00648675 0.0086074
1.69 -0.00876884 0.0542111 0.0133863 0.0160026
1.7 -0.0130615 -0.000895326 -0.0196586 0.0236022
1.71 0.00279686 0.047398 -0.0125688 0.0128762
1.72 -0.0169693 0.161706 -0.0122266 0.0209153
1.73 -0.00257215 0.122059 0.0130778 0.0133283
1.74 -0.00499423 0.0521792 -0.00595225 0.00776991
1.75 0.0143387 0.0272588 -0.000676271 0.0143546
1.76 -0.0153766 0.125474 -0.0195613 0.0248814
1.77 -0.00428305 0.024854 0.00082228 0.00436127
1.78 -0.00500701 0.0432471 -0.0389165 0.0392373
1.79 -0.00525302 0.168403 -0.0378154 0.0381785
1.8 -0.00378489 0.024362 0.051858 0.0519959
1.81 0.0104931 0.0652784 0.0252563 0.0273493
1.82 -0.0015051 0.0411652 3.75925e-06 0.00150511
1.83 0.00617166 0.0410281 0.0452306 0.0456498
1.84 -0.0169709 0.0283041 0.0190021 0.0254773
1.85 -0.00464039 -0.00659153 0.00057355 0.0046757
1.86 -0.00335982 -0.024956 0.0128597 0.0132914
1.87 0.00329836 -0.0107504 0.00584761 0.00671369
1.88 0.00285697 0.029817 0.0190575 0.0192705
1.89 -0.0547755 -0.00666809 -0.141235 0.151484
1.9 -0.0780845 -0.102852 -0.348461 0.357103
1.91 -0.123295 -0.0214282 -0.566741 0.579998
1.92 -0.129734 -0.137259 -0.684015 0.69621
1.93 -0.0989431 -0.151842 -0.595018 0.603188
1.94 -0.0675913 -0.153852 -0.467356 0.472218
1.95 -0.0412179 -0.0904848 -0.454596 0.456461
1.96 -0.0128863 -0.00523136 -0.364719 0.364946
1.97 -0.00824917 -0.0525027 -0.474717 0.474788
1.98 0.0178402 -0.0456215 -0.617157 0.617415
1.99 -0.0127551 -0.124991 -0.734039 0.73415
2 0.000834048 -0.105456 -0.909344 0.909345
2.01 -0.0142258 -0.287923 -1.01347 1.01357
2.02 -0.000630133 -0.121523 -1.07177 1.07177
2.03 0.0119181 -0.173683 -1.19502 1.19508
2.04 0.00745012 -0.255244 -1.31851 1.31853
2.05 0.0168561 -0.11401 -1.46648 1.46657
2.06 0.0341792 -0.199655 -1.7 1.70034
2.07 0.0508497 -0.208773 -1.90813 1.90881
2.08 0.0534368 -0.316928 -2.04563 2.04633
2.09 0.0599516 -0.266992 -2.2388 2.23961
2.1 0.103336 -0.306779 -2.31756 2.31986
2.11 0.148665 -0.210543 -2.48902 2.49346
2.12 0.209006 -0.358423 -2.84615 2.85381
2.13 0.233802 -0.328436 -3.09293 3.10175
2.14 0.279527 -0.413436 -3.36077 3.37237
2.15 0.307724 -0.479307 -3.58351 3.5967
2.16 0.318939 -0.326286 -3.72075 3.73439
2.17 0.401493 -0.435182 -3.7889 3.81011
2.18 0.459423 -0.474875 -3.90715 3.93407
2.19 0.508548 -0.509441 -4.07658 4.10818
2.2 0.527698 -0.449096 -4.40114 4.43266
2.21 0.551116 -0.680761 -4.68131 4.71364
2.22 0.570409 -0.629996 -5.01776 5.05008
2.23 0.556962 -0.684087 -5.14818 5.17822
2.24 0.592713 -0.629574 -5.32936 5.36221
2.25 0.594388 -0.781521 -5.4919 5.52397
2.26 0.587537 -0.593649 -5.81326 5.84287
2.27 0.589494 -0.513022 -6.07045 6.099
2.28 0.595161 -0.675993 -6.3818 6.40949
2.29 0.574757 -0.708734 -6.55603 6.58117
2.3 0.591104 -0.679031 -6.63412 6.66041
2.31 0.599577 -0.636189 -6.75647 6.78303
2.32 0.636136 -0.885722 -6.91336 6.94257
2.33 0.642878 -0.657062 -7.13922 7.16811
2.34 0.661673 -0.832958 -7.49587 7.52502
2.35 0.663934 -0.775882 -7.90397 7.93181
2.36 0.644668 -0.862583 -8.06066 8.08639
2.37 0.649848 -0.79096 -8.15134 8.1772
2.38 0.65925 -0.802043 -8.13234 8.15902
2.39 0.677424 -0.756254 -8.20413 8.23205
2.4 0.718887 -0.834385 -8.33485 8.3658
2.41 0.75918 -0.903333 -8.57491 8.60846
2.42 0.772257 -0.857705 -8.77507 8.80899
2.43 0.757862 -0.697766 -8.84545 8.87786
2.44 0.749479 -0.849079 -8.78716 8.81907
2.45 0.728997 -0.774187 -8.78585 8.81604
2.46 0.705487 -0.756414 -8.77105 8.79938
2.47 0.707229 -0.779228 -9.01654 9.04423
2.48 0.715169 -0.819531 -9.28849 9.31599
2.49 0.760052 -0.845642 -9.49746 9.52783
2.5 0.793032 -0.861557 -9.64679 9.67933
2.51 0.817997 -0.757407 -9.58202 9.61688
2.52 0.86031 -0.647093 -9.47194 9.51093
2.53 0.863949 -0.77491 -9.4479 9.48732
2.54 0.842345 -0.851889 -9.56505 9.60206
2.55 0.853174 -0.826923 -9.61754 9.65531
2.56 0.852368 -0.764067 -9.50769 9.54582
2.57 0.841713 -0.655104 -9.24103 9.27929
2.58 0.847986 -0.766046 -9.12542 9.16473
2.59 0.843065 -0.732848 -9.23098 9.2694
2.6 0.859048 -0.850184 -9.49163 9.53043
2.61 0.85385 -0.834566 -9.73892 9.77628
2.62 0.830401 -1.05263 -9.7662 9.80144
2.63 0.828785 -0.913656 -9.73302 9.76824
2.64 0.823498 -0.83506 -9.74408 9.77881
2.65 0.786895 -0.839226 -9.98131 10.0123
2.66 0.737802 -0.920644 -10.284 10.3104
2.67 0.747767 -0.737836 -10.4121 10.439
2.68 0.763095 -0.906061 -10.3744 10.4025
2.69 0.766758 -0.817941 -10.1679 10.1968
2.7 0.756646 -0.771232 -10.0693 10.0977
2.71 0.72432 -0.872375 -10.0948 10.1208
2.72 0.691937 -0.897245 -10.1988 10.2223
2.73 0.679453 -0.871965 -10.3355 10.3578
2.74 0.719881 -0.904948 -10.4015 10.4263
2.75 0.755293 -0.922305 -10.3897 10.4172
2.76 0.77572 -0.917233 -10.3492 10.3782
2.77 0.704777 -0.848334 -10.4426 10.4663
2.78 0.667287 -0.855895 -10.6937 10.7145
2.79 0.584061 -0.929034 -10.9955 11.011
2.8 0.571765 -0.844814 -11.0394 11.0542
2.81 0.546902 -0.869565 -10.9083 10.922
2.82 0.561301 -0.690403 -10.7308 10.7455
2.83 0.502192 -0.833482 -10.6449 10.6568
2.84 0.479561 -0.775743 -10.7157 10.7265
2.85 0.448479 -0.858986 -10.9188 10.928
2.86 0.465479 -0.870111 -11.1972 11.2069
2.87 0.521084 -0.845684 -11.1421 11.1542
2.88 0.541616 -0.800667 -10.9992 11.0126
2.89 0.578291 -0.744307 -10.8626 10.8779
2.9 0.610372 -0.787864 -10.9347 10.9518
2.91 0.607647 -0.822829 -11.1567 11.1732
2.92 0.579995 -0.936143 -11.326 11.3409
2.93 0.595458 -0.852274 -11.319 11.3346
2.94 0.621635 -0.80146 -11.079 11.0964
2.95 0.641333 -0.818817 -10.8504 10.8693
2.96 0.619391 -0.591121 -10.9266 10.9441
2.97 0.633263 -0.75493 -11.2387 11.2565
2.98 0.692095 -0.825388 -11.4687 11.4896
2.99 0.785737 -0.836881 -11.5237 11.5505
3 0.822767 -0.908739 -11.3709 11.4007
3.01 0.856952 -0.867694 -11.1984 11.2311
3.02 0.822984 -0.856895 -11.3013 11.3313
3.03 0.773354 -0.800743 -11.5543 11.5801
3.04 0.779104 -0.979732 -11.7564 11.7822
3.05 0.856312 -1.00011 -11.7331 11.7643
3.06 0.900689 -0.916291 -11.5135 11.5487
3.07 0.919681 -0.860851 -11.1817 11.2194
3.08 0.881422 -0.845873 -11.2777 11.3121
3.09 0.820603 -0.857454 -11.4905 11.5198
3.1 0.756935 -0.894856 -11.523 11.5478
3.11 0.587279 -0.810671 -9.00509 9.02422
3.12 0.518519 -0.397809 -6.08922 6.11126
3.13 0.690623 -0.244162 -6.85449 6.88919
3.14 -0.0408391 -0.893435 -13.4145 13.4146
3.15 0.142715 -0.824252 -14.1837 14.1845
3.16 0.99145 -0.962119 -11.4756 11.5183
3.17 1.54661 -1.07414 -8.76852 8.90388
3.18 1.70956 -1.29613 -7.93341 8.11551
3.19 1.67885 -1.00428 -7.29124 7.48203
3.2 1.4905 -1.09714 -6.53664 6.70442
3.21 1.13291 -1.00492 -5.53213 5.64694
3.22 0.797144 -0.766249 -4.7023 4.76939
3.23 0.528815 -0.493559 -4.22862 4.26156
3.24 0.334404 -0.530617 -3.50892 3.52482
3.25 0.212338 -0.611592 -3.24204 3.24898
3.26 0.0635238 -0.331915 -3.15526 3.1559
3.27 -0.0769626 -0.25383 -2.98166 2.98265
3.28 -0.133696 -0.161353 -2.63097 2.63437
3.29 -0.167571 -0.325171 -2.22366 2.22997
3.3 -0.131965 -0.321368 -1.73458 1.73959
3.31 -0.0827694 -0.112185 -1.26225 1.26496
3.32 -0.0521085 -0.0843992 -0.840154 0.841768
3.33 -0.0429299 -0.00640566 -0.447335 0.44939
3.34 -0.0737053 0.198275 -0.142574 0.160499
3.35 -0.0640929 0.182355 0.0578793 0.0863592
3.36 -0.00376875 0.109747 0.00549595 0.00666401
3.37 -0.00358334 0.114053 0.0120259 0.0125484
3.38 0.000907628 0.16026 -0.0129933 0.013025
3.39 -0.0118003 -0.153262 0.0178645 0.0214099
3.4 -0.00633342 0.0532112 0.0189089 0.0199414
3.41 -0.00710847 0.0622874 0.0257383 0.0267019
3.42 -0.00164697 -0.0349126 0.0382418 0.0382772
3.43 -0.00770029 0.112146 0.00598982 0.00975564
3.44 -0.00985203 -0.0699255 0.0507949 0.0517415
3.45 -0.00555322 0.0299754 0.0327867 0.0332536
3.46 -0.00562004 0.101774 0.0192891 0.0200911
3.47 -0.00504097 -0.0146722 0.0320215 0.0324158
3.48 -0.00264486 -0.0429322 -0.00772898 0.00816899
3.49 -0.00222736 0.0640965 0.0640411 0.0640798
3.5 -0.0171975 -0.0340507 0.0123086 0.0211484
3.51 -0.00963776 0.032539 0.0323986 0.0338017
3.52 0.00519645 0.0769438 0.0262631 0.0267722
3.53 -0.000176697 0.205519 0.0388382 0.0388386
3.54 -0.00258747 0.046346 0.0381381 0.0382257
3.55 0.00447911 0.0594747 0.0705416 0.0706837
3.56 -0.00735815 0.0359703 0.0122602 0.0142987
3.57 -0.00234234 0.0330904 0.0511557 0.0512093
3.58 -0.0113515 0.18557 0.0130542 0.0172994
3.59 -0.00704419 0.0937276 0.0318102 0.0325808
3.6 0.00587764 0.0371192 0.0316167 0.0321584
3.61 0.00218912 -0.014449 0.00565941 0.00606804
3.62 -0.00252854 0.0955666 0.0451687 0.0452394
3.63 -0.00720851 0.0802507 0.0512242 0.051729
3.64 -0.00492421 -0.0239046 0.0574625 0.0576731
3.65 -0.0103012 0.0597531 0.0384991 0.0398534
3.66 0.00100313 0.079743 0.045044 0.0450551
3.67 -0.00249383 -0.0162309 0.012313 0.012563
3.68 -0.00126119 -0.0346454 0.0379772 0.0379981
3.69 0.00490859 0.0243233 -0.000654477 0.00495203
3.7 -0.0034725 0.109249 0.0450035 0.0451373
3.71 -0.00251823 0.0732364 0.0126498 0.012898
3.72 -0.00979748 0.0907032 0.0450583 0.0461112
3.73 -0.0108343 0.0428668 0.0184783 0.0214203
3.74 0.0044264 0.100328 -0.00021974 0.00443185
3.75 -0.00184686 0.0143859 0.0574978 0.0575275
3.76 0.0075897 0.17424 0.0252543 0.0263701
3.77 0.00378273 0.19444 0.0326069 0.0328256
3.78 -0.00589399 0.052721 0.0193963 0.020272
3.79 -0.00211243 -0.00749057 0.0379077 0.0379665
3.8 -0.0121658 0.11916 -0.000316537 0.0121699
3.81 0.000863069 0.0795725 0.051749 0.0517562
3.82 -0.000470337 0.205372 0.0457757 0.0457782
3.83 -0.0129509 -0.0417113 0.0513727 0.05298
3.84 -0.00739245 0.160959 0.0647915 0.0652119
3.85 0.00555974 0.023666 0.0512632 0.0515638
3.86 -0.00785823 0.143282 0.0257424 0.0269151
3.87 -0.00156138 0.0233681 0.0322033 0.0322412
3.88 -0.0140165 0.0442432 0.0391867 0.041618
3.89 0.00943357 0.0346022 0.018783 0.0210189
3.9 -0.00901597 -0.101766 0.0182601 0.0203647
3.91 -0.0135411 -0.00961297 0.0640949 0.0655097
3.92 -0.00682218 0.0844412 0.0452581 0.0457694
3.93 -0.020693 0.0349428 0.0450327 0.0495595
3.94 -0.0105914 0.104543 0.0518366 0.0529075
3.95 -0.00736189 0.103075 0.0188645 0.0202501
3.96 -0.00358077 0.0202435 0.0185759 0.0189179
3.97 -0.0120443 -0.0685254 0.0829134 0.0837836
3.98 0.00196162 0.0924101 0.0647809 0.0648106
3.99 -0.00243109 0.055267 0.0572214 0.057273
4 0.00143562 0.0307159 0.0508943 0.0509145
4.01 0.0206187 0.0322204 0.0120482 0.0238807
4.02 -0.00949832 -0.00328258 0.0386093 0.0397605
4.03 -0.0101671 0.0285011 0.0511313 0.0521323
4.04 -0.00525699 0.0392475 -0.00622664 0.00814905
4.05 -0.0100183 0.0596099 0.0452804 0.0463754
4.06 -0.00180509 0.00583373 0.00572708 0.00600481
4.07 0.00450777 0.064308 0.031974 0.0322902
4.08 -0.0172279 0.0372049 0.0265191 0.0316238
4.09 -0.007381 0.0623984 0.0577441 0.0582139
4.1 -0.0182649 0.149456 0.0392626 0.0433031
4.11 -0.00924386 0.0145417 0.0513667 0.0521919
4.12 -0.00654508 0.0530364 0.0451238 0.045596
4.13 -0.0149334 -0.0129875 0.00573325 0.0159962
4.14 -0.0034198 0.0913769 0.0317812 0.0319646
4.15 -0.00649391 0.0978621 0.0643988 0.0647253
4.16 0.00428558 0.0734334 0.044779 0.0449836
4.17 -0.0034886 0.100317 0.0706067 0.0706928
4.18 -0.00656773 0.102265 0.0580156 0.0583862
4.19 -0.00877026 -0.101669 0.0247006 0.0262114
4.2 -0.00628925 0.0306419 0.0452983 0.0457329
4.21 0.00411625 0.064848 0.018108 0.01857
4.22 -0.00502509 -0.0417526 0.0444726 0.0447556
4.23 0.00110318 0.0712087 0.0186817 0.0187142
4.24 0.00151181 0.0126373 0.0577931 0.0578129
4.25 -0.00193397 0.054995 0.00658773 0.00686574
4.26 0.00573857 0.0634922 0.0514203 0.0517395
4.27 -0.0134151 0.0482657 0.0260828 0.0293305
4.28 -0.00319004 0.0732744 0.0384476 0.0385797
4.29 -0.00415289 0.0917203 0.0382307 0.0384556
4.3 -0.029098 0.0175015 0.00641165 0.0297961
4.31 0.00116266 0.00820677 0.0641001 0.0641106
4.32 -0.0104255 0.10026 0.0648926 0.0657248
4.33 0.00548896 0.130339 0.0778378 0.0780311
4.34 -0.00986766 0.130434 0.097343 0.0978419
4.35 -0.00593518 0.00410089 0.0183563 0.019292
4.36 -0.00609251 0.0485899 0.0315323 0.0321155
4.37 -0.00155854 0.0549525 0.0451805 0.0452074
4.38 -0.00496224 -0.0594759 0.0186458 0.0192948
4.39 -0.0216442 0.115911 0.0586478 0.0625143
4.4 -0.00716597 0.0754411 0.0451435 0.0457087
4.41 -0.0062393 0.106418 0.051779 0.0521535
4.42 -0.0127437 0.0214838 0.0637167 0.0649786
4.43 0.0124209 0.0908433 0.0579528 0.0592689
4.44 -0.0116797 0.194447 0.0652195 0.0662571
4.45 -0.0132357 0.0305779 0.0510744 0.0527615
4.46 -0.0109346 0.131535 0.0388062 0.0403173
4.47 0.00771527 0.218585 0.0452116 0.0458652
4.48 -0.00997394 0.0372017 0.0454168 0.0464991
4.49 -0.00905106 0.0326908 0.019638 0.0216234
4.5 -0.0156585 0.094505 0.0127047 0.0201643
4.51 -0.00732632 0.0402998 0.0190225 0.0203846
4.52 -0.0102646 0.0461609 0.0454171 0.0465626
4.53 0.00564785 0.0325818 0.0312888 0.0317945
4.54 -0.00183135 0.00996486 0.0384719 0.0385154
4.55 -0.00594432 0.0437067 0.0385971 0.0390522
4.56 -0.00996815 0.0552524 0.0577953 0.0586487
4.57 -0.0019702 0.0591386 0.025684 0.0257595
4.58 -0.00743606 0.0939456 0.0704508 0.0708421
4.59 0.00436475 0.0644606 0.0447406 0.044953
4.6 0.00137572 0.0481162 0.0706595 0.0706729
4.61 0.00889407 0.0436267 0.0446573 0.0455343
4.62 -0.00366908 0.078251 0.0379788 0.0381556
4.63 0.000286181 0.168971 0.0712481 0.0712487
4.64 -0.00562661 0.043788 0.0506664 0.0509779
4.65 -0.00505216 -0.0640039 0.0378659 0.0382014
4.66 0.00495573 0.0817261 -0.0126132 0.0135519
4.67 -0.00279134 0.0599952 0.0512328 0.0513088
4.68 0.00952629 0.0480749 0.0188787 0.021146
4.69 0.00378653 0.229928 0.0650212 0.0651313
4.7 -0.00664415 0.0175897 0.0383511 0.0389223
4.71 0.00987441 0.00332223 0.00581173 0.0114578
4.72 0.00635068 -0.0124906 0.056885 0.0572384
4.73 -0.00956493 0.00159217 0.0256832 0.0274065
4.74 -0.0103592 0.0821944 0.0581429 0.0590586
4.75 -0.0172554 -0.0117902 0.083344 0.0851115
4.76 -0.0133626 0.0170221 0.0445763 0.0465361
4.77 -0.00819603 0.0854095 0.0385777 0.0394388
4.78 0.00905722 0.0398281 0.0375212 0.0385989
4.79 -0.00145813 0.0143299 0.0511717 0.0511925
4.8 0.00904332 0.0973555 0.0576064 0.0583119
4.81 -0.00639328 0.0932511 0.0323356 0.0329616
4.82 0.00131663 0.101669 0.0512561 0.051273
4.83 -0.00127951 -0.0391692 0.0376874 0.0377092
4.84 -0.0114653 0.203567 0.0583204 0.0594367
4.85 0.00519981 0.076601 0.0453401 0.0456373
