0 -0.00971641 -0.0348009 0.0520809 0.0529795
0.01 0.000732333 0.00878292 0.0200415 0.0200548
0.02 -0.00304268 -0.00237646 0.0197042 0.0199378
0.03 0.00522445 -0.0344508 0.0259565 0.0264771
0.04 -0.00734008 0.0309633 0.0327373 0.03355
0.05 0.00454015 0.0149647 0.0520417 0.0522393
0.06 -0.0102909 0.0156774 0.013185 0.0167256
0.07 -0.00654372 0.0487274 0.0137976 0.0152707
0.08 0.00927297 -0.0100698 0.0128493 0.0158459
0.09 0.0162618 0.00388143 0.0254935 0.0302385
0.1 0.000136879 0.0711987 -0.00580218 0.00580379
0.11 0.00172875 0.0120836 0.0136277 0.0137369
0.12 -0.00728875 -0.0269848 0.0643851 0.0647964
0.13 0.00269498 -0.0413788 -0.0251133 0.0252575
0.14 0.0213655 -0.0125415 -0.000638271 0.021375
0.15 0.00237091 -0.0193312 0.013299 0.0135087
0.16 0.0090808 0.0209838 0.0261995 0.0277286
0.17 -0.009422 -0.00793002 0.00685038 0.0116491
0.18 0.00158292 0.0032915 0.00707854 0.00725337
0.19 -0.00260129 -0.0429439 0.00649431 0.00699592
0.2 -0.00214804 0.00147055 0.0521694 0.0522136
0.21 -0.00960219 -0.0878326 0.0515634 0.0524499
0.22 -0.00990976 -0.0206811 6.52387e-05 0.00990997
0.23 -0.00253178 0.0064055 0.0260597 0.0261824
0.24 -0.00138241 -0.0130987 0.0268664 0.0269019
0.25 -0.00149698 -0.0214846 0.0327805 0.0328146
0.26 0.000469943 0.0666979 0.0134947 0.0135029
0.27 -0.00717772 0.0713068 0.0324833 0.0332668
0.28 0.00505639 0.0191771 0.051975 0.0522203
0.29 0.00666356 -0.0347492 0.000110946 0.00666448
0.3 0.00154799 0.0217637 0.0262921 0.0263376
0.31 -0.00608479 -0.0140403 0.0391704 0.0396402
0.32 -0.00871785 0.272677 -0.0111226 0.014132
0.33 -0.0132978 -0.0945929 0.019472 0.0235795
0.34 0.00476548 0.00567727 0.00692222 0.00840398
0.35 -0.00629848 -0.00964641 0.0132394 0.0146612
0.36 0.00934822 0.0479012 0.0456683 0.0466153
0.37 0.0164454 0.0257858 0.0258069 0.0306015
0.38 -0.000713567 -0.10632 0.0448796 0.0448853
0.39 0.00211836 -0.0230273 0.077189 0.077218
0.4 -0.00320667 -0.0249602 -0.0125119 0.0129163
0.41 0.00130283 0.0255903 0.0141501 0.01421
0.42 0.00242105 -0.0236887 0.025814 0.0259272
0.43 0.000347408 0.124622 0.0264952 0.0264975
0.44 0.000871007 0.0265324 0.0322585 0.0322702
0.45 -0.010632 0.108967 0.0208896 0.0234396
0.46 -0.00961391 -0.0249419 0.0190207 0.0213123
0.47 -0.00904662 -0.110566 0.0064245 0.0110957
0.48 -0.0068135 0.0486962 -0.0116497 0.0134959
0.49 -0.00770826 0.13407 0.0266202 0.0277138
0.5 0.00075698 -0.000569903 0.0388102 0.0388176
0.51 0.00571446 -0.0166784 0.0577589 0.0580409
0.52 -0.00747057 0.0175891 0.0334151 0.03424
0.53 0.0107954 -0.0732548 3.67752e-05 0.0107955
0.54 0.00534125 -0.00783267 0.0395962 0.0399548
0.55 0.0212465 -0.0218833 0.0320108 0.0384201
0.56 -0.00496003 -0.0279735 0.0257955 0.026268
0.57 0.00885668 0.0796153 0.0518261 0.0525774
0.58 0.00600143 -0.0930333 0.00630559 0.00870504
0.59 -0.0172729 -0.0113354 0.0519667 0.0547621
0.6 -0.00330467 0.0687297 0.0328332 0.0329991
0.61 -0.0060584 -0.0274393 -0.0189523 0.0198971
0.62 0.00200828 -0.00092773 0.00679475 0.00708533
0.63 0.00126966 0.0841193 0.0136321 0.0136911
0.64 -0.00953433 -0.0207235 0.038658 0.0398164
0.65 0.00274848 -0.046079 0.00647876 0.00703765
0.66 -0.0135485 0.00336633 0.00684154 0.0151779
0.67 0.00104976 -0.0362346 -0.00660372 0.00668663
0.68 0.00188232 0.0120599 0.0133953 0.0135269
0.69 -0.00502354 -0.0326896 -0.0185694 0.0192369
0.7 -0.00309735 0.0197221 0.0584258 0.0585078
0.71 -0.00314975 0.0058474 0.0263564 0.026544
0.72 -0.00602035 0.00813202 0.019865 0.0207573
0.73 -0.00714512 0.102361 0.000952674 0.00720835
0.74 0.00090997 -0.013946 0.045155 0.0451642
0.75 -0.00956142 -0.0524037 0.032927 0.0342871
0.76 0.00490044 0.0328763 0.0516917 0.0519235
0.77 -0.00610251 0.00799896 0.0268406 0.0275256
0.78 -0.00900183 -0.110354 0.025361 0.0269112
0.79 0.00501558 0.0546145 0.0391998 0.0395194
0.8 0.0015012 0.0257785 0.0328542 0.0328885
0.81 0.00865773 0.0528641 0.045162 0.0459844
0.82 0.00204503 -0.0369986 -0.00620164 0.00653013
0.83 0.0055402 0.00570783 0.0517231 0.0520189
0.84 0.00600349 0.00533306 0.0198256 0.0207147
0.85 -0.00722207 0.106926 0.026884 0.0278372
0.86 -0.00262248 0.0686594 0.0458226 0.0458976
0.87 0.00209073 -0.112836 -0.0131859 0.0133506
0.88 -0.0024244 0.0237489 0.0258122 0.0259258
0.89 -0.00960559 -0.0166237 0.00107477 0.00966553
0.9 -0.00437475 0.0473535 0.0129494 0.0136684
0.91 -0.00309284 -0.0206587 0.0135284 0.0138775
0.92 0.00900557 -0.0143476 -0.0129586 0.0157805
0.93 -0.00339124 0.00654537 0.0194339 0.0197276
0.94 0.00391946 0.0601702 0.0194693 0.0198599
0.95 -0.0101369 -0.0164348 0.0453061 0.0464262
0.96 0.0040585 0.0111575 0.00600419 0.00724719
0.97 -0.0033697 0.1135 0.0264285 0.0266425
0.98 -0.00330589 -0.051139 0.0060926 0.00693172
0.99 0.00214241 0.0609845 0.059322 0.0593607
1 0.00717898 -0.0799007 0.0446757 0.0452489
1.01 0.00151911 0.0171111 0.0134682 0.0135536
1.02 0.00536712 0.0547985 0.0325328 0.0329726
1.03 -0.00152459 -0.0344484 0.0264124 0.0264564
1.04 0.0101324 -0.0328494 0.025813 0.0277304
1.05 0.00535495 -0.00786582 0.0198159 0.0205267
1.06 0.00616918 -0.0346196 -0.00670847 0.00911386
1.07 0.00290377 0.199262 0.0201025 0.0203111
1.08 0.00892285 -0.018404 -0.000281465 0.00892729
1.09 -0.0018596 -0.00308111 0.0262762 0.0263419
1.1 0.0055346 -0.0121817 0.0130916 0.0142134
1.11 -0.00493359 -0.0417143 0.0453179 0.0455857
1.12 0.000594021 0.0260295 0.0133541 0.0133673
1.13 -0.00204068 -0.0611396 0.00656469 0.00687455
1.14 0.00168857 -0.00999297 0.0256869 0.0257424
1.15 0.00156745 0.0303523 0.019766 0.019828
1.16 0.00750327 0.0357624 0.00636092 0.00983668
1.17 -0.0141073 0.0398138 0.0011876 0.0141572
1.18 0.00220761 0.016375 0.0394731 0.0395348
1.19 0.00499033 0.0147645 0.0388102 0.0391297
1.2 0.00610888 -0.0304105 -0.006619 0.0090072
1.21 0.00541701 0.027982 -5.21675e-06 0.00541702
1.22 -0.00619941 0.0258003 0.0200121 0.0209503
1.23 0.00787409 0.0443739 0.0194208 0.0209564
1.24 -0.00369356 0.17156 0.0267865 0.0270399
1.25 -0.0109662 0.0735525 0.0202106 0.022994
1.26 0.00128618 0.0127357 0.0454548 0.045473
1.27 0.00214694 0.0300327 0.0135483 0.0137173
1.28 -0.00655406 0.0484179 0.052655 0.0530613
1.29 0.000919309 0.0303446 0.039432 0.0394427
1.3 0.00160065 -0.0187478 0.0194083 0.0194742
1.31 -0.00937022 -0.0300474 0.0518355 0.0526756
1.32 -0.0059372 0.0348086 0.025988 0.0266575
1.33 0.0116212 0.00689963 -0.0262002 0.0286619
1.34 -0.00629627 -0.0140539 0.0391323 0.0396356
1.35 0.00182823 -0.00980295 -0.00615675 0.00642246
1.36 -0.00393201 -0.193964 0.0447893 0.0449616
1.37 0.00993164 -0.0193622 0.00659324 0.0119209
1.38 -0.0103406 0.0105863 0.026685 0.0286185
1.39 0.00784167 0.0266921 0.0192356 0.0207726
1.4 0.0126231 0.0505685 0.0259319 0.0288411
1.41 -0.00590057 0.043856 0.0265675 0.0272148
1.42 -0.00685863 0.0443802 0.0265068 0.0273798
1.43 -0.00993121 -0.011832 0.0266271 0.0284189
1.44 -0.00188655 -0.0704508 0.00609359 0.00637894
1.45 -0.00699017 -0.0313881 0.0258868 0.026814
1.46 -0.00632553 -0.00925796 0.000293457 0.00633234
1.47 -0.0126345 -0.0193751 0.0786438 0.0796522
1.48 -0.00310575 0.00231672 -0.000397742 0.00313112
1.49 0.000746661 0.102055 0.0390418 0.0390489
1.5 -0.00804357 -0.0304806 -0.0261773 0.0273852
1.51 0.00750925 0.0671849 -0.0129764 0.0149925
1.52 -0.000508701 -0.0934254 0.0448834 0.0448863
1.53 -0.003882 0.0649837 -0.0127013 0.0132813
1.54 0.000757366 0.0356027 -0.0254977 0.0255089
1.55 0.00580548 -0.0748282 -0.0190977 0.0199606
1.56 0.00184495 0.0121387 0.0393074 0.0393507
1.57 -0.0169053 -0.0474995 0.0323736 0.0365218
1.58 -0.00281447 0.0998741 0.0329198 0.0330399
1.59 -0.00582778 -0.00973034 0.0261906 0.0268311
1.6 0.00569452 0.00976847 0.0195362 0.0203492
1.61 -0.0129153 -0.0365082 0.0255731 0.0286494
1.62 0.000828677 0.137878 0.0465178 0.0465252
1.63 -0.00673972 0.0216532 0.00107201 0.00682444
1.64 0.00505619 0.0993113 0.0459406 0.046218
1.65 -0.00325416 -0.00239005 0.0196661 0.0199335
1.66 -0.0020001 -0.0390825 0.0196441 0.0197456
1.67 -0.0197721 0.141375 0.00153956 0.019832
1.68 -0.00968015 -0.0295156 0.0321089 0.0335363
1.69 0.00255233 -0.0638855 0.0191304 0.0193
1.7 -0.00753324 0.0354735 0.0329889 0.0338381
1.71 -0.00445632 0.0605728 0.0133479 0.0140721
1.72 -0.00341686 0.126964 0.00697633 0.00776815
1.73 0.00301506 -0.0549728 -0.0125283 0.012886
1.74 0.00193206 -0.00548878 0.00623445 0.00652696
1.75 -0.0111185 0.0201467 0.0133223 0.0173524
1.76 0.00575066 -0.0434618 0.0450011 0.0453671
1.77 -0.00276731 0.0864107 0.052372 0.052445
1.78 -0.0171741 -0.0115585 0.0191492 0.0257224
1.79 -0.00937882 -0.0702535 0.0256041 0.0272677
1.8 0.00319402 -0.14056 0.00634024 0.00709932
1.81 0.00104703 0.0574138 0.0130999 0.0131416
1.82 0.00585337 -0.0974179 -0.0261371 0.0267845
1.83 0.00220737 -0.09959 0.0321702 0.0322458
1.84 0.000531596 0.00905919 0.00628455 0.00630699
1.85 0.00187196 -0.068203 0.00689544 0.00714502
1.86 0.00523804 0.0106344 0.0197521 0.0204348
1.87 -0.0106172 -0.0378209 -0.0196528 0.0223374
1.88 0.00195755 -0.0231332 0.00631982 0.00661605
1.89 0.00239919 -0.0412416 0.0381629 0.0382383
1.9 0.00648948 -0.0351835 0.0518052 0.0522101
1.91 0.00914985 0.0345022 0.0324271 0.0336932
1.92 -0.00548724 -0.139012 0.0314017 0.0318776
1.93 -0.00609894 0.0304571 0.0133262 0.0146555
1.94 -0.00587493 0.0169438 0.00127557 0.00601181
1.95 -0.00228776 -0.00780672 0.00724427 0.00759693
1.96 0.0137082 -0.0482606 -0.031906 0.0347262
1.97 -0.0108056 -0.0512325 -0.0192456 0.0220715
1.98 -0.00371404 0.113788 0.0265526 0.026811
1.99 -0.00596108 -0.0452601 0.0130155 0.0143157
2 -0.00685446 0.0934013 0.0009524 0.00692031
2.01 -0.00580414 -0.0324158 0.0263973 0.0270279
2.02 -0.00778746 0.120403 0.0329971 0.0339036
2.03 -0.00986275 -0.0116658 0.0394318 0.0406466
2.04 -0.0130655 -0.0236164 0.0394198 0.0415286
2.05 0.00097422 0.0080653 0.0521026 0.0521117
2.06 0.0175097 0.0385404 0.0324359 0.0368602
2.07 0.0168655 -0.00577142 0.012906 0.021237
2.08 0.00935333 0.0208727 -0.00580626 0.011009
2.09 -0.00643298 -0.0850915 0.0186809 0.0197575
2.1 -0.00543791 -0.00572142 0.0130486 0.0141364
2.11 0.00153185 -0.00980731 0.0582338 0.058254
2.12 -0.00690164 0.00392982 0.020126 0.0212765
2.13 0.00479523 0.0687809 0.0518834 0.0521045
2.14 2.46642e-05 0.0264977 0.00696676 0.0069668
2.15 0.000497007 0.0889491 0.0201015 0.0201076
2.16 0.0106514 -0.0196922 0.045062 0.0463037
2.17 -0.00115229 -0.124385 0.0187763 0.0188117
2.18 0.00648849 -0.061727 0.0387066 0.0392467
2.19 -0.00642858 -0.0362511 0.0445186 0.0449804
2.2 -0.00623029 -0.0319392 -0.0190096 0.0200045
2.21 -0.0105673 -0.0649793 0.0254536 0.02756
2.22 -0.00288827 0.0239821 0.0588239 0.0588948
2.23 -0.0173465 -0.0294107 0.0256691 0.0309807
2.24 -0.00240216 -0.0254605 -0.0122183 0.0124522
2.25 0.00210496 -0.0547406 0.0516776 0.0517205
2.26 0.0208471 0.00995133 0.0448415 0.0494506
2.27 -0.00290145 0.0150695 0.000721097 0.00298972
2.28 -0.0238631 -0.163799 0.019427 0.030771
2.29 -0.00716938 0.089054 0.0136617 0.0154286
2.3 0.00270288 -0.0956549 0.0321738 0.0322871
2.31 0.000353204 0.155884 0.0334109 0.0334128
2.32 -0.0065664 0.0753167 0.0330279 0.0336744
2.33 0.000721597 0.0755774 0.00693645 0.00697388
2.34 -0.011198 0.131732 0.0272414 0.0294532
2.35 0.0123348 -0.0473119 -0.0134472 0.0182475
2.36 0.00558991 -0.0212699 0.045438 0.0457805
2.37 -0.0178925 -0.167593 0.0121856 0.0216479
2.38 -0.0017737 -0.070053 0.0126962 0.0128195
2.39 0.00416855 0.0599242 0.0449875 0.0451802
2.4 0.0141797 -0.035173 0.0258602 0.0294926
2.41 0.00827294 0.0218267 0.0068288 0.0107273
2.42 -0.0170998 -0.00277066 0.0452081 0.0483341
2.43 0.00240174 -0.0415451 0.00696282 0.00736541
2.44 0.00253464 -0.0192065 0.000462133 0.00257643
2.45 -0.00607644 -0.00950392 0.0258116 0.0265172
2.46 -0.00269216 0.00593805 0.0579736 0.0580361
2.47 -0.00133702 0.0231053 0.0328865 0.0329137
2.48 0.000679024 0.0709579 0.0138929 0.0139094
2.49 0.00939656 0.0611424 0.0519661 0.0528088
2.5 0.00804819 0.0312556 0.0508339 0.0514671
2.51 0.0044753 0.0598963 0.019384 0.0198939
2.52 0.00429167 0.0285629 0.0199469 0.0204034
2.53 -0.00270327 0.0150966 0.0456781 0.045758
2.54 -0.00460625 -0.189337 -0.00669742 0.00812853
2.55 -0.00225412 -0.0210758 0.0202238 0.0203491
2.56 0.00515122 -0.0166952 0.0129962 0.0139798
2.57 -0.00727304 -0.00860505 0.012767 0.0146933
2.58 0.00429747 0.0466135 0.0323254 0.0326098
2.59 -0.0126257 -0.104079 0.0196885 0.023389
2.6 0.0121572 0.0553704 0.00679717 0.0139283
2.61 -0.00642219 0.0215734 0.0393943 0.0399143
2.62 0.00528142 0.0416362 0.0521472 0.0524139
2.63 -0.00994042 -0.0786013 0.0124351 0.0159199
2.64 0.0080882 0.133466 0.032741 0.0337252
2.65 0.00171763 0.00803141 0.00679502 0.00700875
2.66 0.000378248 0.102408 0.020159 0.0201626
2.67 0.00571368 0.0501035 0.0583017 0.058581
2.68 0.00575084 -0.0300899 0.0132854 0.0144766
2.69 0.00791848 0.0446055 0.0132187 0.015409
2.7 0.00340668 -0.207348 0.0309741 0.0311609
2.71 -0.00276098 0.0284312 0.0136918 0.0139674
2.72 0.0158097 0.124454 0.0201356 0.0256005
2.73 0.00920975 0.017102 0.0126618 0.015657
2.74 -0.0174516 -0.0962799 0.0382337 0.0420282
2.75 -0.0060413 -0.0854706 0.00629324 0.00872365
2.76 0.00474564 0.063851 0.0391298 0.0394165
2.77 0.00872394 0.0480089 0.0329495 0.0340848
2.78 -0.00271707 -0.0298079 0.000491018 0.00276108
2.79 0.00295025 0.0340024 0.0189146 0.0191433
2.8 0.0165841 0.0567462 0.0325605 0.0365406
2.81 -0.0058982 0.0169699 0.032546 0.0330761
2.82 0.0204933 0.0141748 0.0256155 0.0328044
2.83 0.00649301 -0.102108 -0.00619072 0.0089713
2.84 0.000497769 0.0221673 0.019558 0.0195643
2.85 -0.00116777 -0.0841134 0.026001 0.0260272
2.86 -0.00659964 0.101777 0.0397242 0.0402686
2.87 0.00610456 -0.0701639 0.0443127 0.0447312
2.88 0.00617136 -0.0616668 0.025523 0.0262585
2.89 0.00497067 0.0863101 0.039302 0.0396151
2.9 -0.0108593 -0.00259051 0.0325746 0.034337
2.91 0.0094073 0.0746431 0.0327845 0.0341074
2.92 0.00939734 -0.00563943 0.0514232 0.0522748
2.93 -0.000204003 -0.19182 0.00575993 0.00576355
2.94 0.0118948 0.0197794 0.0379999 0.0398181
2.95 0.00893904 0.0128251 0.045422 0.0462932
2.96 0.00898553 0.0210253 0.0518411 0.0526141
2.97 0.00928473 -0.0503209 0.0390536 0.0401421
2.98 -0.0023251 0.00170114 0.0322807 0.0323643
2.99 -0.0060284 -0.0413615 -0.00660506 0.0089425
3 0.00851948 0.035095 0.0580843 0.0587057
3.01 0.00258715 -0.0372393 0.0134928 0.0137386
3.02 -0.00463674 0.061146 -0.0256179 0.0260342
3.03 -0.000327677 -0.13796 0.0255763 0.0255784
3.04 0.00981491 -0.0104718 0.0587967 0.0596103
3.05 0.00834505 0.147044 0.0451384 0.0459033
3.06 -0.0061256 0.021397 0.0263952 0.0270967
3.07 -0.00356526 0.122257 0.0270402 0.0272742
3.08 -0.00893789 0.0812955 0.0263061 0.0277831
3.09 0.00107088 -0.0227661 0.0130018 0.0130458
3.1 0.0134429 0.0322754 0.0389148 0.0411712
3.11 -0.0134876 -0.0221644 -0.0578601 0.0594113
3.12 -0.0278769 -0.096532 -0.194217 0.196207
3.13 -0.0805766 -0.0808987 -0.394009 0.402164
3.14 -0.0975142 -0.0744283 -0.567836 0.576149
3.15 -0.128084 -0.211357 -0.666013 0.678218
3.16 -0.128389 -0.139345 -0.666241 0.678499
3.17 -0.12907 -0.0544216 -0.632881 0.645908
3.18 -0.130174 -0.155673 -0.730778 0.742281
3.19 -0.134546 -0.108281 -0.826673 0.83755
3.2 -0.16246 -0.117809 -0.987026 1.00031
3.21 -0.15563 -0.233281 -1.10455 1.11546
3.22 -0.135724 -0.156249 -1.31887 1.32583
3.23 -0.101319 -0.203893 -1.52178 1.52515
3.24 -0.0832973 -0.268321 -1.75605 1.75802
3.25 -0.0540643 -0.335518 -1.98411 1.98485
3.26 -0.0251346 -0.370922 -2.22498 2.22512
3.27 0.0265199 -0.331618 -2.36905 2.3692
3.28 0.0626503 -0.305192 -2.51952 2.5203
3.29 0.112585 -0.509835 -2.71026 2.71259
3.3 0.153465 -0.553265 -2.88014 2.88423
3.31 0.208598 -0.556278 -3.0227 3.02989
3.32 0.240849 -0.625118 -3.25752 3.26641
3.33 0.274785 -0.59205 -3.39397 3.40507
3.34 0.318508 -0.525153 -3.6087 3.62272
3.35 0.340097 -0.53384 -3.75862 3.77397
3.36 0.340387 -0.542096 -3.93905 3.95373
3.37 0.328182 -0.605124 -4.10644 4.11954
3.38 0.300215 -0.555877 -4.39629 4.40652
3.39 0.279201 -0.502372 -4.62761 4.63603
3.4 0.29302 -0.558414 -4.8217 4.83059
3.41 0.259306 -0.600358 -5.01422 5.02092
3.42 0.236861 -0.589994 -5.10211 5.10761
3.43 0.229603 -0.553456 -5.22953 5.23457
3.44 0.240475 -0.595455 -5.47478 5.48006
3.45 0.274367 -0.539818 -5.63761 5.64429
3.46 0.317514 -0.597283 -5.85886 5.86746
3.47 0.361399 -0.574403 -6.03474 6.04555
3.48 0.393456 -0.696632 -6.22293 6.23536
3.49 0.437108 -0.687253 -6.39331 6.40824
3.5 0.494253 -0.660543 -6.46669 6.48555
3.51 0.567393 -0.736661 -6.60566 6.62999
3.52 0.636918 -0.944961 -6.76387 6.79379
3.53 0.690098 -0.754086 -6.97174 7.00581
3.54 0.716103 -0.765409 -7.15301 7.18877
3.55 0.73021 -0.756796 -7.25581 7.29246
3.56 0.723165 -0.832345 -7.32078 7.35641
3.57 0.70383 -0.57849 -7.42289 7.45619
3.58 0.677232 -0.820866 -7.51788 7.54832
3.59 0.641511 -0.548227 -7.59246 7.61951
3.6 0.620375 -0.700424 -7.68827 7.71326
3.61 0.626091 -0.627561 -7.73933 7.76461
3.62 0.633805 -0.623529 -7.71965 7.74563
3.63 0.622097 -0.73212 -7.66717 7.69237
3.64 0.606056 -0.659267 -7.80835 7.83184
3.65 0.595956 -0.572363 -7.97482 7.99706
3.66 0.575924 -0.737663 -8.31105 8.33098
3.67 0.561654 -0.754542 -8.47304 8.49164
3.68 0.576435 -0.731697 -8.5261 8.54556
3.69 0.568904 -0.709557 -8.57024 8.58911
3.7 0.575838 -0.673326 -8.57027 8.58959
3.71 0.566047 -0.711795 -8.64492 8.66343
3.72 0.504939 -0.558082 -8.67473 8.68941
3.73 0.46875 -0.642815 -8.60806 8.62081
3.74 0.425336 -0.629978 -8.61344 8.62393
3.75 0.406938 -0.595844 -8.65896 8.66852
3.76 0.41715 -0.739967 -8.93226 8.942
3.77 0.428728 -0.783157 -9.12013 9.1302
3.78 0.442964 -0.604723 -9.24927 9.25987
3.79 0.455956 -0.635125 -9.11967 9.13106
3.8 0.436422 -0.650649 -9.04738 9.0579
3.81 0.427646 -0.587442 -9.07861 9.08867
3.82 0.410284 -0.62984 -9.33691 9.34592
3.83 0.415656 -0.663225 -9.81807 9.82686
3.84 0.455096 -0.776559 -10.0608 10.0711
3.85 0.486388 -0.86686 -10.1031 10.1148
3.86 0.494964 -0.93453 -10.1129 10.125
3.87 0.516941 -0.962853 -10.0619 10.0751
3.88 0.514724 -0.789194 -10.1719 10.1849
3.89 0.553281 -0.903469 -10.2314 10.2464
3.9 0.62554 -1.00695 -10.2347 10.2538
3.91 0.651008 -0.885224 -10.1317 10.1526
3.92 0.684613 -1.15156 -10.1021 10.1253
3.93 0.674718 -1.02059 -10.2766 10.2988
3.94 0.656811 -1.07123 -10.6276 10.6478
3.95 0.663488 -1.15527 -11.044 11.0639
3.96 0.695765 -1.17402 -11.2463 11.2678
3.97 0.760601 -1.15908 -11.1977 11.2236
3.98 0.787926 -1.23752 -11.1398 11.1677
3.99 0.756301 -1.03218 -10.9815 11.0075
4 0.720991 -1.07337 -10.9285 10.9523
4.01 0.684582 -1.15014 -11.0956 11.1167
4.02 0.690241 -1.1518 -11.1372 11.1585
4.03 0.48142 -0.796533 -8.19887 8.213
4.04 0.467404 -0.363855 -6.23904 6.25652
4.05 0.483748 -0.439887 -7.64047 7.65577
4.06 0.408787 -1.05337 -14.3427 14.3485
4.07 0.231459 -1.37308 -13.0839 13.0859
4.08 0.950434 -1.48655 -10.7179 10.76
4.09 1.14654 -1.3935 -8.56313 8.63955
4.1 1.11906 -1.11766 -7.65459 7.73596
4.11 1.02402 -1.0114 -6.62931 6.70793
4.12 0.896082 -0.992349 -5.85042 5.91865
4.13 0.610179 -1.04302 -5.44928 5.48334
4.14 0.370126 -1.00556 -5.14187 5.15517
4.15 0.143757 -0.83465 -4.74329 4.74546
4.16 0.0595174 -0.67967 -4.47596 4.47636
4.17 0.0635964 -0.530707 -4.10288 4.10337
4.18 0.131012 -0.32896 -3.50117 3.50362
4.19 0.178395 -0.434902 -3.23207 3.23699
4.2 0.214926 -0.369059 -3.02628 3.03391
4.21 0.217294 -0.380176 -2.90365 2.91177
4.22 0.210145 -0.295593 -2.72796 2.73604
4.23 0.200679 -0.365587 -2.53204 2.53998
4.24 0.165069 -0.169092 -2.23078 2.23687
4.25 0.127859 -0.0967431 -2.00635 2.01042
4.26 0.0868179 -0.0398176 -1.80803 1.81012
4.27 0.0644202 -0.0522322 -1.53517 1.53652
4.28 0.0679052 0.151248 -1.41751 1.41914
4.29 0.0820317 0.0844022 -1.2824 1.28502
4.3 0.0859815 -0.0428289 -1.23305 1.23605
4.31 0.0822269 -0.0405598 -1.16351 1.16641
4.32 0.0732056 -0.0351632 -1.09981 1.10224
4.33 0.0819061 0.0395181 -0.914758 0.918417
4.34 0.0985745 -0.104793 -0.709256 0.716074
4.35 0.127912 -0.172555 -0.529015 0.544259
4.36 0.122123 -0.088585 -0.379361 0.398534
4.37 0.115566 0.0220475 -0.21545 0.244487
4.38 0.111198 0.0250039 -0.11674 0.161224
4.39 0.0827405 -0.0471494 0.0133652 0.083813
4.4 0.0676763 0.0288192 0.10436 0.124382
4.41 0.049461 0.151639 0.059692 0.0775211
4.42 0.0264299 0.0765969 0.0912748 0.0950243
4.43 0.0147673 -0.00971359 0.102979 0.104032
4.44 0.018832 0.0235987 0.064266 0.0669684
4.45 -0.000677828 0.103116 0.103193 0.103195
4.46 -0.000783149 0.0137881 0.070704 0.0707083
4.47 0.0121339 -0.0248986 0.0703555 0.0713942
4.48 -0.00043816 0.0627033 0.052202 0.0522039
4.49 0.00820315 -0.00898697 0.0380186 0.0388935
4.5 0.000448648 -0.0404378 0.0578923 0.0578941
4.51 -0.00044752 0.0184127 0.0579244 0.0579262
4.52 0.0125238 0.0149608 0.0454122 0.0471074
4.53 -0.00748617 -0.0937939 0.0188846 0.0203143
4.54 0.0152302 0.0312678 0.0641028 0.0658872
4.55 0.00315696 0.0651485 0.0133342 0.0137028
4.56 0.00855013 -0.000490788 0.0834639 0.0839007
4.57 0.0039778 -0.0201073 0.0771664 0.0772688
4.58 -0.00862065 0.0493279 0.0204511 0.0221937
4.59 0.00024316 0.0136109 0.0321778 0.0321787
4.6 0.00819321 0.0268762 0.0125687 0.0150033
4.61 -0.0153042 -0.00867075 0.0579137 0.0599017
4.62 0.00408541 0.0558874 0.0325253 0.0327809
4.63 -0.0108952 -0.0333015 0.0450275 0.0463269
4.64 0.0120593 -0.0336669 0.0191573 0.0226369
4.65 -0.0023341 0.256205 0.0589799 0.0590261
4.66 -0.00473519 0.0519206 0.0332138 0.0335497
4.67 0.00406165 -0.0692997 0.00597701 0.00722645
4.68 -0.00698411 0.0223323 0.0778562 0.0781688
4.69 -0.00406076 0.0474554 0.0584476 0.0585885
4.7 -0.00456365 0.123183 0.0589532 0.0591296
4.71 0.000545004 0.111297 0.0780295 0.0780314
4.72 0.0142019 0.174457 0.0777011 0.0789883
4.73 0.0108466 0.0382541 0.0770737 0.0778332
4.74 -0.0136759 0.088421 0.0520056 0.0537737
4.75 0.00680282 -0.0263465 0.0190306 0.0202099
4.76 -0.00349318 0.0872256 0.0522792 0.0523958
4.77 0.0153549 0.0492311 0.0447079 0.0472712
4.78 0.00683889 0.129597 0.0392578 0.0398491
4.79 -0.00600343 -0.0500603 0.0713635 0.0716156
4.8 -0.0266859 -0.0146468 0.0512852 0.0578127
4.81 -0.0096215 -0.1189 0.0381751 0.0393689
4.82 -0.0112197 0.0340452 0.0456241 0.0469834
4.83 0.019421 0.0419827 0.0710598 0.0736659
4.84 -0.00648106 -0.0758736 0.0574361 0.0578006
4.85 0.00766825 0.0716787 0.0571385 0.0576507
4.86 0.00882876 -0.094593 0.0508322 0.0515932
4.87 0.00397618 0.0202923 0.0383571 0.0385626
4.88 0.0273308 0.0331714 0.0635093 0.0691405
4.89 0.00473812 0.0151725 0.0456072 0.0458526
4.9 0.0150081 0.0311254 0.0515305 0.0536716
4.91 -0.0151381 0.000418335 0.0392534 0.0420712
4.92 -0.0110176 -0.0423005 0.0586001 0.0596268
4.93 -0.000750694 0.0541095 0.0645506 0.064555
4.94 -0.00325254 -0.0333606 0.0575991 0.0576908
4.95 0.0152409 0.0221288 0.0512597 0.0534775
4.96 0.0199682 0.104096 0.0837612 0.0861084
4.97 0.0109825 0.0602697 0.0645122 0.0654403
4.98 0.0114165 -0.0288152 0.0315261 0.0335295
4.99 0.00761932 0.0356563 0.0582942 0.05879
5 0.0158673 -0.00468426 0.0185654 0.0244223
5.01 0.000297678 0.0486649 0.0714061 0.0714068
5.02 -0.00644822 -0.0450008 0.0772977 0.0775662
5.03 -0.0121165 0.114559 0.0326238 0.0348012
5.04 -0.0118962 0.0652157 0.065804 0.0668707
5.05 -0.00859449 0.0541228 0.0907287 0.0911348
5.06 -0.0126629 0.0656176 0.0647368 0.0659637
5.07 -0.0032561 0.0244764 0.0388268 0.0389631
5.08 -0.0112166 -0.0113963 0.0259873 0.0283046
5.09 0.00703326 0.0941362 0.0517999 0.0522752
5.1 -0.000676878 0.0497063 0.0709338 0.070937
5.11 -0.00338742 0.0420336 0.0518489 0.0519594
5.12 0.00635587 0.0989245 0.0326277 0.033241
5.13 -0.0158733 0.107762 0.0588299 0.0609337
5.14 -0.0191174 -0.0102831 0.0323351 0.0375637
5.15 0.00490761 0.010708 0.0514873 0.0517207
5.16 0.0186538 0.0424042 0.044854 0.0485783
5.17 -0.00497049 0.0612206 0.0646847 0.0648754
5.18 -0.00262808 -0.0427362 0.0449412 0.045018
5.19 0.00744262 0.0264385 0.0644198 0.0648483
5.2 0.00806949 0.0354563 0.0450628 0.0457796
5.21 0.004468 0.0110371 0.0772529 0.077382
5.22 -0.00450244 0.0429241 0.032943 0.0332492
5.23 -0.00485591 0.0790355 0.0578943 0.0580976
5.24 -0.000713059 0.169996 0.045942 0.0459476
5.25 -0.00994015 -0.0429315 0.0520259 0.052967
5.26 0.00893605 -0.00949156 0.057822 0.0585084
5.27 -0.0117566 0.0295554 0.0457611 0.0472472
5.28 -0.000765595 0.0850936 0.0715372 0.0715413
5.29 -0.00372102 -0.0376842 0.0705408 0.0706388
5.3 0.0126315 -0.0251903 0.0448604 0.0466049
5.31 -0.00113488 0.0232136 0.0251037 0.0251293
5.32 0.000140306 0.0132004 0.0392243 0.0392245
5.33 0.0165246 -0.0766929 0.0635187 0.0656329
5.34 0.00881132 -0.0274549 0.0772169 0.077718
5.35 -0.00216258 -0.0607292 0.0443996 0.0444522
5.36 0.00749758 0.0494386 0.0644127 0.0648476
5.37 -0.000132967 0.102733 0.0654344 0.0654346
5.38 0.00383254 -0.0155471 0.0640394 0.064154
5.39 0.00792505 -0.0041257 0.0250544 0.0262779
5.4 -0.00918154 0.0860592 0.0711358 0.0717259
5.41 6.11078e-05 0.00896241 0.0447249 0.0447249
5.42 0.0013288 0.10702 0.0122767 0.0123484
5.43 -0.0157739 0.0858758 0.0390448 0.0421107
5.44 0.000808951 0.000113552 0.0512032 0.0512096
5.45 0.0120548 0.00671382 0.0640547 0.0651792
5.46 -0.00639221 -0.143169 0.0377946 0.0383313
5.47 0.0106103 0.0119236 0.0186773 0.0214807
5.48 -0.0085492 0.0585999 0.0263186 0.0276723
5.49 0.000377095 0.00483747 0.0647244 0.0647255
5.5 0.0155558 0.0264762 0.0385504 0.0415706
5.51 -0.000378283 0.0453031 0.0324362 0.0324384
5.52 -0.000970334 0.0497207 0.0516183 0.0516275
5.53 -0.00624297 -0.0988687 0.0516201 0.0519962
5.54 0.00467172 0.0198665 0.0840726 0.0842023
5.55 -0.00613877 -0.161317 0.0383292 0.0388177
5.56 0.0074325 0.0621404 0.0652228 0.065645
5.57 -0.00704279 0.0890768 0.0781285 0.0784453
5.58 0.00029949 0.0310662 0.0776233 0.0776239
5.59 0.00365484 0.0421975 0.0193163 0.019659
5.6 -0.0100927 -0.0295751 0.0708198 0.0715353
5.61 0.00088615 0.00857836 0.0712012 0.0712067
5.62 -0.0041332 -0.00157092 0.0449443 0.045134
5.63 -0.00881932 0.0676753 0.0525015 0.0532371
5.64 0.00830146 0.0129463 0.0776221 0.0780647
5.65 0.00797961 0.053568 0.0579442 0.0584911
5.66 0.0153489 0.0178086 0.0640452 0.0658587
5.67 -0.00390183 0.0428621 0.0517936 0.0519403
5.68 -0.00107897 0.0406886 0.04541 0.0454228
5.69 0.00795889 0.0532906 0.0580145 0.0585579
5.7 -0.00746537 0.0222874 0.0523708 0.0529002
5.71 0.0112378 0.0245229 0.0712639 0.0721446
5.72 -0.00817025 -0.0215775 0.0123783 0.0148315
5.73 0.00252002 0.00775573 0.0703687 0.0704138
5.74 -0.00731518 -3.34107e-05 0.0393998 0.0400732
5.75 0.0201415 -0.0247873 0.0313406 0.0372547
5.76 0.00777963 0.000273332 0.038181 0.0389655
5.77 0.00753717 0.0449522 0.0643935 0.0648331
5.78 -0.000521373 0.000176267 0.0578798 0.0578822
5.79 -0.00727217 0.040417 0.0457806 0.0463546
5.8 0.0153418 0.0399768 0.0642502 0.0660565
5.81 0.000268204 -0.0398644 0.0189259 0.0189278
5.82 0.00300323 0.0744401 0.0389439 0.0390595
5.83 -0.0116593 0.0211633 0.0768525 0.0777319
5.84 0.0047009 -0.00722732 0.0516049 0.0518185
5.85 0.0203219 -0.0253605 0.070307 0.0731851
5.86 0.0161306 0.0663762 0.103484 0.104733
5.87 0.00371586 0.0962784 0.0776177 0.0777066
5.88 -6.43566e-05 0.0804207 0.0583247 0.0583247
5.89 -0.000360951 0.080597 0.0713237 0.0713246
5.9 -0.00357601 -0.0420636 0.0322756 0.032473
5.91 0.00895674 -0.0318539 0.0640903 0.0647131
5.92 -0.00359968 -0.0420179 0.0384074 0.0385757
5.93 0.0150284 -0.00442827 0.038123 0.0409782
5.94 -0.000698146 0.0587163 0.0712427 0.0712462
5.95 0.0122308 -0.0653397 0.0835226 0.0844133
5.96 0.00792422 0.0305875 0.0328121 0.0337554
5.97 -0.00734957 0.00915133 0.0583747 0.0588356
5.98 -0.00332395 -0.019993 0.045393 0.0455146
5.99 -0.00529627 0.168786 0.0778642 0.0780442
6 0.00729822 0.00949621 0.0380729 0.0387661
6.01 0.00703444 0.0405456 0.0709328 0.0712808
6.02 -0.00363634 -0.0604943 0.0387036 0.038874
6.03 0.0108861 0.113902 0.0710208 0.0718503
6.04 0.000928884 -0.089576 0.0766177 0.0766233
6.05 -0.00847137 0.112486 0.0325245 0.0336096
6.06 0.00778303 0.0225703 0.0509195 0.0515109
6.07 0.0084604 0.00835305 0.0709681 0.0714706
6.08 -0.00263507 -0.100702 0.0511793 0.0512471
6.09 0.015307 0.0265414 0.064425 0.0662185
6.1 -0.00267698 0.0106238 0.0905778 0.0906174
6.11 -0.00675613 0.0312576 0.0774297 0.0777239
6.12 0.0111745 0.029055 0.0774149 0.0782173
6.13 0.0128203 0.00141245 0.0641289 0.0653978
