0 -0.00931375 0.161311 0.00793508 0.0122357
0.01 -0.00471611 0.0605288 0.00154975 0.00496421
0.02 -0.010742 -0.0878529 0.00695939 0.0127994
0.03 -0.00617573 0.185944 0.0338953 0.0344533
0.04 -0.0102569 0.130851 0.000887882 0.0102953
0.05 -0.00026359 0.124375 0.0465051 0.0465059
0.06 -0.004965 0.220843 0.0404968 0.0408
0.07 -0.0156269 0.102515 0.0341916 0.0375934
0.08 -0.011921 0.0869448 0.0337667 0.0358092
0.09 0.00280739 0.140691 0.0398629 0.0399616
0.1 -0.0146378 0.0799378 0.00166308 0.014732
0.11 -0.00376761 0.0732085 0.00763759 0.00851632
0.12 -0.0164674 0.14317 0.0149405 0.022235
0.13 -0.00142796 0.223089 0.0276114 0.0276483
0.14 0.00442507 -0.0386811 0.0454974 0.045712
0.15 -8.69296e-05 0.110953 0.0467181 0.0467182
0.16 -0.000900128 0.174021 0.00781767 0.00786931
0.17 -0.014008 -0.0726315 0.0067598 0.0155537
0.18 0.0183543 0.144561 0.0459647 0.0494937
0.19 -0.0108913 0.0996357 0.00885283 0.0140354
0.2 -0.00386664 0.130926 0.0407599 0.0409429
0.21 -0.0259872 -0.0471419 0.0456501 0.0525287
0.22 -0.00802684 0.0755382 -0.0175864 0.0193316
0.23 -0.0107628 0.0372833 -0.0116842 0.0158858
0.24 0.00746799 0.0796604 0.033096 0.0339281
0.25 0.000216917 0.111248 0.027173 0.0271739
0.26 -0.0146256 0.039667 0.0530065 0.0549873
0.27 -0.0207851 0.244132 0.0341687 0.039994
0.28 -0.00883168 0.16544 0.00146353 0.00895212
0.29 -0.008548 0.0985152 0.00770197 0.011506
0.3 -0.00815155 0.0670038 0.000932814 0.00820475
0.31 -0.00535828 0.181326 0.0463624 0.046671
0.32 0.00437439 0.0326194 0.00726982 0.00848443
0.33 -0.0143991 0.0793823 0.0660411 0.0675927
0.34 0.00363281 0.117989 0.0201687 0.0204933
0.35 -0.0066963 0.0752947 0.0271286 0.0279428
0.36 -0.00411868 0.118284 0.0267661 0.0270811
0.37 -0.00033085 0.0932575 0.0464942 0.0464953
0.38 -0.00268678 0.0145794 0.0460899 0.0461681
0.39 -0.00757897 0.111311 0.0399725 0.0406847
0.4 -0.00776142 0.106682 0.027381 0.0284598
0.41 -0.000917621 0.138566 -0.00481631 0.00490294
0.42 0.00347924 0.220606 0.0594229 0.0595247
0.43 -0.00842245 0.142861 0.0276586 0.0289126
0.44 -0.002232 0.259763 -0.0369921 0.0370594
0.45 0.000607606 0.0711148 0.00714968 0.00717546
0.46 -0.0019563 0.188281 0.00774685 0.00799005
0.47 -0.00986275 0.228819 0.0271595 0.0288949
0.48 -0.0035806 0.11741 0.0206895 0.0209971
0.49 -0.00169539 0.250719 0.0208403 0.0209092
0.5 -0.00297188 0.0417699 0.00707647 0.00767519
0.51 -0.0122733 0.0830181 -0.00525892 0.0133525
0.52 -0.0229263 0.0625319 0.0138603 0.0267903
0.53 0.0115956 0.117547 0.0398624 0.0415147
0.54 -0.00412488 0.0870425 -0.00528821 0.00670669
0.55 -0.0054598 0.220992 0.00853814 0.0101346
0.56 0.0198894 0.117173 0.0267065 0.033299
0.57 -0.0241378 0.0944149 0.00780472 0.0253683
0.58 -0.0108855 0.0950465 0.0275699 0.0296411
0.59 -0.00870672 0.196434 0.0279974 0.02932
0.6 -0.0087834 0.0983864 0.0400511 0.0410029
0.61 -0.00804949 0.124767 -0.00469452 0.00931841
0.62 -0.0092714 0.14313 0.0335701 0.0348269
0.63 -0.000174029 0.115711 0.00760624 0.00760823
0.64 -0.0168365 0.0943203 0.0144388 0.0221799
0.65 0.0115558 0.122214 -0.0115099 0.01631
0.66 -0.0108612 0.130993 0.00852234 0.0138057
0.67 -0.0108764 0.0554408 0.00732907 0.0131153
0.68 0.00255072 0.127274 0.00121247 0.00282422
0.69 -0.00494581 0.181224 0.033902 0.0342609
0.7 -0.00303277 0.0326267 0.0137431 0.0140738
0.71 0.00321132 0.202976 0.0401897 0.0403178
0.72 -0.0137506 -0.0100121 0.0270298 0.0303263
0.73 -0.00792331 0.111599 0.0400965 0.0408719
0.74 0.00707478 0.13365 0.0012097 0.00717746
0.75 -0.000695618 0.116068 0.0140945 0.0141117
0.76 -0.00113711 0.133996 0.0336454 0.0336646
0.77 -0.012628 0.0829959 0.033725 0.0360117
0.78 0.00361253 0.153543 0.0335762 0.03377
0.79 -0.00866897 0.116382 -0.0181334 0.020099
0.8 -0.00284889 0.090201 0.0536467 0.0537223
0.81 9.5319e-05 0.0931227 0.0142534 0.0142538
0.82 0.00257211 0.163544 -0.0117767 0.0120543
0.83 -0.0191296 0.100512 0.0272258 0.0332744
0.84 -0.0126021 0.158838 0.0211963 0.0246596
0.85 -0.0272559 0.0915619 -0.00500829 0.0277123
0.86 0.00345931 0.153547 0.0589503 0.0590518
0.87 -0.00756065 0.115835 0.0402622 0.040966
0.88 -0.0145377 -0.0766499 0.000353881 0.014542
0.89 -0.00925509 0.0945665 0.00766214 0.0120152
0.9 0.00255847 0.118459 -0.00556911 0.00612868
0.91 0.0114929 0.117298 0.0206554 0.0236375
0.92 -0.000145512 0.200337 0.0406494 0.0406497
0.93 -0.0123341 0.0965145 -0.00493078 0.0132832
0.94 -0.00489381 0.127361 0.0335979 0.0339525
0.95 0.00228063 0.145779 0.0265197 0.0266176
0.96 0.015286 0.0841003 -0.012845 0.0199663
0.97 -0.00598347 -0.0375483 0.059139 0.0594409
0.98 -0.00886708 0.138653 0.00821557 0.012088
0.99 -0.000870918 0.191865 0.0403198 0.0403292
1 -0.000926072 0.0981788 0.0203463 0.0203674
1.01 -0.0109769 0.0281443 0.020356 0.023127
1.02 -0.0112304 0.0914107 0.0333948 0.0352325
1.03 0.00120577 0.0432306 0.0335752 0.0335968
1.04 -0.000690608 0.214112 0.021553 0.0215641
1.05 -0.00791216 0.138291 0.0405906 0.0413546
1.06 0.00245108 0.158429 0.0463741 0.0464389
1.07 0.00303256 0.0380784 -0.0189011 0.0191429
1.08 -0.00607982 0.0387235 0.0593066 0.0596175
1.09 -0.000849356 0.218866 0.00195406 0.00213067
1.1 -0.00492524 0.136222 0.0465113 0.0467713
1.11 -0.0119556 0.0736704 0.00768608 0.0142131
1.12 -0.00553535 0.194767 0.0210109 0.0217278
1.13 0.0114822 0.126437 0.0334985 0.0354117
1.14 -0.00789827 0.0581234 0.0268447 0.0279825
1.15 -0.00450611 0.0781215 0.0205118 0.0210009
1.16 0.00628587 0.232322 0.0209093 0.0218338
1.17 0.00324922 0.135955 0.0399902 0.040122
1.18 0.00659003 0.223169 0.0273817 0.0281636
1.19 0.00442213 0.0325083 0.0201448 0.0206245
1.2 0.00264219 0.154101 0.0532984 0.0533639
1.21 -0.0120355 0.149425 0.00826733 0.0146015
1.22 -0.0025731 -0.0260567 0.00716153 0.00760975
1.23 -0.00464969 0.135788 0.00844148 0.00963733
1.24 0.000337934 0.048263 0.039435 0.0394364
1.25 -0.00929383 0.112566 -0.0251513 0.0268135
1.26 -0.0127215 0.136305 0.0341721 0.0364633
1.27 -0.00528327 0.114245 -0.0048928 0.00720087
1.28 -6.49896e-05 0.137935 0.0334903 0.0334904
1.29 -0.00308084 0.135351 0.0147489 0.0150672
1.3 -0.013523 0.145911 0.0269419 0.0301453
1.31 -0.0138403 0.16845 0.0336726 0.0364061
1.32 0.00783508 0.0527836 0.0137392 0.0158162
1.33 0.00103783 0.0167245 0.0656304 0.0656386
1.34 -0.00793667 0.102525 0.00824664 0.0114454
1.35 -0.00490633 0.154098 0.0402238 0.040522
1.36 -0.00853141 0.223231 0.0407939 0.0416764
1.37 -0.00983431 0.210851 0.0211834 0.0233549
1.38 -0.0125578 0.123219 0.0267981 0.0295945
1.39 0.00760675 0.13326 0.0335085 0.0343611
1.4 -0.0118418 0.180565 0.0727476 0.0737051
1.41 -0.00499229 0.105266 0.020248 0.0208544
1.42 -0.00325688 0.104469 0.0339068 0.0340629
1.43 0.00735413 0.128628 0.04043 0.0410934
1.44 -0.00110124 0.116661 -0.00512972 0.0052466
1.45 -0.00715381 -0.0407805 0.0133496 0.0151456
1.46 -0.00769195 0.0083204 -0.00564632 0.00954185
1.47 -0.0123611 0.176856 0.0274812 0.0301332
1.48 -0.00388034 -0.00732335 0.00707179 0.00806643
1.49 -0.0122255 0.082907 0.00761607 0.0144037
1.5 0.00116239 0.181847 0.0203181 0.0203513
1.51 0.00734457 0.133681 0.026657 0.0276502
1.52 -0.00640971 0.155367 -0.0248618 0.0256748
1.53 -0.000589048 0.142538 0.0403411 0.0403454
1.54 -0.00328277 0.108922 0.0141457 0.0145216
1.55 -0.00132938 0.125155 0.0404743 0.0404961
1.56 -0.00733831 0.084231 0.00754284 0.0105236
1.57 -0.00786904 0.076309 -0.0183008 0.0199209
1.58 -0.0073176 0.0845083 0.00747255 0.0104588
1.59 -0.0078226 0.209581 0.0470527 0.0476985
1.6 -0.0118273 0.126961 0.0469616 0.048428
1.61 -0.00554929 0.229655 0.0474346 0.0477581
1.62 -0.0031373 -0.0208902 0.019733 0.0199808
1.63 -0.0118326 0.13153 0.0533831 0.0546788
1.64 -0.00460438 0.149352 0.0208033 0.0213067
1.65 -0.00784662 0.0842327 0.0467598 0.0474136
1.66 -0.00763909 0.128892 0.00834618 0.0113143
1.67 0.012004 0.0459457 0.0330445 0.0351573
1.68 -0.00461783 0.149547 0.0143282 0.0150539
1.69 0.0102602 0.16762 0.0140306 0.0173818
1.7 -0.00396774 0.122346 0.0531497 0.0532976
1.71 -0.00928669 0.183562 0.0145418 0.0172542
1.72 -0.0134277 0.168509 -0.00504135 0.0143429
1.73 0.00775438 0.124454 0.0462749 0.0469201
1.74 -0.00929111 0.340089 0.015348 0.0179412
1.75 -0.00940081 0.259234 0.00871823 0.0128212
1.76 -0.0066679 0.0214767 0.0329538 0.0336216
1.77 -0.000121516 0.0976785 0.0206369 0.0206372
1.78 -0.00275122 0.0859131 0.0276451 0.0277817
1.79 0.00395309 0.0374721 0.0333252 0.0335588
1.8 -0.00762673 0.101993 0.0279738 0.0289949
1.81 0.00787967 0.13313 0.0266413 0.0277822
1.82 0.00834912 0.0837016 0.0590886 0.0596755
1.83 -0.00922396 0.245973 -0.0173218 0.0196246
1.84 -0.00477735 0.140787 0.0275593 0.0279703
1.85 -0.00469042 0.122999 0.0207394 0.0212631
1.86 -0.00447437 0.185225 0.0148988 0.0155562
1.87 -0.0123559 0.149647 0.0274006 0.0300577
1.88 0.00137863 0.163939 0.0205119 0.0205581
1.89 -0.0246114 0.210626 0.0344709 0.0423552
1.9 -0.0130989 -0.0904813 0.0324746 0.0350169
1.91 0.0154702 0.114971 0.040213 0.0430861
1.92 -0.0101156 -0.012234 0.0395349 0.0408085
1.93 -0.000450343 0.0935451 0.00173492 0.00179242
1.94 -0.00148386 0.125319 0.0395923 0.0396201
1.95 -0.00382685 0.14924 0.00814856 0.00900244
1.96 -0.00737293 0.0932546 0.0527738 0.0532864
1.97 -0.00688048 -0.02772 0.0261581 0.0270479
1.98 -0.00750865 0.0396734 -0.0313503 0.032237
1.99 0.0159373 0.119455 0.0010177 0.0159698
2 0.00306873 0.0912485 0.0137015 0.0140409
2.01 -0.00306918 0.068678 0.0518806 0.0519713
2.02 -0.0206956 0.212829 0.00160894 0.020758
2.03 -0.00763051 0.0759342 -0.00531679 0.00930016
2.04 -0.0145638 0.0753537 0.0594384 0.0611966
2.05 -0.000735205 0.120555 0.0141137 0.0141328
2.06 -0.00569849 0.207995 0.0272705 0.0278596
2.07 -0.000468479 0.11148 0.0465007 0.046503
2.08 -0.000509622 0.133726 0.0140473 0.0140565
2.09 0.000775862 0.11047 0.0724203 0.0724244
2.1 -0.00764444 0.133462 0.0147677 0.016629
2.11 0.00418061 0.103731 0.059459 0.0596058
2.12 -0.00349154 -0.0073793 0.000743194 0.00356976
2.13 -0.00808387 0.133952 0.0142804 0.0164097
2.14 -0.0082311 0.15595 0.0211898 0.0227324
2.15 -0.0134571 0.150505 -0.0112881 0.0175646
2.16 -0.0123767 0.171849 0.047386 0.0489756
2.17 -0.00526737 0.212397 0.040241 0.0405842
2.18 -0.000709558 0.103072 -0.0120545 0.0120754
2.19 0.000810268 0.00812142 0.0135479 0.0135721
2.2 -0.00532183 0.167914 0.00188642 0.00564628
2.21 -0.00943251 0.17477 0.00799267 0.0123635
2.22 -0.000121737 0.106946 0.0460166 0.0460168
2.23 -0.00371747 0.068851 0.0201526 0.0204926
2.24 -0.00605758 -0.0236966 0.0267391 0.0274166
2.25 -0.00650718 0.092449 0.0724145 0.0727062
2.26 0.00636121 0.165221 -0.0052048 0.00821918
2.27 -0.021707 -0.0903697 0.0263878 0.0341688
2.28 -0.00115037 0.134351 0.000917349 0.00147136
2.29 0.003822 0.0778301 0.0137557 0.0142768
2.3 -0.0107884 0.0774064 0.00814483 0.0135177
2.31 -0.00935648 0.152749 0.0457316 0.0466789
2.32 -0.00115063 0.13419 0.0271728 0.0271971
2.33 -0.0162698 0.21014 0.0341875 0.0378614
2.34 0.000416175 0.195918 -0.0376731 0.0376754
2.35 -0.0131468 0.172593 0.0272417 0.0302481
2.36 0.00535553 0.00548651 0.0132387 0.0142809
2.37 0.00325243 0.135793 0.00767321 0.00833406
2.38 0.0155208 0.0931749 0.0326915 0.0361888
2.39 -0.00509214 0.136601 0.0140181 0.0149144
2.4 0.00879433 -0.00133105 0.0329327 0.0340867
2.41 -0.00374945 0.0870001 0.0333046 0.033515
2.42 0.00257483 0.149849 0.0138807 0.0141175
2.43 0.0112392 0.135285 0.0463768 0.0477193
2.44 0.0148291 0.1423 0.0139281 0.0203444
2.45 -0.00862696 0.200813 0.0213818 0.0230566
2.46 -0.00759376 0.0398633 -0.0183132 0.0198252
2.47 -0.011952 0.118768 -0.0121669 0.0170553
2.48 -0.00706475 0.0530079 0.0145844 0.0162054
2.49 -0.00297921 0.063777 0.0335344 0.0336665
2.5 0.00211754 0.252512 -0.00497323 0.00540527
2.51 -0.000129192 0.0840159 0.00750651 0.00750762
2.52 0.00232554 0.114083 0.0264175 0.0265197
2.53 -0.0101049 -0.021373 0.0266918 0.0285405
2.54 -0.00131942 0.174647 0.0083744 0.0084777
2.55 0.00249912 0.194329 0.0211923 0.0213392
2.56 -0.0106277 0.0325747 0.0140466 0.017614
2.57 -0.000316607 0.151695 0.03371 0.0337115
2.58 0.0041053 0.090878 0.0402128 0.0404218
2.59 0.00743567 0.0846183 0.0265698 0.0275907
2.6 0.00276034 0.176794 0.0140696 0.0143379
2.61 -0.000756927 0.196327 0.0401066 0.0401137
2.62 -5.54537e-05 0.102091 0.0338016 0.0338016
2.63 -0.0083454 0.0355219 0.0141027 0.0163869
2.64 -0.00877801 0.116457 0.027291 0.028668
2.65 -0.00823589 0.0939179 -0.024323 0.0256796
2.66 -0.0113025 0.0687863 0.0341045 0.0359286
2.67 -0.0037971 0.135157 0.0467512 0.0469052
2.68 -0.000326579 0.164918 0.0145987 0.0146023
2.69 0.0103394 0.158647 0.0139922 0.0173978
2.7 -0.00883083 0.214462 0.0344765 0.0355895
2.71 0.00441781 0.0862609 0.0333264 0.0336179
2.72 -0.00673574 0.0705133 0.00177052 0.00696455
2.73 -0.00198473 0.0362888 0.0722289 0.0722561
2.74 0.00255754 0.194508 0.020351 0.0205111
2.75 -0.0121121 0.17661 0.0530012 0.0543675
2.76 0.00301251 0.166957 0.00814842 0.00868746
2.77 -0.00547567 0.154566 0.0338371 0.0342773
2.78 0.000435276 0.0439947 -0.0117077 0.0117158
2.79 0.00402569 0.0640198 0.026914 0.0272134
2.8 -0.0155058 0.0848091 0.033774 0.0371633
2.81 -0.0171884 0.206178 0.0341101 0.0381961
2.82 -0.0161557 0.205335 0.00859697 0.0183007
2.83 0.00696564 0.213858 0.0405979 0.0411911
2.84 0.00731784 0.124621 0.0397285 0.0403968
2.85 -0.00836406 0.133611 0.027693 0.0289285
2.86 0.00649463 0.120617 0.0140071 0.0154395
2.87 -0.000661088 0.106703 0.0465136 0.0465183
2.88 -0.0161264 0.223179 0.0410973 0.044148
2.89 -0.00319151 0.0505919 -0.0113187 0.01176
2.9 0.000353552 0.0664817 0.014068 0.0140724
2.91 0.00775191 0.115489 0.0521002 0.0526737
2.92 -0.00709574 0.0844896 0.0462978 0.0468384
2.93 -0.000360281 0.0846815 0.0393718 0.0393734
2.94 -0.000555404 0.106971 -0.0179878 0.0179964
2.95 -0.00461106 0.114187 -0.00555198 0.00721709
2.96 -0.0341144 0.119007 -0.17091 0.174282
2.97 -0.0806225 0.170926 -0.350559 0.35971
2.98 -0.11612 0.202387 -0.535138 0.547592
2.99 -0.139916 0.136911 -0.586976 0.603421
3 -0.127336 0.111198 -0.580762 0.594558
3.01 -0.0991409 0.0719216 -0.549425 0.558298
3.02 -0.0959488 0.141057 -0.510251 0.519194
3.03 -0.095034 0.225335 -0.509029 0.517824
3.04 -0.0964755 0.275501 -0.573146 0.581209
3.05 -0.108661 0.194317 -0.683635 0.692217
3.06 -0.117855 0.128199 -0.857935 0.865992
3.07 -0.120571 0.251275 -1.03877 1.04575
3.08 -0.104628 0.112434 -1.23399 1.23842
3.09 -0.0841828 0.0871167 -1.48783 1.49021
3.1 -0.038384 -0.00246719 -1.6979 1.69833
3.11 -0.0213169 0.0987563 -1.95159 1.95171
3.12 0.0207505 -0.0152688 -2.13537 2.13547
3.13 0.0149721 0.0732264 -2.29033 2.29038
3.14 0.00669126 -0.0643337 -2.47836 2.47836
3.15 0.0170245 -0.0559724 -2.67956 2.67962
3.16 0.0196228 -0.0797798 -2.84252 2.84259
3.17 0.0340698 -0.146536 -3.01175 3.01194
3.18 0.0905152 -0.212021 -3.26635 3.2676
3.19 0.122632 -0.209571 -3.44982 3.452
3.2 0.180814 -0.107857 -3.63187 3.63637
3.21 0.226289 -0.228944 -3.83467 3.84134
3.22 0.271284 -0.287561 -4.03763 4.04674
3.23 0.297174 -0.490672 -4.28004 4.29034
3.24 0.339802 -0.378485 -4.48172 4.49458
3.25 0.361685 -0.34725 -4.65609 4.67012
3.26 0.369221 -0.431728 -4.8058 4.81996
3.27 0.37345 -0.425348 -5.0578 5.07157
3.28 0.392976 -0.485963 -5.27739 5.292
3.29 0.410253 -0.415817 -5.45857 5.47396
3.3 0.425465 -0.429565 -5.59446 5.61062
3.31 0.46033 -0.445976 -5.7243 5.74278
3.32 0.471006 -0.407616 -5.80827 5.82734
3.33 0.449572 -0.496989 -6.041 6.05771
3.34 0.424399 -0.507022 -6.35047 6.36464
3.35 0.399293 -0.48626 -6.60743 6.61948
3.36 0.405142 -0.462538 -6.74305 6.75521
3.37 0.398709 -0.512414 -6.82052 6.83216
3.38 0.420058 -0.511438 -6.98319 6.99581
3.39 0.436795 -0.51224 -7.15871 7.17202
3.4 0.439659 -0.562359 -7.32729 7.34047
3.41 0.413751 -0.560193 -7.45598 7.46745
3.42 0.422168 -0.547445 -7.56494 7.57671
3.43 0.431579 -0.436368 -7.70059 7.71268
3.44 0.424653 -0.525375 -7.76562 7.77723
3.45 0.408142 -0.470179 -7.91242 7.92294
3.46 0.373285 -0.559573 -8.00783 8.01652
3.47 0.335344 -0.477282 -8.12047 8.1274
3.48 0.299465 -0.436548 -8.15085 8.15635
3.49 0.250655 -0.40618 -8.22509 8.2289
3.5 0.211257 -0.398859 -8.25674 8.25944
3.51 0.187124 -0.432406 -8.48803 8.49009
3.52 0.18936 -0.432891 -8.68164 8.68371
3.53 0.174384 -0.437067 -8.70761 8.70936
3.54 0.186555 -0.439727 -8.617 8.61902
3.55 0.120622 -0.421791 -8.5304 8.53125
3.56 0.0514763 -0.387751 -8.56671 8.56686
3.57 -0.010453 -0.300074 -8.78489 8.7849
3.58 -0.0579477 -0.493747 -9.03041 9.0306
3.59 -0.0774288 -0.464676 -9.06987 9.0702
3.6 -0.0313776 -0.521019 -8.99577 8.99582
3.61 0.0469044 -0.499363 -8.81638 8.81651
3.62 0.110381 -0.512418 -8.61817 8.61887
3.63 0.0901791 -0.53217 -8.49531 8.49578
3.64 0.0688443 -0.484007 -8.57834 8.57862
3.65 0.0326681 -0.470114 -8.71942 8.71948
3.66 0.0394211 -0.47857 -8.77087 8.77096
3.67 0.0453524 -0.553375 -8.7255 8.72562
3.68 0.042794 -0.520179 -8.69817 8.69828
3.69 0.0278629 -0.452602 -8.70256 8.7026
3.7 -0.00546476 -0.463158 -8.82875 8.82875
3.71 -0.0552325 -0.374206 -8.97566 8.97583
3.72 -0.070936 -0.439418 -9.1572 9.15747
3.73 -0.0482674 -0.461615 -9.2551 9.25522
3.74 -0.0499265 -0.465686 -9.26732 9.26746
3.75 -0.0476992 -0.39686 -9.11888 9.11901
3.76 -0.0538509 -0.509956 -9.03557 9.03573
3.77 -0.0521175 -0.391113 -9.06761 9.06776
3.78 -0.0665563 -0.458275 -9.17166 9.1719
3.79 -0.00953883 -0.444466 -9.19234 9.19234
3.8 0.0266074 -0.506509 -9.11742 9.11746
3.81 0.0807547 -0.482094 -8.91835 8.91872
3.82 0.0781383 -0.426496 -8.8211 8.82145
3.83 0.0335475 -0.474154 -9.04646 9.04653
3.84 -0.0539469 -0.397259 -9.30948 9.30964
3.85 -0.0808275 -0.603929 -9.42009 9.42043
3.86 -0.0367779 -0.631396 -9.39563 9.3957
3.87 0.0194245 -0.609266 -9.33281 9.33283
3.88 0.0752522 -0.4845 -9.26956 9.26986
3.89 0.100281 -0.599035 -9.34172 9.34226
3.9 0.126672 -0.66014 -9.38191 9.38276
3.91 0.128739 -0.608979 -9.3484 9.34928
3.92 0.135935 -0.506246 -9.34214 9.34313
3.93 0.130501 -0.557326 -9.3429 9.34381
3.94 0.145808 -0.437348 -9.4735 9.47462
3.95 0.167838 -0.648188 -9.55361 9.55509
3.96 0.204084 -0.737803 -9.45191 9.45411
3.97 0.231511 -0.63447 -9.3153 9.31818
3.98 0.21917 -0.622113 -9.17205 9.17467
3.99 0.14174 -0.68948 -9.37698 9.37805
4 0.0851157 -0.675353 -9.71285 9.71322
4.01 0.0931574 -0.732039 -10.0583 10.0588
4.02 0.155057 -0.899481 -10.1854 10.1866
4.03 0.252678 -0.66503 -10.1691 10.1723
4.04 0.295312 -0.888927 -10.0282 10.0325
4.05 0.24521 -0.818728 -9.87549 9.87853
4.06 0.160641 -0.664417 -9.76776 9.76908
4.07 0.0468339 -0.777111 -9.90158 9.90169
4.08 0.0118473 -0.790908 -10.0315 10.0315
4.09 0.0424595 -0.874097 -10.0254 10.0255
4.1 0.127879 -0.797771 -9.89153 9.89236
4.11 0.18347 -0.84568 -9.82782 9.82953
4.12 0.111802 -0.774346 -10.0196 10.0202
4.13 -0.00587374 -0.776448 -10.3014 10.3014
4.14 -0.0791698 -0.909367 -10.4742 10.4745
4.15 -0.109822 -0.818725 -10.5177 10.5183
4.16 -0.0436637 -0.783259 -10.4275 10.4276
4.17 0.0501714 -0.725298 -10.3636 10.3637
4.18 0.083868 -0.697417 -10.3838 10.3842
4.19 0.0950933 -0.771522 -10.5268 10.5273
4.2 0.0892975 -0.794391 -10.7215 10.7219
4.21 0.0903063 -0.920421 -10.7735 10.7739
4.22 0.155738 -0.719685 -10.6198 10.6209
4.23 0.164379 -0.743832 -10.5038 10.505
4.24 0.152157 -0.66974 -10.4444 10.4455
4.25 0.129754 -0.594111 -10.4629 10.4637
4.26 0.0966693 -0.922369 -10.6 10.6004
4.27 0.137564 -0.843727 -10.6932 10.6941
4.28 0.175149 -0.777425 -10.7459 10.7474
4.29 0.214413 -0.80971 -10.7479 10.75
4.3 0.200685 -0.801212 -10.7014 10.7033
4.31 0.165182 -0.841924 -10.8558 10.8571
4.32 0.126231 -0.832066 -11.0107 11.0114
4.33 0.16563 -0.817583 -11.1202 11.1214
4.34 0.248689 -0.771878 -11.1596 11.1624
4.35 0.328687 -0.661221 -10.9717 10.9766
4.36 0.36147 -0.641482 -10.8937 10.8997
4.37 0.357544 -0.671315 -10.9769 10.9827
4.38 0.302552 -0.668568 -11.0605 11.0646
4.39 0.282476 -0.670065 -11.217 11.2206
4.4 0.291626 -0.627501 -11.297 11.3007
4.41 0.380386 -0.802228 -11.3335 11.3399
4.42 0.457694 -0.711611 -11.1736 11.183
4.43 0.484851 -0.710571 -10.9213 10.9321
4.44 0.448308 -0.746002 -10.81 10.8193
4.45 0.375849 -0.848495 -11.0373 11.0437
4.46 0.393515 -0.933852 -11.4747 11.4814
4.47 0.437261 -1.03547 -11.7586 11.7668
4.48 0.529473 -1.12748 -11.8022 11.8141
4.49 0.595768 -1.12227 -11.6494 11.6646
4.5 0.564763 -0.965828 -11.3218 11.3359
4.51 0.298317 -0.569808 -9.11772 9.1226
4.52 0.0390972 -0.000740908 -5.63275 5.63289
4.53 0.0717849 0.0821312 -5.5848 5.58526
4.54 -0.950679 0.627701 -15.1385 15.1683
4.55 0.0149236 -1.56341 -15.4449 15.4449
4.56 0.759497 -1.23392 -11.7978 11.8222
4.57 1.30856 -1.21647 -8.57553 8.67479
4.58 1.48794 -1.13269 -7.37901 7.52753
4.59 1.47405 -0.901713 -6.51731 6.68193
4.6 1.31554 -1.05923 -6.1122 6.25217
4.61 0.855491 -0.927389 -5.54066 5.60632
4.62 0.529307 -0.766367 -4.88658 4.91516
4.63 0.33069 -0.56827 -4.00894 4.02256
4.64 0.282083 -0.497983 -2.82339 2.83745
4.65 0.321247 -0.299972 -2.07218 2.09694
4.66 0.412262 -0.329316 -1.49855 1.55422
4.67 0.45892 -0.270202 -1.0649 1.15958
4.68 0.48579 -0.233386 -0.612354 0.781645
4.69 0.480243 -0.00745361 -0.272277 0.552058
4.7 0.426748 0.0214756 0.00454412 0.426773
4.71 0.314871 0.0549993 0.139693 0.344467
4.72 0.190759 0.106301 0.144808 0.239496
4.73 0.0829618 0.214296 0.182175 0.200176
4.74 0.0225077 0.0888744 0.050923 0.0556754
4.75 -0.0162148 0.107727 0.0528949 0.0553244
4.76 0.00588135 0.143474 0.0326225 0.0331484
4.77 0.00680061 0.0938649 0.0266966 0.0275492
4.78 0.0141847 0.107256 0.0197779 0.0243387
4.79 0.0062034 0.125653 0.0197082 0.0206615
4.8 0.00416702 -0.011879 0.0194299 0.0198717
4.81 -0.0241321 0.112466 0.0201832 0.0314598
4.82 0.00199893 0.114971 0.0325321 0.0325935
4.83 0.0062779 0.147813 0.0140495 0.0153883
4.84 -0.00499902 0.163265 0.0337896 0.0341574
4.85 -0.00493797 0.0696346 0.0394958 0.0398033
4.86 0.00236395 0.0828922 0.0395527 0.0396233
4.87 -0.00922369 0.0630652 0.00108729 0.00928756
4.88 0.00431792 0.184621 0.00721649 0.00840965
4.89 -0.00794773 -0.0401514 0.0255907 0.0267965
4.9 -0.000299987 -0.0221206 0.000260484 0.000397296
4.91 0.00176495 0.132279 0.0263478 0.0264068
4.92 -0.000984711 0.107268 0.0465674 0.0465778
4.93 0.0100539 0.100502 0.00739056 0.012478
4.94 -0.0019467 0.161525 0.0848269 0.0848493
4.95 0.010637 0.0822404 0.0264671 0.0285246
4.96 0.0192534 0.086665 0.0191951 0.0271872
4.97 -0.003652 0.0599114 0.0398945 0.0400613
4.98 0.0103351 0.0964152 0.0450119 0.0461832
4.99 -0.00904892 0.179103 0.0594796 0.060164
5 0.0180485 0.113818 0.032971 0.0375877
5.01 -1.10692e-05 0.089112 0.0330624 0.0330624
5.02 0.00256811 0.114342 0.0651724 0.065223
5.03 -0.00772298 0.0849204 0.0396405 0.0403858
5.04 0.002579 0.105364 0.0260764 0.0262036
5.05 0.00873336 0.284558 0.0400272 0.0409689
5.06 -0.00515618 0.114409 0.0584621 0.0586891
5.07 -0.00379741 0.166904 0.0920429 0.0921212
5.08 -0.00906601 0.134541 -0.00478702 0.0102522
5.09 0.00213518 0.127538 0.0459849 0.0460344
5.1 0.00780702 0.0130761 0.0708051 0.0712342
5.11 -0.00409083 0.0869645 0.0273671 0.0276712
5.12 -0.00560958 0.0924736 0.0327014 0.0331791
5.13 -0.00468351 0.0874588 0.0522533 0.0524627
5.14 -0.00861745 0.0941036 0.0531072 0.0538018
5.15 -0.0174277 0.157189 0.0657583 0.0680285
5.16 -0.00573386 0.110341 0.0654342 0.0656849
5.17 -0.00758782 0.070944 0.0399965 0.0407099
5.18 -0.0261647 0.145205 0.0396734 0.0475244
5.19 -0.0154545 0.0495007 0.0590858 0.0610735
5.2 -0.01627 0.116473 0.0981937 0.0995324
5.21 0.00636335 0.160814 0.0206906 0.021647
5.22 0.0034321 0.153775 0.072258 0.0723395
5.23 0.00666558 0.0985736 0.000962723 0.00673475
5.24 0.01465 0.111741 0.0391507 0.0418019
5.25 -0.00250474 0.166206 0.0590199 0.0590731
5.26 0.00226774 0.158983 0.0911144 0.0911426
5.27 -0.00548602 0.0837323 0.026461 0.0270237
5.28 -0.0201621 0.0788764 0.0328246 0.0385222
5.29 -0.000122508 0.0711352 0.00753831 0.0075393
5.3 -0.00606492 0.0974042 0.0261015 0.0267968
5.31 -0.0107948 0.0418799 0.0845783 0.0852644
5.32 0.0023157 0.181673 0.0713979 0.0714354
5.33 0.00299383 0.19418 0.0531528 0.0532371
5.34 -0.00471271 0.0922547 0.0134119 0.0142158
5.35 -0.0119259 0.114134 0.0589883 0.0601818
5.36 -0.00211598 0.18879 0.0463553 0.0464035
5.37 0.00223405 0.0922991 0.032777 0.032853
5.38 0.00150227 0.24458 0.0587535 0.0587727
5.39 -0.00782046 0.10258 0.0339263 0.034816
5.4 0.0118562 0.0866598 0.0393169 0.0410657
5.41 -0.0121907 0.11864 0.0787497 0.0796877
5.42 -0.00532607 0.105683 0.0329062 0.0333344
5.43 0.0108803 0.149282 0.0657649 0.0666588
5.44 -0.000895385 0.0852328 0.0393874 0.0393976
5.45 -0.00115204 0.15177 0.0460942 0.0461086
5.46 1.78814e-06 0.0755655 0.0461147 0.0461147
5.47 -0.00140284 0.121388 0.0394326 0.0394575
5.48 0.00346174 0.0693474 0.01323 0.0136754
5.49 -0.0129208 0.231024 0.0396368 0.0416896
5.5 -0.00503461 0.123106 0.0722574 0.0724326
5.51 -0.00649002 0.217589 0.0336888 0.0343082
5.52 -0.0120637 -0.0155154 0.0326532 0.0348104
5.53 -0.00104258 0.12987 0.0399583 0.0399719
5.54 -0.00117208 0.129829 0.0591975 0.0592091
5.55 -0.00860753 0.138536 0.0462697 0.0470636
5.56 -0.00729732 0.0712526 0.0653735 0.0657795
5.57 0.0075901 0.133617 0.0593504 0.0598337
5.58 -0.000993224 0.179084 0.0584789 0.0584874
5.59 0.00345074 0.0556856 0.0586671 0.0587685
5.6 0.00223107 0.163489 0.00742756 0.0077554
5.61 0.0144987 0.138148 0.0787346 0.0800585
5.62 -0.00105514 0.133968 0.0529228 0.0529333
5.63 0.00119843 0.164331 0.0329376 0.0329594
5.64 0.00236564 0.248021 0.0787548 0.0787904
5.65 -0.0019425 0.233186 0.052934 0.0529696
5.66 -0.00847462 0.080579 0.0720564 0.072553
5.67 -0.000479627 0.0847885 0.0460065 0.046009
5.68 -0.00872901 0.0948234 0.0520847 0.052811
5.69 0.00650996 0.102824 0.0266969 0.0274792
5.7 -0.0102954 0.287114 0.0466864 0.0478081
5.71 -0.00845174 0.134104 0.0719302 0.0724251
5.72 -0.0060349 0.119332 0.0266467 0.0273215
5.73 -0.0179441 0.25575 0.0534521 0.0563837
5.74 0.0152806 0.110968 0.064885 0.0666601
5.75 -0.00427011 0.113901 0.0528939 0.053066
5.76 0.00380804 0.0644913 0.0652543 0.0653653
5.77 -0.00461092 0.114007 0.0458421 0.0460734
5.78 0.00270068 0.167491 0.0469918 0.0470693
5.79 0.00983003 0.118895 0.0455728 0.0466209
5.8 0.010129 0.167741 0.0655868 0.0663643
5.81 -0.00151683 0.116925 0.0396458 0.0396748
5.82 0.0028016 0.10943 0.0329472 0.0330661
5.83 -0.00978217 0.179285 0.0921828 0.0927003
5.84 0.0143245 0.147324 0.0781616 0.0794634
5.85 -0.0059151 0.155056 0.0333498 0.0338703
5.86 -0.000774607 0.1475 0.0591884 0.0591935
5.87 -0.0119502 0.123468 0.0653587 0.0664422
5.88 -0.00426672 0.136198 0.0656324 0.065771
5.89 -0.00925422 0.130378 0.0461386 0.0470575
5.9 0.00547695 0.263935 0.0401389 0.0405108
5.91 0.00216794 0.141156 0.0529859 0.0530302
5.92 -0.00164914 0.107939 0.0395693 0.0396036
5.93 -0.00800893 0.0759578 0.0397989 0.0405968
5.94 -0.00126564 0.0899736 0.0197497 0.0197902
5.95 -0.00819198 0.044766 0.0392475 0.0400933
5.96 -0.0136552 0.181863 0.0918328 0.0928425
5.97 -0.0075987 0.0667111 0.084556 0.0848968
5.98 0.00249747 0.141223 0.0201363 0.0202906
5.99 -0.0116667 0.114037 0.0719014 0.0728418
6 -0.00219936 0.206397 0.0459994 0.0460519
6.01 0.00597924 0.152216 0.0525496 0.0528887
6.02 -0.000165742 0.0399526 0.0265372 0.0265378
6.03 -0.0118921 -0.0019087 0.0843407 0.085175
6.04 0.00696184 0.187457 0.0849549 0.0852396
6.05 -0.0152947 0.0712897 0.091784 0.0930496
6.06 -0.000269685 0.12486 0.0848811 0.0848816
6.07 -0.000597358 0.147431 0.0528242 0.0528275
6.08 -0.0013569 0.138875 0.0460904 0.0461103
6.09 0.0110184 0.11362 0.0457226 0.0470315
6.1 -6.10445e-05 0.0932888 0.0719421 0.0719421
6.11 -0.00890948 0.143282 0.0656903 0.0662918
6.12 -0.000419108 0.0803987 0.0973086 0.0973095
6.13 -0.00207685 0.148473 0.0329982 0.0330635
6.14 -0.00477722 0.0474427 0.039059 0.0393501
6.15 0.014464 0.151397 0.0908943 0.0920379
6.16 -0.00184707 0.13037 0.0396653 0.0397082
6.17 0.00234071 0.118769 0.0590217 0.0590681
6.18 -0.00956717 0.099164 0.0396878 0.0408246
6.19 -0.000336206 0.097827 0.0529157 0.0529168
6.2 0.00786935 0.0755064 0.013803 0.0158886
6.21 -0.00918477 0.157088 0.0720419 0.072625
6.22 -0.0273624 0.0875512 0.0138031 0.0306468
6.23 -0.0117143 0.0916693 0.039112 0.0408286
6.24 -0.0176938 0.224553 0.091764 0.0934543
6.25 -0.00245239 0.250947 0.0596777 0.0597281
6.26 0.00321917 0.0913867 0.0457835 0.0458965
6.27 0.00213901 0.185666 0.0720606 0.0720924
6.28 -0.000778922 0.0986598 0.0333488 0.0333579
6.29 -0.00434284 0.167487 0.0532683 0.053445
6.3 2.79294e-05 0.0712734 0.0396204 0.0396204
6.31 -6.84047e-05 0.0447714 0.0521659 0.0521659
6.32 -0.00871524 0.108001 0.026839 0.0282186
6.33 -0.00973846 0.130656 0.0267141 0.0284338
6.34 -0.00378496 0.024362 0.0518605 0.0519984
6.35 0.00198979 0.154577 0.0527729 0.0528104
6.36 0.00394125 -0.0252118 0.0457493 0.0459187
6.37 -0.0153296 0.0806748 0.0342256 0.0375019
6.38 -0.012142 0.0745481 0.0584903 0.0597373
6.39 0.0045816 -0.0390279 0.0392034 0.0394702
6.4 -0.0267206 0.0652431 0.0651046 0.0703747
6.41 0.0112516 0.140455 0.058789 0.059856
6.42 -0.029259 0.235632 0.0343731 0.0451397
6.43 0.00295605 0.181068 0.0593892 0.0594627
