0 0.0121825 -0.145997 -0.0076602 0.0143907
0.01 0.00328971 -0.0735962 -0.0140478 0.0144278
0.02 0.000708669 -0.161522 -0.0200853 0.0200978
0.03 0.00833347 -0.0766634 -0.0387402 0.0396263
0.04 0.0200529 -0.0836808 -0.0135336 0.0241925
0.05 0.0146228 0.0046574 -0.0389505 0.0416049
0.06 0.0123067 -0.0879555 -0.0133578 0.0181628
0.07 0.00421336 -0.0743645 0.00586344 0.00722028
0.08 -0.000488009 0.0447433 -0.00648344 0.00650178
0.09 0.00453559 -0.114664 -0.0269646 0.0273434
0.1 0.0219851 0.0177504 -0.0206603 0.0301694
0.11 0.0243199 -0.134885 -0.0339271 0.0417434
0.12 0.00328597 -0.00649125 -0.00744339 0.00813644
0.13 -0.000633311 -0.146796 -0.020879 0.0208886
0.14 0.00385326 -0.0921149 -0.0200396 0.0204066
0.15 0.00180123 0.0431219 -0.0128514 0.012977
0.16 -0.00868255 0.000430481 0.0194795 0.0213269
0.17 0.0159649 -0.126054 -0.0203217 0.0258428
0.18 0.0226383 -0.0495072 -0.0206777 0.0306604
0.19 0.0151392 -0.116544 -0.0203058 0.0253282
0.2 0.00858132 -0.179523 -0.0271002 0.0284264
0.21 0.0049614 -0.0830522 -0.0139087 0.0147671
0.22 -0.00111848 -0.0798967 -0.0135064 0.0135526
0.23 -0.0043461 0.109501 0.0260757 0.0264354
0.24 0.0116419 -0.0299515 0.00620188 0.0131908
0.25 -0.00688822 -0.112068 -0.0069603 0.00979252
0.26 0.00188002 -0.179632 -0.0137694 0.0138971
0.27 -0.000384267 -0.0761753 -0.0267724 0.0267751
0.28 0.00580224 -0.226321 -0.00853769 0.0103227
0.29 0.00475887 -0.145472 -0.00159549 0.0050192
0.3 0.00326065 -0.148934 -0.0468523 0.0469656
0.31 0.00745401 -0.0717802 -0.0202753 0.0216021
0.32 0.0039993 -0.0605219 -0.0460819 0.0462551
0.33 -0.00369925 -0.0424291 -0.0131167 0.0136283
0.34 0.00695235 -0.00436399 -0.0133144 0.0150203
0.35 -0.00358187 -0.0250984 0.000284957 0.00359319
0.36 0.00438741 -0.190076 -0.00174216 0.00472065
0.37 -0.00426007 0.033261 -0.0128822 0.0135683
0.38 0.000178572 -0.0761388 -0.00714826 0.00715049
0.39 0.00348663 -0.122572 -0.0272429 0.0274652
0.4 0.00855136 -0.0856471 0.0059104 0.0103951
0.41 -0.00745461 -0.125134 -0.0139457 0.0158131
0.42 0.00871186 -0.130298 -0.0395794 0.0405269
0.43 0.00847741 -0.143778 -0.000655574 0.00850273
0.44 0.00710967 -0.0714928 -0.0201513 0.0213687
0.45 -0.00411008 -0.0691743 -0.0449574 0.0451449
0.46 0.0142098 -0.0312329 -0.0135768 0.0196532
0.47 0.00702065 -0.0893721 0.00564597 0.00900925
0.48 0.0186993 -0.118266 -0.0336215 0.0384717
0.49 -0.0117719 -0.0909342 -0.0204015 0.0235541
0.5 -0.00492134 -0.0465255 -0.0199075 0.0205068
0.51 0.00428823 -0.0295845 0.0190073 0.019485
0.52 -0.00414192 -0.0735039 -0.0517198 0.0518854
0.53 0.00171971 0.00307177 -0.0458266 0.0458589
0.54 -0.0224346 -0.16512 -0.0198221 0.0299371
0.55 -0.00104704 -0.0706246 -0.00763703 0.00770847
0.56 0.00749659 -0.0539499 -0.0326945 0.033543
0.57 0.0118411 -0.136604 -0.0144734 0.0187
0.58 0.000177109 -0.147942 -0.0327083 0.0327088
0.59 0.0150587 -0.0847709 -0.0528595 0.0549627
0.6 -0.00285486 -0.172668 -0.0203844 0.0205833
0.61 0.0111951 -0.0874076 -0.013186 0.0172974
0.62 0.00790418 -0.0587696 -0.0389696 0.0397631
0.63 0.00809417 -0.0857574 -0.000568187 0.00811409
0.64 0.0025891 -0.0329312 -0.013751 0.0139926
0.65 0.00234237 -0.0595714 -0.0332906 0.0333729
0.66 0.00458992 -0.150295 -0.00771683 0.00897868
0.67 -0.000794762 0.0447713 0.01912 0.0191365
0.68 -0.000457008 -0.0802443 -0.000446754 0.000639098
0.69 0.0156965 -0.107712 -0.0273289 0.0315159
0.7 0.00244508 -0.059322 -0.0140811 0.0142918
0.71 0.0113466 -0.113995 -0.0013784 0.01143
0.72 -0.000350723 -0.0443261 -0.000214447 0.000411089
0.73 0.00766383 -0.227466 -0.060315 0.0608
0.74 -0.00389584 -0.0960665 -0.0138022 0.0143415
0.75 -0.00374226 -0.0828794 -0.0194975 0.0198534
0.76 0.0159325 -0.121096 -0.0268454 0.0312173
0.77 -0.00796711 -0.116156 -0.0527707 0.0533687
0.78 0.0144186 0.0850688 -0.000171794 0.0144196
0.79 0.00550515 -0.0481746 -0.033138 0.0335922
0.8 0.00902658 -0.139323 -0.0205729 0.0224661
0.81 0.0116161 -0.0831537 0.0123889 0.0169828
0.82 -0.00339891 -0.10971 -0.0327201 0.0328961
0.83 -0.00303153 -0.159246 -0.0205974 0.0208193
0.84 -0.00158019 0.0538798 -0.0128377 0.0129346
0.85 0.0110269 -0.0787174 -0.052135 0.0532883
0.86 0.0162628 -0.117286 -0.014005 0.021462
0.87 -0.00406969 -0.0604891 -0.000162284 0.00407293
0.88 -0.0035759 -0.0871818 0.0186997 0.0190385
0.89 0.00447193 -0.110112 -0.0459522 0.0461693
0.9 -0.00946269 -0.271024 -0.0724706 0.0730858
0.91 0.0147684 -0.022562 0.005653 0.0158134
0.92 0.000329161 -0.0852684 -0.000443463 0.000552274
0.93 0.00762949 -0.125117 -0.0014451 0.00776514
0.94 0.00470377 -0.123354 0.0119869 0.0128767
0.95 0.0192359 -0.0564429 -0.00720073 0.0205395
0.96 -0.00501819 0.0165552 -0.0394138 0.0397319
0.97 0.022529 -0.0718915 -0.0203088 0.0303316
0.98 -0.0038342 -0.163134 -0.0201361 0.0204978
0.99 0.00407929 -0.136618 0.0309814 0.0312488
1 -0.00749356 -0.0714449 -0.0323051 0.0331628
1.01 -0.00327165 -0.221407 -0.0337636 0.0339217
1.02 -0.00390459 -0.113794 -0.0201192 0.0204946
1.03 0.00407971 -0.0299212 0.0129076 0.013537
1.04 0.00494485 -0.114604 -0.00710807 0.00865888
1.05 0.00730413 -0.0761631 0.00585008 0.00935809
1.06 0.018582 -0.0650723 -0.000788972 0.0185987
1.07 3.39879e-05 -0.115882 -0.000900535 0.000901176
1.08 0.00485494 -0.119132 0.012112 0.0130487
1.09 0.0106322 -0.0156417 -0.00725004 0.0128689
1.1 0.00944879 -0.00548852 -0.0398363 0.0409416
1.11 0.00987769 -0.31435 -0.046845 0.0478751
1.12 0.00478892 -0.100904 -0.00738881 0.00880502
1.13 -0.00640784 -0.170474 -0.0136122 0.015045
1.14 0.00100752 -0.143467 -0.0135299 0.0135673
1.15 0.0116148 -0.0829934 -0.0138641 0.0180863
1.16 -0.0186609 -0.136221 -0.0268164 0.0326703
1.17 0.00375422 -0.104922 -0.0331508 0.0333627
1.18 0.0123255 -0.14615 -0.0204268 0.0238573
1.19 0.0036178 0.0331697 -0.00640432 0.00735553
1.2 -0.000229866 -0.107131 -0.039349 0.0393497
1.21 0.0137241 -0.191487 0.024632 0.0281972
1.22 0.00422828 -0.105348 -0.00112252 0.00437475
1.23 -0.00410011 -0.0823978 -0.0258461 0.0261693
1.24 0.011874 -0.083091 -0.000950989 0.011912
1.25 0.0181931 0.0377575 -0.00683573 0.0194349
1.26 -0.00882732 0.130546 -0.0134726 0.0161069
1.27 0.0151515 0.00865526 -0.00740597 0.0168646
1.28 0.0069388 -0.0268095 -0.0134485 0.0151331
1.29 -0.00731214 -0.115999 -0.0264736 0.0274649
1.3 0.00815167 -0.0989113 -0.0199734 0.0215728
1.31 0.00798749 -0.192181 -0.0721701 0.0726108
1.32 0.0102769 0.034024 -0.0068361 0.0123429
1.33 0.00627257 -0.00854006 -0.0266638 0.0273917
1.34 0.013969 -0.27232 -0.0209799 0.025205
1.35 0.0108851 -0.109516 -0.026574 0.028717
1.36 0.0173623 -0.0507753 -0.014279 0.0224797
1.37 -0.00891417 -0.0570326 -0.0332991 0.0344716
1.38 0.017368 -0.139969 0.00539977 0.018188
1.39 0.0126124 -0.110644 -0.00748415 0.0146658
1.4 0.0115561 0.00639074 -0.0199303 0.0230383
1.41 -0.00259025 -0.154696 -0.0202314 0.0203965
1.42 0.0115213 -0.00704458 -0.0197555 0.0228696
1.43 0.0121571 -0.0830731 -0.0204226 0.0237672
1.44 0.0199124 -0.119682 -0.0201658 0.0283401
1.45 0.00693091 -0.00872576 0.0187128 0.0199551
1.46 0.0127567 -0.0883168 -0.000335669 0.0127612
1.47 -0.00399967 -0.100381 -0.0261934 0.026497
1.48 0.01699 -0.126413 -0.00745638 0.0185541
1.49 0.00798876 -0.143178 -0.0140179 0.0161345
1.5 -0.00817873 -0.0842622 -0.0337707 0.034747
1.51 4.3496e-05 -0.0714302 -0.032879 0.0328791
1.52 0.0197241 -0.101025 -0.0269727 0.0334151
1.53 0.00754512 -0.120843 -0.0203624 0.0217154
1.54 0.00875676 -0.0322704 -0.0270668 0.0284481
1.55 0.00246216 -0.0238474 -0.0265882 0.026702
1.56 -0.00685384 -0.121253 -0.0259352 0.0268255
1.57 0.0085318 -0.139173 -0.0525309 0.0532193
1.58 0.00769436 -0.067114 -0.00741327 0.0106846
1.59 -0.00722199 -0.111652 0.00570039 0.00920063
1.6 0.0108932 -0.0559777 0.0182188 0.021227
1.61 0.0194617 -0.123405 -0.00123283 0.0195007
1.62 0.00686935 -0.0535192 -0.0393518 0.0399469
1.63 0.00936735 -0.162068 -0.00718252 0.0118041
1.64 0.0169869 -0.0280932 -0.0592103 0.0615988
1.65 0.000241243 -0.0940232 -0.00672206 0.00672638
1.66 0.0135218 -0.0397842 -0.039821 0.0420542
1.67 -0.00330637 -0.0963988 -0.00637142 0.00717824
1.68 0.00793645 -0.0318199 -0.0134071 0.0155801
1.69 0.00580702 -0.160165 -0.0452614 0.0456324
1.7 0.0219605 0.0578939 -0.0259699 0.0340103
1.71 0.00314102 -0.0380638 -0.00653962 0.00725483
1.72 0.000468972 -0.107557 -0.0522015 0.0522036
1.73 0.00471013 -0.10138 0.018662 0.0192472
1.74 0.00651004 -0.115412 -0.0721368 0.07243
1.75 0.00751624 -0.125495 -0.0331863 0.0340268
1.76 0.0162088 -0.108359 -0.0200984 0.02582
1.77 0.000925505 -0.166078 -0.0264687 0.0264849
1.78 0.0040188 -0.109589 -0.0266593 0.0269605
1.79 0.0044777 -0.194996 0.00505211 0.00675082
1.8 0.00263435 -0.0686908 -0.00703731 0.00751422
1.81 -0.00161935 -0.30721 -0.0343382 0.0343764
1.82 -0.0144102 -0.165546 -0.0332867 0.036272
1.83 0.00711298 -0.151789 -0.046432 0.0469737
1.84 -0.00387949 -0.0646763 0.00564761 0.00685171
1.85 -0.00305497 -0.123189 -0.0525199 0.0526086
1.86 0.00529217 -0.115214 -0.013293 0.0143077
1.87 0.0141034 -0.0578833 0.0115706 0.0182424
1.88 0.00238898 0.0870724 0.000346458 0.00241397
1.89 0.0128026 -0.12426 -0.000797916 0.0128274
1.9 0.0140264 0.0401879 -0.000248179 0.0140286
1.91 0.0121065 -0.114547 -0.0462748 0.0478323
1.92 0.00943283 -0.184219 0.0180247 0.0203438
1.93 0.000333709 -0.11622 -0.0462165 0.0462177
1.94 -0.00530085 0.0297286 -0.000265716 0.0053075
1.95 0.0118857 -0.0430468 -0.00703406 0.0138112
1.96 0.00350957 -0.104998 -0.0647305 0.0648256
1.97 0.000405391 -0.0939181 0.00558217 0.00559687
1.98 -0.00702589 -0.116485 -0.000615262 0.00705278
1.99 0.000839798 -0.192451 -0.00139152 0.0016253
2 0.00420181 -0.101037 -0.0197693 0.0202109
2.01 0.00840314 -0.103404 0.00518412 0.00987359
2.02 0.00605423 -0.0130892 -0.0133431 0.0146524
2.03 0.0118388 -0.109718 -0.0204519 0.0236313
2.04 -0.00503533 -0.0509881 -0.0196943 0.0203278
2.05 0.0135279 -0.0660172 -0.033207 0.0358568
2.06 0.0141142 0.0181521 -0.00742819 0.0159496
2.07 -0.00157767 -0.133094 -0.0461827 0.0462097
2.08 -0.00595139 -0.0365571 -0.0264733 0.027134
2.09 0.0127586 -0.105915 0.00588336 0.0140497
2.1 0.00106164 -0.0989641 -0.000316413 0.00110779
2.11 0.00452298 -0.11461 -0.0323229 0.0326378
2.12 0.000696586 -0.0989539 -0.0001221 0.000707207
2.13 0.00558188 -0.150717 -0.0263949 0.0269787
2.14 -0.00734302 -0.116425 -0.0137989 0.0156311
2.15 -0.012374 -0.0508145 -0.000416238 0.012381
2.16 0.0022855 -0.0104255 -0.0268012 0.0268984
2.17 0.00800965 -0.0722153 0.00589175 0.0099432
2.18 0.0116669 -0.114217 -0.0205092 0.0235954
2.19 0.00301837 -0.0335698 -0.000659183 0.00308951
2.2 0.00162506 0.0391053 -0.0331008 0.0331406
2.21 9.73083e-05 -0.0896233 0.00640457 0.00640531
2.22 0.00398202 -0.0961578 -0.00732432 0.0083368
2.23 0.00350179 -0.0470195 -0.0260497 0.026284
2.24 0.00178017 -0.161507 -0.0145364 0.014645
2.25 0.0135193 -0.0262699 -0.0140837 0.0195223
2.26 0.0128022 -0.114811 -0.0268128 0.0297124
2.27 -0.00336413 -0.118915 -0.0265564 0.0267686
2.28 0.011596 -0.047439 -0.000456577 0.011605
2.29 0.0154073 -0.036379 -0.000892867 0.0154331
2.3 0.00370168 -0.109529 -0.0398429 0.0400145
2.31 0.0121548 -0.123945 -0.0336385 0.0357671
2.32 0.00270608 -0.00615195 -0.0263643 0.0265028
2.33 0.0181983 0.0424559 0.01212 0.0218648
2.34 0.0159389 -0.0991221 -0.0201684 0.0257063
2.35 -0.00340381 -0.141113 -0.0385214 0.0386715
2.36 0.0178883 -0.0822453 -0.0402874 0.0440802
2.37 0.00348469 -0.0824942 -0.0135451 0.0139861
2.38 0.00538844 0.0636509 -0.0195604 0.020289
2.39 -0.000675897 -0.174055 -0.00758338 0.00761344
2.4 0.0148412 -0.0761484 0.00527612 0.0157511
2.41 0.0160585 -0.084921 -0.0015448 0.0161326
2.42 0.0154187 -0.152195 -0.0208002 0.0258918
2.43 0.0126069 -0.0832537 -0.0587952 0.0601316
2.44 0.0106493 0.019833 -0.0197547 0.0224423
2.45 0.00948487 -0.0148531 -0.00741967 0.0120422
2.46 0.00764988 -0.0940297 -0.0131954 0.0152525
2.47 0.00359108 -0.0916943 -0.0268911 0.0271299
2.48 0.00272485 -0.27404 -0.00769984 0.00816776
2.49 0.00141675 -0.179257 0.0181305 0.0181858
2.5 0.0109316 -0.0868268 -0.0462912 0.0475644
2.51 0.0160712 -0.0901358 -0.0200919 0.0257287
2.52 -0.00116143 -0.0882784 -0.0270996 0.0271244
2.53 -0.000601063 -0.0357689 -0.0321903 0.0321959
2.54 0.0194289 -0.186186 -0.0401325 0.0445881
2.55 0.00263861 0.0202253 -0.0260704 0.0262036
2.56 0.00617697 -0.271442 -0.0338005 0.0343602
2.57 -0.00634221 -0.201893 -0.0137847 0.0151737
2.58 -0.00633726 -0.219653 -0.039882 0.0403824
2.59 0.00777984 -0.134066 -0.0461325 0.0467839
2.6 0.00495498 -0.137095 -0.013374 0.0142624
2.61 -0.0116603 -0.0822252 -0.0202547 0.0233712
2.62 0.00452189 -0.114631 -0.00718431 0.00848892
2.63 -0.000162377 -0.0535542 0.00571431 0.00571662
2.64 0.00253115 -0.112922 -0.0593794 0.0594333
2.65 0.00211065 -0.00139164 -0.0262598 0.0263445
2.66 -0.000696741 -0.0489185 -0.0262245 0.0262338
2.67 0.0107322 0.00645347 0.00609989 0.0123446
2.68 -0.00131641 -0.0574648 -0.0134104 0.0134749
2.69 0.00832793 -0.125524 -0.0394362 0.0403059
2.7 0.00338357 -0.0604448 0.0385564 0.0387045
2.71 0.0113709 -0.100689 -0.0140874 0.0181039
2.72 0.00831907 -0.125833 -0.00057879 0.00833918
2.73 -0.00102256 0.0360072 -0.00670647 0.00678398
2.74 0.000784065 -0.12603 -0.00718073 0.00722341
2.75 0.0097193 -0.161904 0.0112916 0.0148985
2.76 0.0198428 -0.114484 -0.0270303 0.0335317
2.77 0.0144137 -0.115748 0.00474191 0.0151737
2.78 0.0150167 -0.0359796 -0.0136438 0.0202893
2.79 0.0107218 0.0556485 -0.000788613 0.0107507
2.8 0.00384883 -0.0832999 -0.0718254 0.0719285
2.81 0.0124298 -0.0833649 -0.0010369 0.012473
2.82 0.0202993 -0.195645 0.00504106 0.0209159
2.83 0.0189809 -0.0781904 -0.0142542 0.0237372
2.84 0.0101194 0.0250825 -0.000783321 0.0101497
2.85 0.00588224 -0.0483798 -0.0268597 0.0274963
2.86 0.00751027 -0.07158 0.0123123 0.0144221
2.87 0.0135029 -0.0350205 -0.0398721 0.0420965
2.88 0.0163773 -0.076993 -0.000880995 0.0164009
2.89 0.0361955 -0.0750659 -0.167538 0.171403
2.9 0.0972603 -0.0229227 -0.437493 0.448174
2.91 0.189444 -0.0659396 -0.588449 0.618191
2.92 0.203989 -0.0619613 -0.583379 0.618015
2.93 0.23424 -0.121602 -0.476263 0.530749
2.94 0.239066 -0.156145 -0.431375 0.493191
2.95 0.202283 -0.137642 -0.559738 0.595168
2.96 0.149889 -0.104256 -0.842745 0.855971
2.97 0.105944 -0.160671 -1.15848 1.16331
2.98 0.0809586 -0.273438 -1.42427 1.42657
2.99 0.0596377 -0.327237 -1.69626 1.69731
3 0.0980857 -0.363508 -1.86622 1.86879
3.01 0.131675 -0.415942 -2.10586 2.10997
3.02 0.158074 -0.4399 -2.32079 2.32617
3.03 0.195523 -0.368899 -2.63194 2.6392
3.04 0.224599 -0.257429 -2.73626 2.74547
3.05 0.346057 -0.42886 -3.19659 3.21527
3.06 0.269666 -0.459298 -3.4039 3.41457
3.07 0.26473 -0.405671 -3.66406 3.67361
3.08 0.269864 -0.52862 -3.89706 3.90639
3.09 0.267668 -0.543661 -4.26689 4.27528
3.1 0.296806 -0.658321 -4.64981 4.65927
3.11 0.300243 -0.717592 -4.99401 5.00303
3.12 0.303281 -0.603676 -5.26029 5.26902
3.13 0.357508 -0.632758 -5.43074 5.44249
3.14 0.385829 -0.694974 -5.69813 5.71118
3.15 0.431087 -0.900385 -6.04293 6.05829
3.16 0.470769 -0.949878 -6.44628 6.46344
3.17 0.499974 -0.891075 -6.78253 6.80093
3.18 0.497684 -0.85363 -6.93694 6.95477
3.19 0.509655 -0.972696 -7.0846 7.10291
3.2 0.503235 -0.959948 -7.22611 7.24361
3.21 0.523625 -0.940488 -7.49784 7.51611
3.22 0.531149 -0.900213 -7.78245 7.80055
3.23 0.523211 -1.01504 -8.10485 8.12173
3.24 0.526939 -0.914397 -8.3056 8.3223
3.25 0.569589 -0.957906 -8.37108 8.39044
3.26 0.56529 -1.14374 -8.51385 8.5326
3.27 0.609209 -0.942416 -8.67473 8.69609
3.28 0.610995 -0.930486 -8.84212 8.86321
3.29 0.63614 -1.07503 -9.10764 9.12983
3.3 0.648401 -1.03838 -9.18688 9.20973
3.31 0.635519 -0.959836 -9.19763 9.21956
3.32 0.63556 -1.00404 -9.31413 9.33579
3.33 0.603281 -1.06415 -9.48989 9.50905
3.34 0.612971 -1.09227 -9.69689 9.71625
3.35 0.639982 -1.07744 -9.87256 9.89328
3.36 0.635593 -1.11082 -9.91813 9.93848
3.37 0.63766 -1.12155 -9.98982 10.0101
3.38 0.653409 -1.0159 -10.0932 10.1143
3.39 0.669724 -1.2401 -10.2425 10.2644
3.4 0.698245 -1.19514 -10.3473 10.3708
3.41 0.727944 -1.11993 -10.3997 10.4252
3.42 0.740203 -1.15877 -10.3678 10.3942
3.43 0.747569 -1.09694 -10.3728 10.3997
3.44 0.733721 -1.22984 -10.5479 10.5734
3.45 0.739955 -1.1083 -10.6446 10.6703
3.46 0.731717 -1.28556 -10.7951 10.8199
3.47 0.713095 -1.1312 -10.8718 10.8951
3.48 0.728129 -1.17194 -10.8854 10.9097
3.49 0.695234 -1.23661 -10.9553 10.9774
3.5 0.703515 -1.20532 -10.986 11.0085
3.51 0.659099 -1.21319 -11.1024 11.1219
3.52 0.631396 -1.13361 -11.216 11.2337
3.53 0.620209 -1.15791 -11.2212 11.2383
3.54 0.631469 -1.07169 -11.1554 11.1733
3.55 0.632786 -1.0906 -11.1154 11.1334
3.56 0.666502 -1.04957 -11.0636 11.0836
3.57 0.671026 -1.08848 -11.0509 11.0712
3.58 0.685223 -1.07536 -11.1478 11.1688
3.59 0.695283 -1.2014 -11.3499 11.3712
3.6 0.701099 -1.09817 -11.3438 11.3654
3.61 0.708103 -1.11112 -11.3701 11.3921
3.62 0.689622 -1.14433 -11.3373 11.3583
3.63 0.675831 -1.06388 -11.1998 11.2202
3.64 0.612165 -1.06927 -11.1648 11.1816
3.65 0.602736 -1.13848 -11.2692 11.2853
3.66 0.630032 -1.00381 -11.3873 11.4047
3.67 0.702429 -1.12405 -11.4627 11.4842
3.68 0.767224 -1.09743 -11.4262 11.4519
3.69 0.761575 -1.21931 -11.3691 11.3946
3.7 0.763252 -1.16632 -11.3953 11.4208
3.71 0.744123 -1.23467 -11.5115 11.5355
3.72 0.730604 -1.11953 -11.5817 11.6047
3.73 0.741391 -1.17508 -11.6794 11.7029
3.74 0.768835 -1.30355 -11.662 11.6873
3.75 0.774519 -1.30598 -11.6691 11.6948
3.76 0.766559 -1.22089 -11.5659 11.5913
3.77 0.602785 -0.977272 -9.50584 9.52493
3.78 0.386768 -0.437976 -5.84564 5.85842
3.79 0.410251 -0.427378 -6.14797 6.16164
3.8 0.0589375 -1.33409 -16.9166 16.9167
3.81 0.269609 -1.85529 -15.4734 15.4758
3.82 1.02496 -1.28273 -11.2881 11.3345
3.83 1.64631 -1.27597 -8.23919 8.40206
3.84 1.83303 -1.47608 -7.13866 7.37024
3.85 1.92729 -1.43292 -6.43247 6.71499
3.86 1.74217 -1.49496 -6.17255 6.4137
3.87 1.28327 -1.55097 -5.81414 5.95407
3.88 0.937877 -1.18614 -5.26464 5.34752
3.89 0.732146 -1.05558 -4.16895 4.23276
3.9 0.629604 -0.967087 -3.42571 3.48309
3.91 0.602561 -0.811477 -3.1308 3.18826
3.92 0.52963 -0.882231 -3.14223 3.18655
3.93 0.452321 -0.851334 -3.17532 3.20737
3.94 0.357944 -0.891184 -3.0781 3.09884
3.95 0.292131 -0.855113 -2.74589 2.76139
3.96 0.263244 -0.744626 -2.07467 2.0913
3.97 0.28111 -0.573235 -1.42811 1.45552
3.98 0.292756 -0.397714 -0.983364 1.02602
3.99 0.254861 -0.26832 -0.584017 0.637205
4 0.196319 -0.183527 -0.301157 0.359496
4.01 0.137477 -0.19301 -0.130168 0.189324
4.02 0.122099 -0.090287 0.0652751 0.138453
4.03 0.103836 -0.0404086 0.151827 0.183938
4.04 0.0669934 -0.242834 0.119403 0.136913
4.05 0.00658032 -0.0755306 -0.00141858 0.00673149
4.06 0.00301202 -0.0555438 -0.0073362 0.00793045
4.07 0.00155007 0.016804 -0.0263295 0.0263751
4.08 0.00781853 -0.134305 -0.045791 0.0464537
4.09 5.58347e-05 -0.098329 -0.013252 0.0132521
4.1 -0.00661741 -0.0184684 0.011703 0.0134443
4.11 0.00324793 -0.144997 -0.00763421 0.00829639
4.12 0.00974436 -0.054848 -0.0595954 0.0603868
4.13 0.000916445 -0.0273789 -0.0333253 0.0333379
4.14 0.00391196 -0.14943 -0.0211882 0.0215463
4.15 -0.0051384 -0.135295 -0.0271661 0.0276478
4.16 -0.00265204 -0.020764 -0.0075271 0.00798064
4.17 -0.00441069 -0.117858 -0.0326576 0.0329541
4.18 0.00327372 -0.184959 -0.0537169 0.0538165
4.19 -0.0018732 -0.0743054 -0.0272969 0.0273611
4.2 0.0140745 -0.0398961 -0.00759181 0.0159915
4.21 0.0142612 -0.0665414 0.011735 0.0184686
4.22 0.00139412 0.0305031 -0.0266128 0.0266493
4.23 -0.00869717 -0.164362 -0.0273096 0.0286611
4.24 -0.00187265 -0.070382 -0.0330009 0.033054
4.25 0.0162375 -0.219671 -0.0145774 0.021821
4.26 0.00320995 -0.0779757 -0.00743218 0.00809574
4.27 -0.000627956 -0.151365 -0.0273005 0.0273077
4.28 -0.013265 0.00330532 0.0194504 0.0235431
4.29 0.0106263 -0.0376353 0.0112115 0.0154472
4.3 -0.00927919 -0.0343828 -0.0394433 0.0405201
4.31 0.00396134 -0.0737954 -0.0135926 0.0141581
4.32 0.00366608 -0.149688 -0.00137508 0.00391548
4.33 -0.00611363 -0.25991 0.0114989 0.0130231
4.34 0.00618644 -0.0348936 -0.0267259 0.0274325
4.35 0.0112725 -0.132051 -0.0528152 0.0540048
4.36 0.018663 -0.0916436 0.00539231 0.0194264
4.37 -0.00507801 -0.0369108 0.0117662 0.0128152
4.38 0.0106423 -0.0553881 -0.026374 0.0284402
4.39 0.026568 -0.0919623 -0.00143999 0.026607
4.4 0.00991308 -0.0728259 -0.020885 0.0231183
4.41 0.00649765 -0.12875 -0.0206382 0.0216369
4.42 -0.00144611 0.0226278 -0.000205514 0.00146064
4.43 -0.00789644 -0.120397 -0.014073 0.016137
4.44 0.00403178 -0.113706 -0.0144826 0.0150333
4.45 -0.0132296 0.0300929 0.0126959 0.018336
4.46 0.000117274 -0.111684 -0.0146945 0.014695
4.47 0.0134908 0.0767108 0.0119928 0.0180508
4.48 0.00560618 -0.061298 0.0177873 0.0186499
4.49 -0.00704396 -0.178503 -0.00120671 0.00714657
4.5 -0.00464738 -0.0777682 0.0122726 0.0131231
4.51 -0.00667024 -0.192855 0.0121277 0.013841
4.52 0.0082947 -0.19257 0.00501014 0.00969039
4.53 0.00781328 -0.183347 0.00490202 0.00922373
4.54 0.0103666 -0.060158 -0.0205016 0.0229735
4.55 0.011939 -0.0651632 0.0379535 0.0397871
4.56 0.0115094 -0.109623 -0.0138552 0.0180121
4.57 -0.0157865 -0.160331 -0.0396071 0.0426372
4.58 0.0106828 0.0158316 0.0186046 0.0214536
4.59 0.00839617 -0.16137 0.0114228 0.0141766
4.6 0.00162463 -0.0770208 -0.0141507 0.0142436
4.61 -0.00377428 -0.100581 0.00545592 0.00663417
4.62 0.00654734 -0.0839248 -0.00136324 0.00668776
4.63 -0.00361058 -0.123096 -0.00104241 0.00375805
4.64 -0.00233495 -0.0434638 0.0119951 0.0122202
4.65 -0.00348544 -0.0919413 -0.000761521 0.00356766
4.66 0.00363234 -0.0913008 -0.000776242 0.00371436
4.67 0.0084133 -0.103255 -0.00742032 0.0112181
4.68 -0.00610927 -0.291023 -0.00802118 0.0100828
4.69 0.0056108 -0.0482484 -0.0199925 0.0207649
4.7 0.00404495 -0.104794 0.0436202 0.0438074
4.71 0.00534911 0.0679565 0.0318535 0.0322995
4.72 0.00335478 -0.095727 -0.0139816 0.0143784
4.73 0.00383216 -0.100541 0.0188035 0.0191901
4.74 -0.00813333 -0.0442764 -0.0323364 0.0333436
4.75 -0.000612939 -0.0665453 -0.000727497 0.000951287
4.76 0.0158609 -0.0719376 0.0245655 0.0292409
4.77 -0.00241656 -0.28394 0.0301343 0.030231
4.78 0.00625949 -0.0660209 0.0179528 0.0190127
4.79 -0.000289559 -0.160435 -0.0144258 0.0144287
4.8 -0.00300108 -0.274947 -0.014322 0.0146331
4.81 0.00935249 -0.0546302 -0.0209548 0.0229472
4.82 0.00216898 -0.00137398 -0.000850013 0.00232959
4.83 -0.00819495 -0.0707148 0.01175 0.0143255
4.84 -0.00415816 -0.0731673 -0.000736887 0.00422294
4.85 -0.0150396 -0.11577 -0.000866989 0.0150645
4.86 -0.000185504 -0.12011 -0.0400889 0.0400894
4.87 0.00133241 -0.165554 -0.00166247 0.00213052
4.88 0.0142733 -0.0665753 -0.00804846 0.0163862
4.89 0.00707471 -0.0756602 0.00540334 0.00890211
4.9 -0.0009504 -0.110885 -0.045864 0.0458738
4.91 0.00322576 -0.0505087 0.0177216 0.0180128
4.92 -0.00862054 -0.159821 -0.00160823 0.00876927
4.93 0.00805287 -0.111899 0.0183094 0.0200021
4.94 0.00681905 -0.1334 0.0112625 0.013166
4.95 0.018214 -0.064739 0.00546686 0.0190167
4.96 0.0261426 -0.0558355 0.017885 0.031675
4.97 -0.000925636 -0.0753001 0.0378747 0.037886
4.98 -0.00140622 0.0632401 0.0384923 0.0385179
4.99 0.00345032 -0.0733095 0.00543234 0.00643545
5 -3.48645e-05 -0.1066 -0.0397202 0.0397202
5.01 -0.000680841 -0.0709562 0.0446752 0.0446804
5.02 0.00235235 -0.0727948 -0.0141793 0.0143731
5.03 0.00742386 -0.0712298 -0.000903579 0.00747864
5.04 0.0190759 -0.101033 -0.00730677 0.0204274
5.05 0.00394962 -0.113839 -0.00750701 0.00848261
5.06 0.0108655 -0.0596737 0.0372305 0.0387836
5.07 0.00626458 -0.0930495 -0.0335243 0.0341046
5.08 0.0115789 -0.0829137 0.0120505 0.0167119
5.09 0.0191607 -0.0694763 0.0249503 0.0314587
5.1 -0.00482458 -0.055059 0.0123008 0.0132131
5.11 0.00682535 -0.111084 -0.0597075 0.0600964
5.12 0.00774316 -0.0898444 -0.0133383 0.015423
5.13 -0.00155722 0.0591786 0.0121117 0.0122114
5.14 0.00289639 -0.0598435 0.025194 0.02536
5.15 0.00344779 -0.131598 0.00560955 0.0065844
5.16 -0.00104839 -0.0304058 0.00494649 0.00505637
5.17 -0.0010606 -0.0930701 -0.00777363 0.00784565
5.18 0.0137199 -0.0172784 0.0250536 0.0285643
5.19 -0.014162 -0.295109 -0.00849487 0.0165144
5.2 -0.015363 -0.124473 -0.0261905 0.0303639
5.21 0.0068454 -0.0935294 -0.0134884 0.015126
5.22 -0.00197065 0.0233078 0.0123443 0.0125006
5.23 0.0135802 0.0986772 0.0128061 0.018666
5.24 -0.00394159 -0.193688 -0.0144238 0.0149527
5.25 -0.00511344 0.0165967 -0.0137716 0.0146902
5.26 0.0109322 -0.113711 0.0182579 0.0212806
5.27 0.0052578 -0.0390043 -0.0142012 0.0151433
5.28 0.00782316 -0.142959 -0.0202556 0.0217139
5.29 0.00980646 0.0565669 0.0252657 0.0271021
5.3 -0.00709518 -0.259179 -0.00868283 0.0112131
5.31 -0.000118597 -0.0893147 0.0124305 0.012431
5.32 0.015534 -0.116148 -0.00803373 0.0174885
5.33 0.00800421 -0.107541 0.00579445 0.00988145
5.34 -0.0161303 -0.0348301 0.0183388 0.0244233
5.35 -0.0150795 -0.124474 -0.0205236 0.0254678
5.36 0.00241315 -0.033022 0.0188662 0.0190199
5.37 0.0180493 -0.0687673 -0.00113151 0.0180847
5.38 -0.00248946 -0.26208 -0.0399216 0.0399992
5.39 0.000911803 -0.179256 -0.00122553 0.00152752
5.4 0.00126208 0.0439758 0.0183662 0.0184095
5.41 0.00352336 -0.0109309 0.0123584 0.0128508
5.42 0.00378409 -0.0737259 -0.00722834 0.00815894
5.43 0.00063693 -0.152259 0.0248043 0.0248124
5.44 0.0110523 -0.087094 -0.0266724 0.0288716
5.45 0.00293705 -0.068416 -0.0014388 0.00327054
5.46 0.00661439 0.0273263 -0.0073891 0.00991711
5.47 0.0165712 -0.0279905 0.0118175 0.0203533
5.48 0.0135583 -0.0214688 -0.0138618 0.0193901
5.49 0.00521368 -0.288827 -0.0473546 0.0476407
5.5 0.00679839 0.062422 0.0125994 0.0143166
5.51 0.010142 -0.13995 -0.0472316 0.0483082
5.52 0.0157243 -0.0989738 0.012108 0.0198458
5.53 0.00436479 -0.127636 0.00568934 0.00717077
5.54 0.0158478 -0.130355 0.012206 0.0200035
5.55 0.0221639 -0.0399738 -0.00107329 0.0221898
5.56 0.00197463 -0.0367791 0.0180207 0.0181286
5.57 0.00225677 -0.041943 -0.000217068 0.00226718
5.58 0.0156053 -0.0853339 -0.039226 0.0422161
5.59 0.00843518 -0.179208 0.0179833 0.0198633
5.6 0.0223463 -0.0579847 0.0178567 0.0286045
5.61 -0.000443135 -0.160412 -0.0141934 0.0142003
5.62 0.0138062 -0.0484194 0.0248108 0.0283934
5.63 0.000172642 -0.0849215 0.00585299 0.00585554
5.64 0.0108209 -0.108887 -0.0398583 0.041301
5.65 -0.00814151 -0.164797 -0.00114194 0.00822121
5.66 -0.0078092 -0.0798766 0.0123611 0.0146213
5.67 0.00285802 -0.0687112 -0.0267802 0.0269322
5.68 0.00788799 -0.107596 -0.0198877 0.0213949
5.69 -0.00518036 -0.117133 -0.0276626 0.0281435
5.7 0.00765179 -0.0849443 0.00500598 0.00914383
5.71 0.0107878 -0.136038 0.0111076 0.015484
5.72 0.00303316 -0.0420753 0.0122718 0.0126411
5.73 0.00828218 -0.165832 0.0116361 0.0142826
5.74 0.0185237 -0.0783007 -0.0207353 0.0278043
5.75 0.0146003 -0.0488874 -0.0136833 0.02001
5.76 -0.000813364 -0.155671 -0.0338305 0.0338402
