0 -0.0153606 -0.035555 0.0133439 0.0203472
0.01 -0.0207511 -0.094979 0.0584003 0.0619775
0.02 -0.0116129 -0.0826586 0.0451287 0.0465989
0.03 -0.0210836 0.115313 -0.00606767 0.0219394
0.04 -0.00728527 -0.0221066 0.0319486 0.0327687
0.05 -0.00595476 0.0210992 0.0061454 0.00855717
0.06 -0.00341845 -0.091776 0.0120457 0.0125213
0.07 0.000617241 -0.103353 0.0316346 0.0316406
0.08 -0.00823889 -0.0219048 0.0258265 0.0271088
0.09 -0.0103096 -0.0877174 0.0447052 0.0458786
0.1 -0.00475456 -0.014997 0.0316262 0.0319816
0.11 -0.00849017 0.062702 0.0197707 0.0215166
0.12 -0.0119406 -0.0109249 0.044971 0.0465292
0.13 -0.00233088 -0.0922586 -0.00713294 0.00750412
0.14 -0.0181285 -0.118359 -9.92903e-05 0.0181288
0.15 -0.00661716 -0.0498238 0.0711788 0.0714858
0.16 -0.0177949 -0.132147 0.0189583 0.0260015
0.17 -0.0117204 -0.073137 0.00596822 0.0131525
0.18 -0.00430833 -0.0282068 0.00589491 0.00730148
0.19 -0.0274685 -0.0592919 0.00614527 0.0281475
0.2 0.00335443 0.00688569 -9.96473e-05 0.00335591
0.21 -0.0033367 -0.185129 0.017681 0.017993
0.22 -0.00816616 -0.00462503 -0.00596445 0.0101124
0.23 -0.00769965 -0.146894 -0.00735129 0.0106455
0.24 -0.0114128 -0.0599935 0.0251798 0.0276455
0.25 -0.0159499 0.0405226 0.000630544 0.0159624
0.26 -0.00812245 -0.0617471 -0.0135832 0.0158265
0.27 -0.00603633 -0.126213 0.0641796 0.0644629
0.28 0.00458047 -0.0789432 0.0578175 0.0579987
0.29 -0.00813845 -0.0398877 0.0254792 0.0267474
0.3 -4.85558e-05 -0.0492528 0.0317565 0.0317566
0.31 -0.0117627 0.0249977 0.025691 0.0282558
0.32 -0.00272544 -0.047555 0.019312 0.0195034
0.33 -0.00423166 0.0694988 0.0714888 0.0716139
0.34 -0.00417236 0.0337036 -0.000145306 0.00417489
0.35 -0.0121321 0.0069581 0.0135068 0.0181555
0.36 0.00775549 -0.0449408 0.0318513 0.0327819
0.37 -0.00541349 0.0436388 0.0183894 0.0191697
0.38 -0.000821602 -0.0349744 0.0122109 0.0122386
0.39 -0.00498365 -0.0236009 -0.0204532 0.0210516
0.4 -0.00955162 -0.141697 0.0512562 0.0521386
0.41 -0.0107817 -0.0740987 0.0323527 0.034102
0.42 -0.0184096 -0.0426503 0.039231 0.0433357
0.43 -3.64548e-05 -0.0759708 -8.62271e-06 3.74607e-05
0.44 -0.0106006 -0.0919494 0.0250298 0.027182
0.45 -0.0163299 -0.0843626 0.0191245 0.0251478
0.46 -0.0107273 -0.0604064 0.0572462 0.0582426
0.47 -0.0190581 -0.0464201 0.0383455 0.0428204
0.48 -0.010245 0.0467596 -0.00715974 0.0124989
0.49 0.0207642 -0.141978 0.0311764 0.0374582
0.5 -0.0143208 -0.0802696 0.050939 0.0529138
0.51 -0.00676175 -0.0719699 0.0126388 0.0143339
0.52 -0.0121196 0.0293831 0.0387795 0.0406292
0.53 -0.0159625 0.0672603 0.00725647 0.0175344
0.54 0.00504138 -0.0656427 0.0254044 0.0258998
0.55 -0.0160058 -0.0264568 0.0260726 0.0305935
0.56 -0.0135228 -0.250616 0.0182134 0.0226847
0.57 0.000289541 -0.103422 0.00591427 0.00592135
0.58 -0.00218822 -0.177747 0.0125066 0.0126966
0.59 -0.00757471 -0.138541 0.0255217 0.0266221
0.6 0.000195935 -0.00499434 0.0199398 0.0199408
0.61 -0.0157788 -0.00434123 0.0453219 0.04799
0.62 -0.0121463 -0.0728412 0.0119535 0.0170417
0.63 0.000388981 0.0224031 0.0387269 0.0387288
0.64 -0.00248615 -0.114712 0.0317525 0.0318497
0.65 -0.00826856 0.0402245 0.013543 0.0158676
0.66 0.0033742 0.060573 0.0320894 0.0322663
0.67 -0.00342133 -0.117976 -0.0201306 0.0204193
0.68 -0.0114215 0.0248721 0.0578814 0.0589976
0.69 -0.00379093 -0.00671874 -0.00644986 0.00748143
0.7 0.00469379 -0.110131 -0.00712699 0.0085338
0.71 -0.0115171 -0.100138 -0.000549304 0.0115302
0.72 -0.00671606 -0.0718986 0.0326897 0.0333725
0.73 -0.00939394 -0.0655696 -0.000934567 0.00944031
0.74 -0.000292693 -0.0667675 -0.019859 0.0198611
0.75 -0.0185968 -0.122522 -0.0134112 0.0229282
0.76 -0.00742665 -0.031221 0.019338 0.020715
0.77 -0.0142985 -0.174597 -0.000669818 0.0143142
0.78 -1.71287e-05 -0.0581144 0.0188432 0.0188432
0.79 -0.00825618 0.0227546 0.0322968 0.0333354
0.8 -0.00825573 -0.0173235 0.0185989 0.0203489
0.81 -0.00329722 -0.0654801 0.0196213 0.0198964
0.82 0.00933696 -0.104024 0.0124934 0.0155969
0.83 -0.0169866 0.0860116 -0.0123055 0.0209755
0.84 -0.0218894 -0.0805098 -0.0123425 0.0251293
0.85 -0.00737874 -0.134106 0.0445858 0.0451923
0.86 -0.00642526 -0.103336 0.012775 0.0142998
0.87 -0.00596401 -0.107635 -0.0134209 0.0146864
0.88 -0.00448139 -0.00209765 0.0706884 0.0708303
0.89 -0.027743 -0.0191035 0.051849 0.0588047
0.9 -0.0150512 -0.0800686 -6.45654e-05 0.0150513
0.91 -0.00251696 -0.155196 0.00558888 0.00612949
0.92 -0.00186129 -0.110896 0.0387704 0.0388151
0.93 -0.00821608 -0.0709726 -0.0133189 0.0156492
0.94 -0.00498335 0.0202198 0.0389322 0.0392499
0.95 -0.0114177 -0.144665 -0.0139952 0.0180618
0.96 0.00675224 -0.048391 -0.00769794 0.0102397
0.97 -0.00989812 0.18882 0.0393713 0.0405964
0.98 -0.0140416 -0.161019 0.0117301 0.0182965
0.99 -0.00164767 -0.231094 0.031145 0.0311886
1 -0.0104501 -0.203672 -0.00728727 0.0127401
1.01 -0.0150932 -0.0845466 0.00577749 0.0161612
1.02 0.00768466 -0.0314316 0.0185309 0.0200611
1.03 -0.0147021 -0.111489 0.00542988 0.0156727
1.04 -0.0120326 -0.0375683 6.0284e-05 0.0120328
1.05 -0.00033976 -0.0310061 0.0319955 0.0319973
1.06 -0.0119675 0.042894 0.0391458 0.0409342
1.07 -0.0073272 -0.0625365 0.000429244 0.00733976
1.08 -0.0149334 -0.0401177 0.0321371 0.0354373
1.09 -0.000561789 -0.0217197 0.0185469 0.0185554
1.1 2.81632e-06 -0.0713505 0.051603 0.051603
1.11 -0.00143986 0.08972 0.0200499 0.0201015
1.12 0.000161437 -0.0624508 0.0372575 0.0372578
1.13 -0.00904459 0.0321862 0.00639994 0.0110799
1.14 -0.00380142 0.0022395 0.0577848 0.0579097
1.15 -0.0117548 -0.0865921 0.0312817 0.0334173
1.16 -0.0133553 -0.0144139 0.018994 0.0232194
1.17 -0.00533445 -0.0146577 0.0127054 0.0137798
1.18 -0.00355954 -0.0557917 0.0381495 0.0383152
1.19 -0.00346007 -0.00715388 0.064598 0.0646906
1.2 -0.0106593 -0.1055 0.0575894 0.0585675
1.21 -0.0141757 -0.116557 -0.00636493 0.0155391
1.22 -0.00388835 0.0200282 0.0646048 0.0647217
1.23 0.000452756 -0.0140562 0.0386758 0.0386784
1.24 -0.00519325 0.00278823 -0.0062809 0.00814982
1.25 -0.004224 -0.0645499 0.0320271 0.0323044
1.26 -0.00517452 0.00729237 0.0191499 0.0198367
1.27 -0.0105055 -0.0695123 0.0193026 0.0219762
1.28 -0.0203758 0.155073 0.0324505 0.0383172
1.29 0.00362612 -0.065229 0.0188627 0.0192081
1.3 0.00806189 0.0444333 0.0255907 0.0268306
1.31 -0.00049574 -0.0399468 0.0380508 0.038054
1.32 -0.00727682 -0.0494778 -0.000451364 0.00729081
1.33 0.0129701 -0.066007 0.0124428 0.0179736
1.34 0.00362412 -0.118316 -0.00733253 0.00817926
1.35 -0.0207818 -0.268703 0.0372144 0.0426239
1.36 0.00104079 -0.0899736 0.0251336 0.0251552
1.37 -0.00135796 -0.0261119 0.00577074 0.00592837
1.38 0.00670277 0.0851228 0.00676639 0.00952424
1.39 -0.00155128 0.000876836 0.0259368 0.0259831
1.4 -0.0171224 0.0721469 0.0200519 0.0263677
1.41 -0.00442771 -0.0507397 0.0188682 0.0193808
1.42 -0.0105374 -0.0964815 0.0188788 0.0216204
1.43 -0.0241019 0.0811245 -0.0126502 0.02722
1.44 0.000361882 -0.0224879 0.0384587 0.0384604
1.45 -0.00122703 -0.124227 0.0706006 0.0706113
1.46 -0.00803389 -0.0399819 0.0637633 0.0642674
1.47 -0.00116 -0.0259041 -0.000663769 0.00133648
1.48 -0.0146432 -0.0849078 0.0187996 0.0238296
1.49 -0.0110361 -0.0692833 0.0132567 0.0172493
1.5 0.00781653 -0.0450654 -0.000192653 0.00781891
1.51 -0.00480034 -0.0417525 -0.000408837 0.00481771
1.52 -0.0241052 -0.0348188 0.0134777 0.0276172
1.53 0.000342138 -0.0761753 0.00627033 0.00627966
1.54 -0.023527 -0.0617028 0.0192999 0.0304304
1.55 -0.00944501 -0.208392 0.0376059 0.0387739
1.56 -0.00594053 -0.121053 0.0121631 0.0135362
1.57 -0.00181268 0.0148108 -0.0137449 0.013864
1.58 -0.00736358 -0.049125 0.0449028 0.0455025
1.59 -0.00235129 -0.11924 0.00609174 0.00652977
1.6 -0.00996003 -0.16326 0.0181797 0.0207293
1.61 -0.00676382 -0.170336 -0.000883743 0.00682131
1.62 0.000144795 -0.0403911 -0.000210884 0.000255808
1.63 -0.0111682 -0.10908 0.0248596 0.027253
1.64 -0.0147554 -0.0587426 0.000154477 0.0147562
1.65 -0.00352594 0.00180546 0.0197175 0.0200302
1.66 -0.0138582 -0.116636 0.0319573 0.0348327
1.67 -0.00497707 -0.0591214 -0.0140804 0.0149342
1.68 -0.0151482 -0.0756392 0.0248233 0.0290803
1.69 -0.00559305 0.0214317 -0.0131235 0.0142656
1.7 -0.00124456 -0.0350016 0.0121347 0.0121984
1.71 -0.000587871 -0.0268564 0.025915 0.0259217
1.72 -0.0229145 -0.0309884 0.00669083 0.0238713
1.73 -0.0106539 0.0287159 0.000740611 0.0106796
1.74 0.00460468 -0.158801 0.0052135 0.00695584
1.75 0.0117167 -0.0159623 0.00588832 0.0131131
1.76 0.00821323 -0.054118 0.0380912 0.0389666
1.77 -0.00292986 -0.123167 0.0119494 0.0123034
1.78 0.00222669 -0.0147085 0.0311382 0.0312177
1.79 0.0106842 -0.0243873 0.00602112 0.012264
1.8 -0.0110535 -0.0780543 0.0126069 0.0167665
1.81 -0.0105821 -0.0740537 -0.00639629 0.012365
1.82 0.000313698 -0.0582078 0.0122465 0.0122505
1.83 -0.0138238 0.0974082 -0.0121529 0.0184063
1.84 -0.00810457 -0.0930543 -0.0266307 0.0278367
1.85 -2.29096e-05 -0.0667361 0.00558831 0.00558835
1.86 0.00054885 -0.0582398 0.0061528 0.00617724
1.87 0.00735101 -0.0402831 0.00581119 0.00937055
1.88 -0.0085039 -0.030429 -0.000341443 0.00851075
1.89 -0.00110468 -0.0349923 0.0316826 0.0317018
1.9 -0.0137923 -0.112043 -0.0062695 0.0151504
1.91 -0.00380756 0.0735908 0.0647492 0.064861
1.92 -0.00974724 -0.248745 0.018312 0.0207446
1.93 -0.0116657 -0.0152823 0.0126051 0.0171749
1.94 -0.0196241 0.0340005 0.018746 0.0271389
1.95 0.000834147 -0.0626296 0.0125741 0.0126017
1.96 -0.0162559 -0.00359152 0.0193545 0.0252755
1.97 -0.00368011 -0.0247338 0.0319899 0.0322009
1.98 -0.0100021 -0.177167 0.0248975 0.0268314
1.99 -0.0112616 -0.0822938 -0.0129304 0.017147
2 -0.0219602 -0.183146 0.0184258 0.0286664
2.01 0.019721 -0.0609683 0.0118656 0.0230155
2.02 -0.0183565 -0.0473308 0.0456844 0.0492344
2.03 -0.0113649 -0.0467327 0.00633896 0.0130132
2.04 -0.0032726 -0.132147 -0.0133069 0.0137034
2.05 -0.0182212 -0.131832 -0.000194997 0.0182223
2.06 -0.00859575 0.00512035 0.0325765 0.0336914
2.07 -0.00445898 -0.0511458 0.00640436 0.00780374
2.08 -0.00951335 0.077206 -0.000151299 0.00951455
2.09 -0.0189851 -0.0866346 0.00625216 0.0199881
2.1 -0.0275423 -0.0548886 -0.000237885 0.0275434
2.11 -0.00738245 -0.0443613 0.0448517 0.0454552
2.12 -0.00489388 0.0607193 0.0319376 0.0323103
2.13 -0.0205297 -0.0101924 0.0197337 0.0284761
2.14 -0.00137081 0.103238 0.0262774 0.0263131
2.15 0.00503282 -0.0832091 -0.00716551 0.00875636
2.16 -0.00742825 -0.013803 0.0645123 0.0649386
2.17 -0.00561084 -0.0678973 0.0640786 0.0643238
2.18 -0.0164241 -0.0124982 0.0451907 0.0480828
2.19 0.00463039 -0.0831201 0.0189409 0.0194987
2.2 0.00400372 -0.069337 0.00570582 0.00697038
2.21 -0.0111307 -0.0159946 0.0388425 0.0404058
2.22 -0.00463063 0.0603191 0.0136481 0.0144122
2.23 -0.00394466 0.00257283 0.0191598 0.0195617
2.24 0.00170426 -0.0945481 0.0126946 0.0128085
2.25 0.00797371 -0.0802866 0.0120086 0.0144148
2.26 -0.0213465 -0.183383 0.0186104 0.02832
2.27 -0.0148431 -0.0622935 0.0260715 0.0300007
2.28 -0.00484229 -0.01038 -0.00636815 0.00800006
2.29 -0.00718633 -0.0491945 0.0385385 0.0392028
2.3 -0.00456195 -0.0196487 0.0324896 0.0328083
2.31 -0.0112997 -0.0380728 0.0198637 0.0228528
2.32 -0.0158252 -0.03502 0.0189877 0.0247178
2.33 -0.00255624 -0.105611 0.044325 0.0443987
2.34 -0.000306754 2.7923e-05 0.0256035 0.0256053
2.35 -0.0150336 -0.094118 0.0583159 0.0602226
2.36 -0.019774 0.0120378 0.0259524 0.0326273
2.37 0.0217475 -0.0711353 -0.0541023 0.0583096
2.38 0.0557417 -0.136257 -0.263476 0.269307
2.39 0.0580173 -0.382494 -0.527321 0.530503
2.4 0.107585 -0.367841 -0.712152 0.720233
2.41 0.146175 -0.422314 -0.859435 0.871777
2.42 0.174882 -0.530748 -0.830083 0.848305
2.43 0.188699 -0.553471 -0.786334 0.808658
2.44 0.226003 -0.514415 -0.735973 0.769892
2.45 0.234258 -0.577246 -0.723399 0.760384
2.46 0.213439 -0.604843 -0.826724 0.853831
2.47 0.22867 -0.555415 -1.00672 1.03237
2.48 0.218425 -0.540244 -1.19181 1.21166
2.49 0.22321 -0.511479 -1.47538 1.49217
2.5 0.278967 -0.585808 -1.49617 1.52195
2.51 0.308997 -0.546342 -1.61992 1.64913
2.52 0.34251 -0.47747 -1.74311 1.77644
2.53 0.311808 -0.619242 -1.94873 1.97352
2.54 0.316155 -0.510136 -2.29516 2.31683
2.55 0.280768 -0.375381 -2.40292 2.41926
2.56 0.314723 -0.436459 -2.58379 2.60289
2.57 0.382061 -0.352535 -2.81866 2.84444
2.58 0.380872 -0.471268 -3.16096 3.18382
2.59 0.372132 -0.521903 -3.52817 3.54775
2.6 0.339904 -0.577145 -3.84919 3.86417
2.61 0.338622 -0.320813 -4.22891 4.24244
2.62 0.365217 -0.393546 -4.53357 4.54825
2.63 0.380239 -0.637774 -4.94336 4.95797
2.64 0.363937 -0.688578 -5.22734 5.23999
2.65 0.350441 -0.643607 -5.503 5.51414
2.66 0.34448 -0.541468 -5.64271 5.65321
2.67 0.366651 -0.559088 -5.8236 5.83513
2.68 0.371306 -0.601545 -6.19336 6.20448
2.69 0.41748 -0.686706 -6.52471 6.53806
2.7 0.442595 -0.634442 -6.79584 6.81024
2.71 0.468266 -0.626896 -7.04657 7.06212
2.72 0.482406 -0.608732 -7.19412 7.21027
2.73 0.514378 -0.583611 -7.39519 7.41306
2.74 0.500546 -0.571005 -7.57619 7.5927
2.75 0.510039 -0.550314 -7.74374 7.76052
2.76 0.524962 -0.608351 -7.93815 7.95548
2.77 0.538022 -0.575881 -8.07963 8.09752
2.78 0.563832 -0.550967 -8.19022 8.20961
2.79 0.571173 -0.609934 -8.22256 8.24238
2.8 0.557017 -0.422508 -8.33781 8.3564
2.81 0.547759 -0.603753 -8.37655 8.39444
2.82 0.535096 -0.537613 -8.44085 8.45779
2.83 0.55984 -0.583905 -8.5902 8.60842
2.84 0.577322 -0.598113 -8.77932 8.79828
2.85 0.57109 -0.563481 -8.95395 8.97214
2.86 0.574904 -0.641661 -8.99998 9.01832
2.87 0.570382 -0.652282 -9.00034 9.01839
2.88 0.573686 -0.623299 -9.02028 9.03851
2.89 0.569653 -0.643034 -8.92429 8.94246
2.9 0.564741 -0.612839 -9.05992 9.07751
2.91 0.59131 -0.651031 -9.19045 9.20945
2.92 0.633153 -0.738674 -9.29 9.31155
2.93 0.654745 -0.810763 -9.35056 9.37345
2.94 0.626284 -0.84811 -9.33765 9.35863
2.95 0.617437 -0.838317 -9.38163 9.40192
2.96 0.602789 -0.611368 -9.39328 9.4126
2.97 0.615201 -0.939449 -9.64238 9.66199
2.98 0.666134 -0.934044 -9.85287 9.87536
2.99 0.698606 -0.940406 -9.93983 9.96435
3 0.686749 -0.951358 -9.87558 9.89943
3.01 0.664711 -0.92949 -9.8489 9.87131
3.02 0.657306 -0.929444 -9.95128 9.97296
3.03 0.654147 -0.957786 -10.3081 10.3288
3.04 0.694682 -1.01412 -10.4975 10.5205
3.05 0.768586 -1.09086 -10.4752 10.5033
3.06 0.811883 -1.02806 -10.3667 10.3985
3.07 0.840181 -1.05426 -10.1937 10.2283
3.08 0.780771 -1.18838 -10.0378 10.0681
3.09 0.738246 -0.94807 -10.1303 10.1572
3.1 0.697964 -1.02109 -10.3676 10.3911
3.11 0.708435 -0.982092 -10.5096 10.5334
3.12 0.727621 -0.944426 -10.4819 10.5071
3.13 0.711253 -0.951927 -10.3838 10.4082
3.14 0.668284 -0.876713 -10.3354 10.357
3.15 0.61322 -0.945772 -10.425 10.4431
3.16 0.612281 -0.962911 -10.7048 10.7223
3.17 0.644737 -0.947698 -10.809 10.8282
3.18 0.7188 -1.00671 -10.7472 10.7712
3.19 0.769657 -0.900126 -10.5861 10.614
3.2 0.780766 -0.965349 -10.4191 10.4483
3.21 0.748318 -0.834553 -10.3076 10.3347
3.22 0.707264 -0.866613 -10.5524 10.5761
3.23 0.680742 -0.907831 -10.8172 10.8386
3.24 0.671829 -0.915319 -10.9465 10.9671
3.25 0.663579 -0.959459 -10.8232 10.8435
3.26 0.680589 -0.907435 -10.687 10.7087
3.27 0.655293 -0.751325 -10.5694 10.5897
3.28 0.648601 -0.832967 -10.6227 10.6425
3.29 0.599303 -0.866681 -10.1189 10.1367
3.3 0.488916 -0.295318 -6.3548 6.37358
3.31 0.51672 -0.298368 -5.48283 5.50712
3.32 0.477208 -0.698038 -11.4227 11.4326
3.33 0.157259 -1.08598 -15.5078 15.5086
3.34 0.914369 -1.33856 -12.4812 12.5146
3.35 1.41026 -0.922008 -8.3058 8.42468
3.36 1.59766 -1.0329 -7.0221 7.20156
3.37 1.48792 -0.882982 -6.54101 6.70811
3.38 1.34598 -0.902673 -6.54581 6.68277
3.39 0.916988 -0.810266 -6.385 6.45051
3.4 0.55438 -0.777746 -6.16471 6.18959
3.41 0.380638 -0.665748 -5.76039 5.77295
3.42 0.39553 -0.558671 -5.40125 5.41572
3.43 0.428045 -0.467341 -5.27175 5.2891
3.44 0.489811 -0.57297 -5.10697 5.1304
3.45 0.472721 -0.684219 -4.98843 5.01078
3.46 0.4402 -0.772083 -4.71945 4.73994
3.47 0.417102 -0.723407 -4.44112 4.46066
3.48 0.396885 -0.623006 -4.10729 4.12642
3.49 0.380084 -0.461048 -3.74559 3.76483
3.5 0.302696 -0.36886 -3.28732 3.30123
3.51 0.251506 -0.221525 -2.82861 2.83977
3.52 0.184447 -0.2292 -2.58012 2.5867
3.53 0.152044 -0.213786 -2.32705 2.33201
3.54 0.139642 -0.313706 -2.06198 2.0667
3.55 0.131308 -0.380497 -1.84279 1.84746
3.56 0.127694 -0.151198 -1.55072 1.55597
3.57 0.121843 -0.206673 -1.144 1.15047
3.58 0.1169 -0.136905 -0.730655 0.739948
3.59 0.0858847 -0.0741337 -0.32752 0.338594
3.6 0.0627149 -0.0696272 -0.117803 0.133457
3.61 0.043554 -0.0182508 0.0259296 0.0506882
3.62 0.0143592 -0.0408859 0.122167 0.123008
3.63 -0.00495356 -0.0643881 0.0312982 0.0316878
3.64 -0.00846745 -0.0347534 0.0319538 0.0330567
3.65 0.000850025 -0.0897099 0.0250252 0.0250397
3.66 -0.00482435 -0.0326 0.0573532 0.0575557
3.67 0.00825679 -0.0802687 -0.00746304 0.0111298
3.68 -0.00270227 0.0381408 -0.00734001 0.00782164
3.69 -0.0121034 -0.0817146 0.0126887 0.0175355
3.7 0.00319766 -0.108732 -0.00110858 0.00338437
3.71 -0.016104 -0.106046 0.0124179 0.0203357
3.72 -0.00788998 -0.1108 0.00587753 0.00983855
3.73 0.0150144 -0.0400649 0.0183125 0.0236808
3.74 -0.0202461 -0.0279548 0.0578714 0.0613107
3.75 -0.00259783 -0.154211 0.0181465 0.0183315
3.76 -0.0253389 0.0597856 0.0126198 0.0283076
3.77 -0.0130484 -0.0146226 0.0447821 0.0466444
3.78 0.00678968 -0.0261719 0.0376959 0.0383025
3.79 -0.00384493 -0.0821927 0.018269 0.0186692
3.8 -0.00930337 0.0681145 0.00682406 0.0115378
3.81 -0.0041679 -0.0374849 0.0252041 0.0255464
3.82 -0.0115113 -0.0820878 0.0118292 0.0165058
3.83 -0.00847726 -0.124304 0.0252154 0.0266022
3.84 -0.00372383 -0.0466289 0.051225 0.0513602
3.85 0.00116706 -0.0632471 0.076446 0.0764549
3.86 -0.00517031 -0.0145527 0.0250071 0.025536
3.87 -0.00382514 -0.0776681 0.0185587 0.0189488
3.88 -0.0155487 -0.102417 0.0317697 0.0353705
3.89 -0.0105214 -0.171788 0.056403 0.0573759
3.9 -0.00499266 -0.00143105 0.0383186 0.0386425
3.91 0.00450274 -0.0781207 0.0380588 0.0383242
3.92 -0.016939 -0.00742495 -0.013072 0.0213964
3.93 -0.0235849 -0.0391004 0.0126908 0.0267825
3.94 -0.00795464 -0.0754777 0.0254871 0.0266996
3.95 -0.0174714 0.01949 0.0514338 0.0543202
3.96 -0.0119761 -0.100247 0.0515402 0.0529133
3.97 -0.0016245 -0.0748736 0.0507266 0.0507526
3.98 0.0024529 -0.0458401 0.0504433 0.0505029
3.99 -0.0129085 -0.0146132 0.0643307 0.065613
4 -0.0138183 -0.147827 0.0450925 0.0471623
4.01 -0.0386805 -0.079342 0.0576655 0.0694369
4.02 -0.0113256 -0.0113216 0.0714086 0.0723011
4.03 0.0110062 0.0154474 -0.0328438 0.0346389
4.04 -0.0158984 -0.0881307 0.0374389 0.0406747
4.05 -0.0123396 -0.0590632 0.0375824 0.0395563
4.06 -0.00793112 -0.0662555 0.0447326 0.0454302
4.07 -0.019238 -0.158069 0.0377662 0.0423838
4.08 0.00282464 -0.032983 0.0052958 0.00600201
4.09 -0.00484842 -0.0325346 0.0383464 0.0386517
4.1 -0.0112372 -0.122598 0.0186321 0.0217584
4.11 0.00381305 -0.0467754 0.076904 0.0769985
4.12 -0.0151238 -0.0665577 0.0451831 0.0476471
4.13 -0.0207492 -0.0229129 0.0383958 0.0436437
4.14 0.00227607 0.0609266 0.0387338 0.0388006
4.15 -0.00501016 -0.0500969 0.0311475 0.0315478
4.16 -0.0144319 -0.200859 0.0115342 0.0184748
4.17 -0.00371177 -0.109197 0.0312612 0.0314808
4.18 -0.0119318 -0.113226 0.0508003 0.0521827
4.19 -0.00792325 -0.0351766 0.044473 0.0451733
4.2 -0.0120214 -0.00178923 0.0773238 0.0782527
4.21 -0.0156395 -0.0574179 0.0386727 0.0417153
4.22 -0.00802402 0.000405855 0.0386032 0.0394283
4.23 -0.00917237 -0.110687 -0.000823814 0.00920929
4.24 -0.00434795 -0.0463602 0.0122526 0.0130012
4.25 -0.00859265 -0.0167452 0.0635715 0.0641496
4.26 0.00391861 -0.069147 0.018743 0.0191482
4.27 -0.0013406 0.0318217 0.0383198 0.0383432
4.28 -0.00780745 -0.120115 0.0249162 0.0261108
4.29 0.00696058 -0.0482153 0.0246547 0.0256184
4.3 -0.0133659 0.0572597 0.03202 0.0346976
4.31 0.000250291 -0.031197 0.0383119 0.0383127
4.32 -0.00538256 -0.0280797 0.0577991 0.0580492
4.33 -0.0157692 -0.0799185 0.0128582 0.0203471
4.34 -0.00884547 -0.0438364 0.0254369 0.026931
4.35 -0.015876 -0.0798652 0.0248513 0.0294895
4.36 -0.00853683 0.0411301 0.0450699 0.0458712
4.37 -0.00741785 -0.071149 0.0516037 0.0521341
4.38 0.0114597 -0.0202723 0.0188681 0.0220756
4.39 -0.023146 -0.0661535 0.0252182 0.0342301
4.4 -0.0118733 -0.0998367 0.0444937 0.0460506
4.41 -0.0137341 -0.00494173 0.038093 0.0404932
4.42 -0.00827925 -0.0441426 0.0641387 0.0646708
4.43 -0.00715838 -0.0538302 0.0511238 0.0516225
4.44 -0.00118567 -0.00842078 0.0255038 0.0255314
4.45 -0.00426652 0.020213 0.083465 0.083574
4.46 -0.00216354 0.0729166 0.0513122 0.0513578
4.47 -0.0176308 -0.212337 0.0635473 0.0659478
4.48 -0.0152015 -0.04848 0.0382843 0.0411919
4.49 -0.000456742 -0.0577854 0.0446088 0.0446111
4.5 -0.00720685 -0.129606 0.0446431 0.0452211
4.51 -0.00255456 -0.185744 0.0503594 0.0504241
4.52 0.00225217 -0.0323529 0.0312236 0.0313047
4.53 -0.0197782 -0.0596232 0.0578454 0.0611332
4.54 -0.0120919 -0.0550423 0.0383214 0.0401838
4.55 -0.00473959 0.0471831 0.0645353 0.0647091
4.56 -0.00465139 -0.0548259 0.037136 0.0374262
4.57 -0.000725686 -0.0220055 0.0576373 0.0576419
4.58 0.00126796 -0.117202 0.0638758 0.0638884
4.59 0.00309864 -0.041586 0.0311374 0.0312912
4.6 -0.00496857 -0.00149638 0.057326 0.0575409
4.61 -0.0119435 -0.0597644 0.0191332 0.022555
4.62 -0.00799349 0.00489561 0.0191126 0.0207168
4.63 0.00346426 -0.0376729 0.0252416 0.0254782
4.64 -0.00618969 0.0354394 0.0374975 0.0380049
4.65 -0.0154921 -0.0886834 0.00638532 0.0167564
4.66 -0.00806821 -0.0799599 0.0508396 0.0514758
4.67 -0.00777207 -0.0309539 0.0446006 0.0452727
4.68 -0.0140355 0.0758717 -0.000272382 0.0140381
4.69 -0.0160949 -0.105918 0.024952 0.0296926
4.7 -0.00408573 -0.024141 0.0127657 0.0134036
4.71 0.0110538 -0.055691 0.0376982 0.0392854
4.72 0.0142953 -0.0267245 0.0509117 0.0528806
4.73 -0.0212529 0.129025 0.038568 0.0440361
4.74 -0.0065674 -0.000347365 0.0441349 0.0446208
4.75 -0.0195264 -0.0505826 0.0250336 0.0317484
4.76 -0.00488198 0.0833277 0.0643861 0.064571
4.77 -0.0189063 -0.10914 0.0641831 0.0669098
4.78 -0.008067 -0.0174048 0.0258838 0.0271118
4.79 -0.0188168 -0.140443 0.0316259 0.0368004
4.8 0.00184083 0.0395716 0.044103 0.0441414
4.81 -0.0035146 -0.0648476 0.0317088 0.0319029
4.82 -0.00775354 -0.0754318 -0.0132619 0.0153621
4.83 -0.00450961 0.0518815 0.0386102 0.0388727
4.84 -0.010094 -0.181512 0.0512934 0.0522771
4.85 -0.00450841 -0.134932 -0.0209884 0.0214672
4.86 -0.00346308 -0.109424 0.0316408 0.0318298
4.87 0.00478531 -0.159213 0.017927 0.0185547
4.88 -0.00401397 -0.126911 0.00562879 0.00691341
4.89 -0.0155639 -0.0794199 0.0512723 0.0535825
4.9 -0.00825283 -0.0349017 -0.000322518 0.00825913
4.91 -0.00276887 -0.1229 0.0565656 0.0566334
4.92 -0.00967281 -0.0874325 0.0243942 0.026242
4.93 -0.00803665 -0.0262869 0.038109 0.0389472
4.94 -0.00772624 -0.0533613 0.044737 0.0453993
4.95 -0.00115778 -0.0303116 0.0252292 0.0252557
4.96 -0.00718971 -0.147401 -0.00123513 0.00729503
4.97 -0.0267209 -0.0815126 0.0443394 0.0517686
4.98 -0.00972669 -0.0159701 0.0184836 0.0208867
4.99 -0.00489277 -0.0101265 0.0382099 0.0385219
5 -0.00379641 -0.149086 0.0306011 0.0308357
5.01 0.00326515 -0.0419455 0.0384919 0.0386302
5.02 -0.00181882 -0.00734389 0.0309696 0.0310229
5.03 -0.00777324 -0.0482295 0.0568786 0.0574073
5.04 -0.0129035 0.0394286 0.0637928 0.0650847
5.05 -0.00398068 -0.0507778 0.0379513 0.0381594
5.06 -0.000522978 -0.0529302 0.0568206 0.056823
5.07 0.0157875 -0.0317036 0.0315195 0.0352523
5.08 0.0188638 -0.0425963 0.0247942 0.0311544
5.09 -0.00345311 -0.122647 0.0507522 0.0508695
5.1 -0.0105759 -0.136318 0.0634081 0.064284
5.11 -0.00792562 -0.0800929 0.0129338 0.015169
5.12 0.00221818 0.083529 0.0321241 0.0322006
5.13 -0.00608536 0.0264217 0.0313273 0.0319129
5.14 -0.00871076 -0.0390965 0.0251533 0.0266189
5.15 -0.00603604 0.0794172 0.0452608 0.0456615
5.16 -0.00842001 -0.00816077 0.0316744 0.0327745
5.17 0.0113924 -0.0740292 0.0251963 0.0276522
5.18 -0.00814876 -0.0175575 0.057998 0.0585677
5.19 0.00278101 0.0609258 0.0580874 0.0581539
5.2 -0.00664504 -0.0314322 0.0053368 0.00852279
5.21 -0.00741132 -0.0490139 0.0320278 0.0328741
5.22 0.0145653 -0.026532 0.0501053 0.0521794
5.23 0.00396637 -0.0692581 0.0316186 0.0318664
5.24 -0.000297796 -0.039739 0.0316156 0.031617
5.25 -0.00825096 -0.0352453 0.0187545 0.0204893
5.26 -0.00905077 -0.0925616 0.0120958 0.0151071
5.27 -0.0196153 -0.00592743 0.0510143 0.0546554
5.28 0.00398827 -0.0290655 0.0129311 0.0135321
5.29 -0.0158698 -0.0526677 0.0385828 0.0417191
5.3 -0.0092387 0.0901063 0.0389108 0.0399926
5.31 -0.0166057 0.033173 0.0449388 0.0479087
5.32 -0.00548183 0.0166078 0.0449921 0.0453248
5.33 -0.00296563 0.162676 0.0129091 0.0132453
5.34 -0.00515616 -0.0590502 0.0508513 0.051112
5.35 0.00233001 0.0347436 0.0319667 0.0320515
5.36 -0.0136936 -0.0136753 0.0377137 0.0401228
5.37 -0.00802787 -0.057722 0.0125268 0.0148784
5.38 -0.0035283 -0.0648144 0.0514891 0.0516098
5.39 -0.0105927 -0.12763 0.0576555 0.0586205
5.4 -0.00421726 -0.0999093 0.0121463 0.0128576
5.41 0.0111281 -0.0374743 0.0628815 0.0638585
5.42 -0.0103458 -0.011164 0.0247206 0.0267982
5.43 -0.0074567 -0.0625781 0.0196685 0.0210345
5.44 -0.00411747 -0.00617263 0.0773099 0.0774195
5.45 -0.00563699 -0.036475 0.044166 0.0445242
5.46 0.00795761 -0.0892178 0.0376118 0.0384444
5.47 -0.00524291 -0.0411004 0.0314183 0.0318527
5.48 -0.00863654 -0.0303085 0.0512123 0.0519354
5.49 -0.0217281 -0.0133983 0.0637827 0.0673821
5.5 -0.0266204 -0.0994955 0.043992 0.0514193
5.51 -0.00888222 -0.00776553 0.0384333 0.0394463
5.52 -0.00903524 -0.0170292 0.038427 0.0394749
5.53 -0.0227714 0.000585855 0.0643545 0.0682645
5.54 -0.00691154 -0.106982 -0.000948011 0.00697625
5.55 -0.015668 0.000283403 0.0774231 0.0789926
5.56 -0.01927 -0.0690538 0.0195073 0.0274202
5.57 -0.00875766 -0.088512 0.0245954 0.026108
5.58 -0.0130456 -0.0364684 0.0506393 0.0522927
5.59 -0.00324623 -0.09134 0.0189182 0.0191947
5.6 -0.0130644 -0.000914082 0.0640468 0.0653657
5.61 -0.00365521 -0.0557306 0.0386525 0.0388249
5.62 -0.0100072 0.073091 0.0512367 0.0522048
5.63 -0.00327173 -0.0963353 0.025172 0.0253838
5.64 -0.031413 -0.0433471 -0.00641069 0.0320604
5.65 -0.000142443 -0.0800011 0.0439389 0.0439391
5.66 -0.000491552 -0.0617918 0.0439073 0.04391
5.67 -0.00582536 0.0530483 0.0059474 0.00832505
5.68 -0.00962046 -0.00269154 0.025052 0.0268357
5.69 -0.00395046 -0.108984 0.0445308 0.0447057
5.7 -0.00483432 -0.0193765 0.0382418 0.0385462
5.71 -0.00773753 -0.0575745 0.0641573 0.0646222
5.72 -0.0129013 0.0793644 0.020037 0.0238312
5.73 -0.00500081 0.00740442 0.0199616 0.0205785
5.74 -0.0118179 -0.068688 0.00571687 0.013128
5.75 -0.00288581 -0.198842 0.0372797 0.0373912
5.76 -0.000272808 -0.0440515 0.0502624 0.0502631
5.77 -0.0199313 -0.0861419 0.0449787 0.0491969
5.78 -0.00780804 -0.133467 0.0314934 0.0324469
5.79 0.00349549 -0.0599063 0.044044 0.0441825
5.8 0.00292997 0.0695559 0.0323221 0.0324546
5.81 -0.00423635 -0.117946 0.0446867 0.0448871
5.82 -0.00870142 0.00519417 0.0194303 0.0212897
5.83 -0.00878772 -0.0345312 0.0510847 0.051835
5.84 -0.0123621 -0.0191021 0.025097 0.0279764
5.85 -0.000713325 0.0540307 0.0386385 0.0386451
5.86 -0.00763351 -0.0398885 0.0448328 0.045478
5.87 -0.00326338 -0.0785882 0.00635042 0.00713985
5.88 -0.00895466 -0.0567918 0.02493 0.0264895
5.89 -0.000427126 -0.0490484 0.0254782 0.0254818
5.9 -0.00235851 0.0950255 0.0453467 0.045408
5.91 -0.0100016 -0.0116126 0.0508495 0.0518238
5.92 -0.0123988 -0.0548336 0.0125333 0.0176299
5.93 -0.00535728 0.0211993 0.057313 0.0575628
5.94 0.000806713 -0.0984139 0.0639361 0.0639412
5.95 -0.00873698 -0.0123256 0.0515596 0.0522946
5.96 -0.00784377 -0.0708531 0.057589 0.0581207
5.97 0.00351023 -0.0910515 0.063311 0.0634082
5.98 -0.0165975 0.0456992 0.0776307 0.0793852
5.99 -0.00964731 0.0683825 0.0320867 0.0335056
6 -0.000823175 -0.0175565 0.057386 0.0573919
6.01 -0.00495366 -0.0192697 0.0448766 0.0451492
6.02 -0.00623533 -0.232917 0.0121577 0.0136634
6.03 -0.017907 -0.0742552 0.0707466 0.0729777
6.04 0.00019793 -0.0224319 -9.59801e-05 0.000219974
6.05 -0.00669505 -0.125071 0.0506379 0.0510786
6.06 -0.000255972 -0.0486329 0.05749 0.0574905
6.07 -0.00831017 -0.124522 0.0314556 0.0325348
6.08 -0.00506432 -0.117239 0.0242725 0.0247952
6.09 -0.00350444 -0.0646991 0.0191043 0.0194231
6.1 0.00780462 -0.0758417 0.031267 0.0322264
6.11 -0.00987536 -0.0563466 -0.00104269 0.00993025
6.12 -0.00500617 -0.00123683 0.031846 0.0322371
6.13 0.0113741 -0.0559132 0.0185674 0.0217743
6.14 -0.00453808 0.0604201 0.0454621 0.045688
6.15 0.00364292 -0.0112186 0.0571151 0.0572312
6.16 -0.00792442 -0.0524522 0.056751 0.0573016
6.17 -0.00892661 -0.00799717 0.0446353 0.0455192
6.18 -0.00411256 -0.046573 0.0575511 0.0576979
6.19 -0.00969923 0.0194725 0.0447661 0.0458048
6.2 -0.00149877 -0.0303668 0.0444303 0.0444555
6.21 -0.00537703 -0.032488 0.0251246 0.0256935
6.22 -0.00498073 -0.041521 0.0382699 0.0385926
6.23 -0.0194438 -0.0240475 0.0322715 0.0376764
6.24 -0.00556526 0.0260639 0.024839 0.0254548
6.25 0.00612149 0.0321748 0.0381779 0.0386655
