0 0.0107346 0.0689884 0.00628581 0.0124396
0.01 -0.0257747 -0.113749 0.0188899 0.0319556
0.02 0.00763766 -0.0539607 0.0119944 0.0142197
0.03 -0.00831944 0.0181997 -0.0383235 0.0392161
0.04 -0.00813008 0.0540699 0.00632468 0.0103005
0.05 0.00245664 0.127638 -0.025655 0.0257724
0.06 -0.00222607 0.0588935 0.031848 0.0319257
0.07 -0.00817427 -0.0262958 0.0185611 0.0202814
0.08 -0.000541434 0.0575945 -0.0182752 0.0182832
0.09 0.000121902 -0.0403457 0.00592087 0.00592213
0.1 -0.00350667 -0.00672097 -0.000782967 0.00359301
0.11 0.00641843 0.0896731 -0.0259079 0.0266911
0.12 0.0102733 0.0424967 0.0190225 0.0216193
0.13 0.00740754 0.0441147 0.0255473 0.0265995
0.14 0.023011 -0.000980795 -0.0262326 0.0348949
0.15 -0.0107957 -0.0561648 0.0185491 0.021462
0.16 -0.0111911 0.0245299 0.0320783 0.0339744
0.17 -0.0119685 -0.0289288 0.0387249 0.0405323
0.18 -0.00988605 -0.195163 -0.0203688 0.0226412
0.19 0.00682938 0.0936385 0.0133865 0.0150279
0.2 -0.000728665 0.0491839 0.0322879 0.0322961
0.21 -0.0120543 -0.0108184 -0.00696172 0.0139202
0.22 -0.0109751 -0.105258 -0.00698584 0.0130098
0.23 0.011766 0.0733486 0.0129658 0.0175086
0.24 0.00251806 0.0563258 0.0262186 0.0263392
0.25 -0.00111115 0.124825 0.00101953 0.00150801
0.26 -0.00574444 0.0747035 -0.0129462 0.0141635
0.27 0.00663026 0.142936 0.0326425 0.033309
0.28 -0.00712369 -0.00942345 0.0130166 0.0148384
0.29 0.00751712 -0.000263085 -0.000503719 0.00753398
0.3 -0.0123406 0.0160504 0.00653147 0.0139624
0.31 0.00430809 -0.0115479 -0.0135313 0.0142006
0.32 0.000901123 -0.103336 0.0121635 0.0121969
0.33 0.00324368 0.0781296 0.045112 0.0452285
0.34 0.00735625 0.0311966 0.025311 0.0263583
0.35 -0.0131989 0.0880132 0.000327858 0.013203
0.36 -0.00731744 -0.0182655 0.0198454 0.0211515
0.37 -0.00591414 0.0394132 -0.0264622 0.027115
0.38 -0.0170008 0.0676326 0.0393132 0.0428317
0.39 0.00281614 0.109396 0.0131643 0.0134622
0.4 0.0120197 -0.0208894 0.0378599 0.0397221
0.41 -0.016951 0.0632947 0.0266896 0.0316176
0.42 0.00201242 0.0431145 0.0123278 0.012491
0.43 -0.00696951 -0.0763902 0.0384943 0.0391201
0.44 -0.00335605 -0.0158506 0.00592246 0.00680725
0.45 0.0119686 0.0103551 0.0193664 0.0227664
0.46 -0.015472 0.00946774 -0.00705024 0.0170026
0.47 -0.000194245 -0.00461447 0.0323281 0.0323287
0.48 -0.00499408 0.0297006 -0.0258667 0.0263444
0.49 0.00494085 0.103907 -0.0260574 0.0265217
0.5 -0.0127006 0.123533 0.0133093 0.0183967
0.51 -0.000118808 -0.0318203 0.0127353 0.0127358
0.52 -0.0151249 -0.0580854 0.012475 0.0196058
0.53 0.00764315 -0.00509981 0.0126936 0.014817
0.54 -0.00867215 0.0806934 0.0259825 0.0273915
0.55 -0.0199442 0.100864 0.0395372 0.0442827
0.56 0.00453292 -0.0118896 0.019233 0.01976
0.57 0.00734001 0.0532368 0.0129812 0.0149127
0.58 -0.00722117 0.00823644 0.00730242 0.0102699
0.59 -0.0174322 -0.212924 -0.000972582 0.0174593
0.6 -0.00404788 -0.0028777 0.0263277 0.0266371
0.61 0.00554482 0.116713 0.00640742 0.00847349
0.62 -0.0148289 -0.0942538 0.0123917 0.0193249
0.63 -0.000141798 0.120021 0.0395072 0.0395075
0.64 -0.000922066 0.0139394 0.0249031 0.0249202
0.65 -0.00829745 -0.0575923 -0.0391728 0.0400419
0.66 -0.00329212 -0.0298104 0.000647225 0.00335514
0.67 0.00283848 0.033625 -0.0128266 0.013137
0.68 -0.0016041 0.0365093 0.00668964 0.00687927
0.69 0.000695856 -0.0585549 -0.0389308 0.038937
0.7 0.00605988 0.02744 0.0189523 0.0198975
0.71 0.00799569 -0.0319429 0.0131195 0.015364
0.72 0.00395252 -0.0741042 0.025268 0.0255752
0.73 -0.0131367 0.0342978 -0.0125832 0.0181909
0.74 -0.000501894 0.00876483 0.0513543 0.0513568
0.75 -0.00828508 -0.00828075 -0.0198787 0.0215361
0.76 0.00663347 0.00920994 -0.000758365 0.00667667
0.77 -0.0034575 -0.020668 0.0388613 0.0390148
0.78 -0.00306719 0.0191717 0.0390566 0.0391768
0.79 -0.00124342 0.0449723 0.0323546 0.0323785
0.8 -0.00392717 0.0285991 0.0326701 0.0329053
0.81 -0.0116886 0.0421173 0.0201561 0.0233001
0.82 -0.00471721 0.0381933 0.0390884 0.039372
0.83 -0.00485946 0.0650702 0.013562 0.0144063
0.84 -0.000171073 0.0754529 0.0453005 0.0453008
0.85 -0.00729735 -0.067191 0.0381537 0.0388453
0.86 -0.00272884 -0.0924917 0.0129126 0.0131978
0.87 -0.000439911 0.00880095 -0.00694323 0.00695715
0.88 0.0031565 0.0602485 0.0123418 0.012739
0.89 -0.0104407 0.0729349 0.0386269 0.0400131
0.9 0.000654073 -0.0405739 0.0119674 0.0119853
0.91 0.00394341 -0.0115169 -0.038478 0.0386796
0.92 -0.00327966 -0.00738534 0.0259199 0.0261266
0.93 -0.00552739 0.0699669 0.0320619 0.0325348
0.94 0.00694743 0.0669673 0.0187916 0.0200348
0.95 -0.00566467 0.149608 0.0266717 0.0272666
0.96 -0.00370893 -0.00674677 0.0128281 0.0133535
0.97 -0.0111891 -0.150048 -0.039677 0.0412245
0.98 -0.00295543 -0.0786362 0.00588615 0.00658645
0.99 -0.015523 -0.0891092 0.0190607 0.0245819
1 -0.00455438 0.0516695 0.0196743 0.0201946
1.01 -0.0101333 0.0862594 0.00644629 0.0120099
1.02 0.00369141 0.00222255 -0.0131173 0.0136268
1.03 0.00697196 0.0309303 0.0255756 0.0265088
1.04 -0.00383178 -0.011518 0.0518988 0.05204
1.05 0.0106727 0.0333017 -0.000146712 0.0106737
1.06 0.00418275 -0.0655033 0.0187799 0.0192401
1.07 0.00443698 -0.141004 0.0178953 0.0184372
1.08 -0.00805363 -0.0174183 -0.0190376 0.020671
1.09 0.00421521 -0.0251817 0.0126266 0.0133116
1.1 -0.00332366 -0.0743792 0.00644053 0.00724757
1.11 0.00714147 -0.00446492 0.0191109 0.0204017
1.12 0.0147042 0.0222081 -0.000749252 0.0147232
1.13 0.0077113 0.0217701 0.0123439 0.0145545
1.14 -0.0130885 0.0926573 0.00729051 0.014982
1.15 -0.00329115 0.0685355 0.0393059 0.0394434
1.16 0.0187042 0.010547 0.0124379 0.0224621
1.17 0.00235621 0.0521146 0.0124424 0.0126636
1.18 -0.00340588 -0.114106 -0.0204732 0.0207546
1.19 -0.00410864 -0.0200108 -0.0130563 0.0136875
1.2 -0.0080253 -0.0712363 -0.0132099 0.0154566
1.21 -0.0158457 0.120726 0.065198 0.0670959
1.22 0.0072159 0.0176949 0.0134547 0.0152676
1.23 0.0115084 -0.0202228 0.00549013 0.0127509
1.24 -0.00756216 0.00818126 0.0265035 0.0275613
1.25 -0.0100005 0.161867 0.0333193 0.0347877
1.26 0.00811439 0.0482441 -0.0258051 0.0270508
1.27 -0.00921391 0.014172 -0.019394 0.0214715
1.28 -0.000163603 0.0533057 0.0199576 0.0199582
1.29 -0.00141862 0.054327 -0.0196106 0.0196619
1.3 -6.30617e-05 0.0484931 0.0644245 0.0644246
1.31 0.0114642 -0.00708244 -0.0200236 0.0230732
1.32 -0.00172396 0.120814 0.000474853 0.00178816
1.33 -0.00386798 -0.0738157 -0.00719303 0.00816707
1.34 -0.00707018 -0.000912832 0.0391458 0.0397792
1.35 0.00756207 -0.00931904 -0.00694446 0.010267
1.36 9.74592e-05 0.106476 0.00767377 0.00767439
1.37 0.0144611 0.0535347 0.0320411 0.0351533
1.38 0.00701376 0.048761 0.0131564 0.0149092
1.39 -0.020907 0.141949 0.0329824 0.0390505
1.4 0.018426 0.0154083 -0.0005269 0.0184336
1.41 -0.0201239 0.00292856 -0.0704048 0.0732244
1.42 -0.0151307 -0.0225654 0.00610212 0.0163148
1.43 -0.0128844 0.0791693 -0.0320572 0.0345495
1.44 -0.00440823 -0.0421511 0.0123428 0.0131063
1.45 0.0158996 -0.00539545 0.0254498 0.0300081
1.46 -0.00119222 0.0270997 0.0191316 0.0191688
1.47 -0.0104456 0.0910375 -0.0129203 0.0166146
1.48 -0.00116578 0.00961588 -0.00703599 0.00713192
1.49 0.0228525 0.0262325 -0.000778542 0.0228658
1.5 -4.49548e-05 -0.0135839 0.0127799 0.01278
1.51 -0.0111395 -0.0252293 -0.0253213 0.0276632
1.52 -0.00021846 -0.00440889 0.0122062 0.0122082
1.53 0.0196352 0.0104114 -0.000446736 0.0196403
1.54 0.000349205 0.0125814 0.0134909 0.0134954
1.55 -0.0143749 -0.143004 0.0181711 0.0231695
1.56 0.0109879 0.0601081 0.0321977 0.0340209
1.57 -0.0113071 -0.0292764 0.0517845 0.0530046
1.58 -0.0191752 -0.0648677 0.019365 0.0272524
1.59 -0.0152033 -0.115894 0.0119699 0.0193499
1.6 -0.00211431 0.143673 0.0327769 0.032845
1.61 0.0108898 0.0512049 0.0385235 0.0400331
1.62 -0.0123086 0.020541 -0.0129591 0.0178728
1.63 0.00448561 0.0108416 0.0251581 0.0255548
1.64 0.00794007 -0.0228756 0.00591169 0.00989913
1.65 0.0111999 0.0200436 0.0185379 0.0216585
1.66 -0.00428648 -0.0332936 -0.000114889 0.00428802
1.67 0.00177764 0.0884471 -0.0193941 0.0194754
1.68 -0.00432652 0.0112709 0.0136022 0.0142737
1.69 -0.0104946 -0.0252208 0.0135777 0.0171607
1.7 0.00608871 0.102959 0.000364591 0.00609962
1.71 -0.00144185 0.0902037 -0.000141593 0.00144879
1.72 -0.00454963 0.0114499 -0.0514791 0.0516798
1.73 -0.00551904 0.0877141 0.0132403 0.0143445
1.74 -0.00049615 0.0136435 0.0189178 0.0189243
1.75 -0.0209498 0.10166 0.000348018 0.0209527
1.76 -0.0196347 -0.0060231 -0.000306999 0.0196371
1.77 -0.00320923 -0.0340856 0.0195645 0.019826
1.78 -0.00499371 0.0202522 0.000147624 0.00499589
1.79 -0.0195334 0.025016 0.0323593 0.0377979
1.8 0.00724347 0.00427591 -0.0195294 0.0208295
1.81 0.000112473 -0.0272821 0.0130632 0.0130637
1.82 -0.00399737 -0.0021951 0.0387213 0.0389271
1.83 -0.00992768 0.125878 -0.0318429 0.0333546
1.84 0.00690426 0.0357847 0.0377881 0.0384137
1.85 -0.00392895 0.0688374 0.0201144 0.0204946
1.86 -0.012031 0.00232751 0.00658292 0.0137142
1.87 0.000108352 -0.0627912 0.00578678 0.00578779
1.88 0.0028709 0.0513069 -0.0126415 0.0129634
1.89 0.0106032 0.0422427 0.0386795 0.0401065
1.9 -0.00412964 0.0114583 0.0323063 0.0325691
1.91 -0.0126021 0.145627 0.0266592 0.0294877
1.92 -0.00186182 0.0457117 -0.0131607 0.0132917
1.93 0.0110973 0.0732247 0.00645153 0.0128364
1.94 0.0031714 0.0424752 -0.000107638 0.00317323
1.95 0.00372946 0.0377938 0.0257 0.0259692
1.96 -0.00150809 0.0188486 0.0124038 0.0124952
1.97 0.00373715 0.0154658 0.0517486 0.0518834
1.98 -0.0123922 0.0831053 0.0265145 0.0292674
1.99 -0.0168061 0.0230647 0.000225115 0.0168076
2 0.0032659 0.0157096 0.0125438 0.012962
2.01 -0.00748558 -0.0804415 0.0123074 0.0144051
2.02 0.0110796 0.0243977 0.0255333 0.0278336
2.03 0.0100026 -0.0282198 -0.0264047 0.0282358
2.04 -0.00927392 0.0634798 0.0194099 0.0215116
2.05 -0.00313241 0.0376421 -0.000872701 0.00325171
2.06 -0.00734214 -0.0674029 0.0192172 0.020572
2.07 -1.62423e-06 -0.00896483 0.00582281 0.00582281
2.08 0.0035318 0.0376069 0.00699599 0.00783693
2.09 0.00645533 0.0361664 -0.000372627 0.00646608
2.1 -0.0125381 0.0516734 0.0263039 0.0291392
2.11 -0.0207997 0.0566997 -0.00628441 0.0217284
2.12 0.00107308 -0.00532978 -0.0255318 0.0255543
2.13 0.00223079 0.0649423 0.0452966 0.0453515
2.14 -0.00462166 0.0514832 0.0320082 0.0323401
2.15 0.00163883 0.048198 -0.0263864 0.0264372
2.16 -0.0157633 0.00507467 -0.000472771 0.0157703
2.17 0.00437103 -0.00697336 0.0319485 0.0322461
2.18 -0.00792323 0.0400976 -0.0128309 0.0150801
2.19 -0.0277354 -0.0101588 0.0125973 0.0304621
2.2 0.00380103 0.0151583 0.0125288 0.0130927
2.21 0.00700151 0.0315164 -0.0133527 0.015077
2.22 0.00268463 0.0562676 0.00620578 0.00676158
2.23 0.0147856 0.00882775 0.0251053 0.0291357
2.24 -0.00821642 0.00900046 0.00690098 0.01073
2.25 -0.00103716 0.11209 0.0389971 0.0390109
2.26 0.000369102 -0.125586 -0.0137974 0.0138024
2.27 -0.0120133 0.00292786 0.0125735 0.01739
2.28 -0.00295001 -0.0341831 0.0324776 0.0326113
2.29 -0.0149905 -0.125169 0.0117693 0.0190586
2.3 -0.00512752 0.0739631 0.0325691 0.0329702
2.31 0.00313516 0.0557466 0.0454809 0.0455889
2.32 0.00262255 0.100715 -0.00626044 0.00678756
2.33 -0.00495843 0.0695183 0.0133106 0.0142042
2.34 -0.000261275 0.0575936 0.0459592 0.0459599
2.35 0.0126625 0.0642233 -0.134482 0.135077
2.36 0.0787418 -0.0390456 -0.865913 0.869486
2.37 0.176333 -0.054831 -1.26519 1.27742
2.38 0.216883 -0.25932 -1.11612 1.13699
2.39 0.287993 -0.112715 -0.820202 0.869294
2.4 0.265745 -0.123189 -0.634402 0.687813
2.41 0.275686 -0.311474 -0.648775 0.70492
2.42 0.203125 -0.117901 -0.916263 0.938509
2.43 0.133017 -0.207304 -1.28649 1.29335
2.44 0.072741 -0.114813 -1.66458 1.66617
2.45 0.0229709 -0.181642 -1.85741 1.85755
2.46 0.0372946 -0.203011 -1.9741 1.97445
2.47 0.0926046 -0.24639 -1.97649 1.97866
2.48 0.162552 -0.0682575 -1.7119 1.7196
2.49 0.184195 -0.156849 -2.10617 2.11421
2.5 0.17228 -0.0684379 -2.51944 2.52532
2.51 0.176428 -0.177624 -2.66812 2.67395
2.52 0.186102 -0.224166 -2.77323 2.77947
2.53 0.217008 -0.288312 -2.82618 2.8345
2.54 0.248435 -0.348023 -2.93306 2.94356
2.55 0.279781 -0.292024 -3.10825 3.12082
2.56 0.297197 -0.213898 -3.1987 3.21247
2.57 0.314598 -0.314058 -3.32824 3.34307
2.58 0.333505 -0.334037 -3.52825 3.54398
2.59 0.31606 -0.332969 -3.61852 3.6323
2.6 0.335359 -0.299713 -3.7688 3.7837
2.61 0.338817 -0.306887 -3.83352 3.84847
2.62 0.34968 -0.321895 -3.85988 3.87569
2.63 0.331031 -0.261015 -3.97393 3.98769
2.64 0.306963 -0.299455 -4.10859 4.12004
2.65 0.289432 -0.32288 -4.42405 4.43351
2.66 0.270714 -0.315824 -4.63047 4.63838
2.67 0.271886 -0.471694 -4.80666 4.81435
2.68 0.282128 -0.389123 -4.89165 4.89978
2.69 0.278397 -0.414057 -4.95082 4.95864
2.7 0.32446 -0.48257 -5.01003 5.02052
2.71 0.342857 -0.4629 -5.21162 5.22288
2.72 0.349804 -0.454222 -5.25121 5.26285
2.73 0.375775 -0.470539 -5.3091 5.32238
2.74 0.376294 -0.46665 -5.31523 5.32853
2.75 0.363819 -0.489852 -5.3927 5.40496
2.76 0.355725 -0.489251 -5.46969 5.48124
2.77 0.36185 -0.492547 -5.6062 5.61786
2.78 0.33758 -0.540481 -5.67609 5.68612
2.79 0.324875 -0.407298 -5.70676 5.716
2.8 0.312767 -0.457719 -5.72594 5.73447
2.81 0.305672 -0.448938 -5.78321 5.79128
2.82 0.299605 -0.472178 -5.86707 5.87472
2.83 0.300902 -0.535021 -5.91265 5.9203
2.84 0.292759 -0.463642 -5.89883 5.90609
2.85 0.278161 -0.525677 -5.89256 5.89913
2.86 0.271418 -0.343331 -5.91681 5.92303
2.87 0.274895 -0.403476 -5.98154 5.98786
2.88 0.277591 -0.468067 -6.05369 6.06005
2.89 0.264842 -0.441491 -6.11259 6.11833
2.9 0.255805 -0.516448 -6.23534 6.24058
2.91 0.223179 -0.559335 -6.28704 6.291
2.92 0.251364 -0.509872 -6.35254 6.35751
2.93 0.27125 -0.575918 -6.38571 6.39147
2.94 0.285228 -0.495885 -6.36605 6.37244
2.95 0.303416 -0.413663 -6.35994 6.36718
2.96 0.280956 -0.50283 -6.3466 6.35281
2.97 0.25037 -0.613341 -6.32707 6.33203
2.98 0.205919 -0.470352 -5.93125 5.93483
2.99 0.0748592 -0.201505 -3.51101 3.5118
3 0.0663625 -0.196323 -3.06087 3.06159
3.01 0.0355531 -0.156289 -3.29668 3.29687
3.02 -0.432481 -0.47247 -7.99957 8.01126
3.03 -0.126542 -0.365774 -8.30413 8.30509
3.04 0.233563 -0.647332 -7.40258 7.40626
3.05 0.661371 -0.677991 -5.00959 5.05306
3.06 0.856474 -0.784862 -3.71198 3.8095
3.07 1.02504 -0.698907 -2.91299 3.08808
3.08 0.967924 -0.81411 -2.95039 3.10511
3.09 0.699559 -0.736237 -3.28549 3.35914
3.1 0.487321 -0.518392 -3.23213 3.26866
3.11 0.314374 -0.476913 -2.80194 2.81952
3.12 0.205155 -0.351273 -2.29958 2.30872
3.13 0.125344 -0.431152 -1.819 1.82331
3.14 0.0641329 -0.307972 -1.43629 1.43772
3.15 -0.0352573 -0.403257 -1.21269 1.21321
3.16 -0.126983 -0.230613 -0.815408 0.825236
3.17 -0.205109 -0.0130813 -0.496843 0.537515
3.18 -0.0901321 0.218427 -0.182009 0.203103
3.19 -0.0218747 -0.164761 0.00586352 0.0226469
3.2 -0.000493162 0.0227493 0.0119806 0.0119907
3.21 -0.00593302 0.04792 0.0191768 0.0200736
3.22 -0.00162278 0.00966666 -0.0397675 0.0398006
3.23 0.00283718 0.00706072 -0.000786676 0.00294423
3.24 -0.00766981 -0.0448319 -0.0128398 0.0149561
3.25 0.0151842 -0.049731 0.0505682 0.0527987
3.26 0.006929 0.107562 0.0320778 0.0328176
3.27 -0.00842805 0.0182547 0.0322401 0.0333235
3.28 -0.000940783 0.00943525 -0.00052524 0.00107747
3.29 0.00562481 0.0635986 -0.000512368 0.0056481
3.3 0.0019639 0.0165016 0.0377458 0.0377968
3.31 0.00450047 -0.0522112 0.0253864 0.0257822
3.32 0.00334026 0.0111465 0.0451806 0.0453039
3.33 -0.00922166 0.0229879 -0.0126124 0.0156241
3.34 0.00712181 0.0444409 0.0259419 0.0269017
3.35 0.018299 0.03376 0.0120138 0.0218902
3.36 0.0017283 0.105976 0.0129053 0.0130205
3.37 0.0114651 -0.0204338 -0.0134464 0.0176707
3.38 0.00636405 0.0182866 0.0254246 0.026209
3.39 0.00587676 0.0322388 0.00548505 0.00803878
3.4 -0.00486221 -0.0238685 -0.000834442 0.00493329
3.41 -0.0027815 0.00183413 0.00537608 0.00605301
3.42 0.00156201 0.119366 0.0514794 0.0515031
3.43 0.00963203 0.132362 0.0514891 0.0523823
3.44 0.00211283 0.0342594 0.0384721 0.0385301
3.45 0.00155991 0.0796298 0.018705 0.01877
3.46 0.0151015 0.0623583 0.0191567 0.0243933
3.47 0.00581817 -0.0210457 0.00527034 0.00785033
3.48 0.000587925 0.0265146 0.0517301 0.0517335
3.49 0.00123516 -0.0812931 0.0445583 0.0445755
3.5 -0.0159345 -0.00791685 0.0573173 0.059491
3.51 -0.00524888 0.0745537 0.0190117 0.019723
3.52 0.0262347 0.0110664 0.0251007 0.0363085
3.53 0.00662463 0.00890115 0.0380997 0.0386713
3.54 -0.00596549 0.00385539 -0.0203606 0.0212165
3.55 -0.00545772 0.110048 0.02625 0.0268114
3.56 0.00326495 0.0691196 0.0448031 0.0449219
3.57 -0.00359054 -0.0337389 0.0707393 0.0708303
3.58 0.00366979 -0.0155111 0.0506239 0.0507567
3.59 0.00131531 0.0927256 0.0319404 0.0319674
3.6 0.00153586 0.159649 0.0450555 0.0450816
3.61 -0.00832386 -0.0441934 0.0189492 0.0206969
3.62 0.00796285 -0.156322 0.0310081 0.0320142
3.63 -0.00430692 -0.0111119 0.045009 0.0452146
3.64 -0.00518182 0.0387285 0.0447322 0.0450313
3.65 -0.00837977 0.00511309 -0.000814296 0.00841924
3.66 0.00630586 -0.0390853 -0.00140312 0.00646008
3.67 -0.00582679 0.0611985 0.0257452 0.0263963
3.68 -0.00138286 0.0807938 0.0261439 0.0261805
3.69 0.00223516 0.0564691 0.0194373 0.0195654
3.7 0.00617428 0.0450938 0.0384148 0.0389078
3.71 -0.0144105 -0.156439 0.018346 0.0233289
3.72 -0.00430851 0.00256296 0.0444933 0.0447014
3.73 -0.00113373 0.0404893 0.012825 0.012875
3.74 0.00182228 0.0793703 -0.00069634 0.00195079
3.75 -0.00313932 0.175775 0.0066352 0.00734038
3.76 0.0153153 0.0128461 0.0315118 0.0350365
3.77 0.0029912 0.0428679 0.0123181 0.0126761
3.78 5.96922e-05 0.0133695 0.0188325 0.0188326
3.79 0.0062892 0.112091 0.038385 0.0388968
3.8 0.00158114 -0.0093337 -0.0269618 0.0270081
3.81 -0.0113624 -0.0201883 0.0194382 0.0225155
3.82 -0.00204958 0.125606 0.0260272 0.0261078
3.83 -0.0199771 -0.00167125 -0.00699887 0.0211677
3.84 -7.65142e-05 -0.0672568 0.0255105 0.0255106
3.85 -0.000707446 0.013791 -0.00737326 0.00740712
3.86 -0.0102053 0.0730639 0.0062803 0.0119829
3.87 0.00984303 0.0165918 -0.00716785 0.0121763
3.88 -0.00975671 0.126132 0.0264219 0.0281657
3.89 0.00599918 -0.00826669 0.0376589 0.0381338
3.9 0.00545975 0.0727617 0.0125632 0.0136983
3.91 0.00753808 -0.000166486 0.0508182 0.0513742
3.92 -0.00632019 0.00791827 -0.0133329 0.014755
3.93 -0.00257559 0.130693 0.0126834 0.0129423
3.94 0.00826138 -0.0674207 0.031291 0.0323632
3.95 -0.0151006 -0.0394347 0.030844 0.0343421
3.96 -0.00441225 -0.0468695 0.0185256 0.0190438
3.97 0.0144066 0.0222238 0.0385034 0.0411104
3.98 0.014811 0.0620496 -0.0062203 0.0160642
3.99 0.0178679 0.0293575 -0.000956662 0.0178934
4 0.00269589 0.0469689 0.0196163 0.0198007
4.01 -0.00201378 0.108271 -0.0127454 0.0129035
4.02 0.00756681 0.0354575 0.0257091 0.0267996
4.03 0.00321407 0.0693926 0.0642425 0.0643229
4.04 -0.0129717 0.106065 0.026393 0.0294084
4.05 0.00632945 0.000927445 0.0313009 0.0319345
4.06 -0.00666547 0.0842554 0.0127112 0.0143528
4.07 -0.00790786 -0.0448185 0.0769606 0.0773658
4.08 6.44336e-06 -0.129822 -0.0139631 0.0139631
4.09 -0.00115352 0.0495002 0.0131339 0.0131845
4.1 0.00352414 -0.0109314 0.0123583 0.012851
4.11 0.00353137 0.0244157 -0.0126804 0.0131629
4.12 0.0135062 -0.0169695 0.0310769 0.033885
4.13 0.00264694 0.00716469 0.0253579 0.0254957
4.14 -0.00398988 -0.126976 0.0246362 0.0249572
4.15 -0.0115494 -0.0108192 0.0123919 0.0169395
4.16 0.00660932 0.0493338 0.0190707 0.0201835
4.17 0.010921 -0.00181931 0.0438667 0.0452057
4.18 -0.00879251 0.0542569 0.0195181 0.0214071
4.19 0.0138081 0.174223 0.0391785 0.0415406
4.2 -0.0049818 0.0428604 0.0325968 0.0329753
4.21 0.00165652 0.186106 0.0263813 0.0264333
4.22 -0.00771774 -0.0580926 0.00600102 0.00977629
4.23 -7.82772e-05 -0.00437864 0.0066156 0.00661606
4.24 0.0108293 -0.0152716 0.0186324 0.0215509
4.25 0.00739396 0.0307969 0.0519048 0.0524288
4.26 -0.00613848 0.0084626 0.031213 0.0318109
4.27 -0.00679845 -0.147637 0.0438315 0.0443556
4.28 0.0106774 0.0472875 0.0190477 0.0218362
4.29 0.00641028 -0.00820817 -0.00105195 0.00649602
4.3 0.00186404 0.0478367 0.0315159 0.031571
4.31 -0.00571171 0.0656816 0.000393347 0.00572524
4.32 -0.00141605 0.0363878 0.0642517 0.0642673
4.33 0.00587192 0.0366485 0.0381596 0.0386087
4.34 0.0112805 -0.0516266 -0.0139978 0.0179775
4.35 -0.00478476 0.0337799 0.0259237 0.0263615
4.36 0.00432045 -0.0384467 0.00609634 0.00747206
4.37 -0.0185543 -0.0819283 0.0504258 0.053731
4.38 0.00612653 0.045205 0.0255398 0.0262644
4.39 0.0182623 0.0379233 0.00597143 0.0192138
4.4 0.00292947 0.0164699 0.00612495 0.00678946
4.41 0.0040423 -0.0562251 -0.000529951 0.00407689
4.42 0.00601989 0.0855166 -0.00016147 0.00602205
4.43 0.00676066 0.0225851 0.0571319 0.0575305
4.44 -0.0144832 0.182911 -0.00622901 0.0157659
4.45 0.0071601 0.0133902 0.0379627 0.038632
4.46 -0.000582939 0.0180812 0.0323157 0.0323209
4.47 -0.00876066 0.112157 0.0322867 0.0334542
4.48 0.00452578 0.189366 -0.0125793 0.0133686
4.49 -0.00484128 0.0697342 0.0127367 0.0136258
4.5 -0.00068672 -0.0395023 -0.0134492 0.0134667
4.51 -0.00351514 -0.00198952 0.0379537 0.0381161
4.52 -0.0045513 0.0112709 0.058483 0.0586598
4.53 -0.000523249 -0.0312476 0.0186496 0.018657
4.54 0.00220322 0.0654905 0.00609766 0.00648349
4.55 0.0147599 0.0263111 0.0512735 0.0533557
4.56 -0.0021258 0.0370065 0.0120635 0.0122494
4.57 -0.0192413 -0.140147 0.0376112 0.0422472
4.58 0.0033702 0.0558546 0.0382728 0.0384209
4.59 -0.00183364 0.0544309 0.0514148 0.0514475
4.6 0.000365047 -0.0493745 0.0444378 0.0444393
4.61 0.00326321 -0.00658613 -0.000194707 0.00326902
4.62 -0.00802698 0.000728971 0.0446647 0.0453802
4.63 -0.0134364 0.0214254 0.0381932 0.0404877
4.64 0.00500982 0.0192682 0.0642385 0.0644336
4.65 -0.00174271 0.0855023 0.045294 0.0453275
4.66 0.00349271 -0.00206974 0.0252717 0.0255119
4.67 0.00775346 -0.0670967 0.0179983 0.0195973
4.68 0.014444 -0.00457968 0.0508842 0.0528945
4.69 0.00046847 0.111407 0.00601227 0.00603049
4.7 -0.00742749 -0.106968 0.0246179 0.025714
4.71 -0.0193986 -0.0730178 0.044448 0.0484967
4.72 -0.00365292 -0.131639 0.011618 0.0121787
4.73 0.0143361 0.0225413 0.00550658 0.0153573
4.74 -0.00239633 0.0596153 -0.0197223 0.0198673
4.75 0.000355112 -0.0135114 0.0189879 0.0189912
4.76 -0.0017915 0.0364302 0.0256583 0.0257208
4.77 -8.13841e-05 -0.0133443 0.0124384 0.0124387
4.78 -0.00142479 0.00953269 0.0314424 0.0314747
4.79 0.0141713 0.0183518 0.0251593 0.0288759
4.8 0.00594013 0.0143557 0.0059113 0.00838026
4.81 -0.00807552 0.0449822 0.0386717 0.0395059
4.82 0.0093075 0.0612656 0.0248678 0.0265525
4.83 0.0153595 -0.0538649 0.0510199 0.0532817
4.84 0.00265781 0.0338356 0.0509912 0.0510604
4.85 0.0141053 0.0938926 0.0573524 0.0590615
4.86 -0.0106049 -0.0337887 0.012319 0.0162549
4.87 0.00389497 -0.0023199 0.0254188 0.0257155
4.88 -0.000881772 0.0226651 0.0194211 0.0194411
4.89 -0.00989014 0.0280679 0.013064 0.0163854
4.9 -0.00738806 -0.00868014 0.0122259 0.0142848
4.91 -0.00925383 0.0277651 0.0322554 0.0335566
4.92 0.0137137 0.0540728 0.032018 0.0348313
4.93 -0.0118168 -0.0113539 0.0322753 0.0343705
4.94 0.0028394 0.00265324 0.0251063 0.0252663
4.95 -0.000983548 0.0181685 -0.000145972 0.000994322
4.96 0.00787725 0.0174873 0.0253999 0.0265934
4.97 -0.00996187 0.0549284 -0.00683362 0.0120804
4.98 -0.00186248 0.211002 0.0583559 0.0583856
4.99 0.00362781 -0.0067784 0.0510031 0.051132
5 -0.00521247 0.0743143 0.0193526 0.0200423
5.01 0.00634846 0.0586984 0.0315348 0.0321675
5.02 0.00708404 0.0222009 0.00568594 0.0090837
5.03 0.000630923 -0.0274771 0.0388894 0.0388945
5.04 0.00293594 0.0516142 0.0576169 0.0576916
5.05 -0.00266531 0.0727555 -0.000355178 0.00268887
5.06 0.00761027 0.01319 0.0247312 0.0258756
5.07 -0.0128436 -0.0724138 0.0248067 0.0279344
5.08 0.00206357 0.00798676 -0.0137544 0.0139084
5.09 0.0228842 0.0398299 0.0313617 0.0388233
5.1 0.0027432 0.0336665 0.0128149 0.0131052
5.11 -0.0162007 0.00508099 0.0192314 0.0251457
5.12 -0.00182854 0.165986 0.0260437 0.0261079
5.13 0.0180189 0.042848 0.0245482 0.0304515
5.14 -0.000899628 0.0539722 0.0324692 0.0324817
5.15 -0.00443149 0.0645918 0.000400827 0.00444958
5.16 -0.00830019 0.0093315 0.0188231 0.0205719
5.17 -0.00153725 0.12496 0.0332578 0.0332933
5.18 0.00216832 0.118838 0.00681541 0.00715203
5.19 -0.0141574 0.0979857 -0.025747 0.0293827
5.2 0.000484797 -0.0362902 0.0574788 0.0574808
5.21 0.00800694 -0.00529149 0.0638908 0.0643905
5.22 0.00399313 -0.0294073 0.0320088 0.0322569
5.23 -0.00844381 0.0228564 -0.000126085 0.00844475
5.24 0.00781137 -0.0670594 0.0182689 0.0198688
5.25 -0.00100577 0.0805885 0.0324223 0.0324378
5.26 -0.00864532 0.00961943 0.0189471 0.0208263
5.27 0.0081883 -0.0589329 -0.00704658 0.0108029
5.28 -0.00481465 0.0025839 5.59696e-07 0.00481465
5.29 -0.0176388 0.0549044 -0.0258076 0.0312595
5.3 0.00763111 0.0133271 0.0257754 0.0268813
5.31 0.00339272 -0.00654454 -0.0194339 0.0197278
5.32 -0.00600027 0.0703735 0.0251721 0.0258774
5.33 0.00543218 0.130624 0.0250607 0.0256427
5.34 -0.0159864 0.0272502 0.033123 0.036779
5.35 -0.0187746 0.260885 -0.0179967 0.0260071
5.36 0.00365605 0.0421775 0.0444554 0.0446055
5.37 -0.0111213 -0.0287334 0.037763 0.0393665
5.38 -0.0153617 0.0180357 -0.00579089 0.0164169
5.39 0.00747808 0.00406344 0.0257691 0.0268322
5.4 0.000182398 0.0261307 0.025812 0.0258126
5.41 0.00636302 0.107687 0.0447681 0.0452181
5.42 -0.00137722 0.032242 -0.0134126 0.0134832
5.43 -0.0110899 -0.136445 0.031521 0.033415
5.44 -0.00755153 -0.0490036 -0.0126612 0.0147422
5.45 0.00362603 0.03346 0.0384474 0.038618
5.46 0.00414857 -0.0335177 0.00516269 0.00662298
