0 -0.0129382 -0.0953776 -0.00537948 0.014012
0.01 -0.00654407 -0.00988325 0.00791331 0.0102687
0.02 -0.0073114 -0.00962295 0.00796047 0.0108086
0.03 -0.0119454 0.0378282 0.00799679 0.014375
0.04 0.00151472 -0.112999 0.0132233 0.0133098
0.05 -0.00363508 -0.0335881 -0.0509809 0.0511103
0.06 0.0119989 0.00151361 -0.0186861 0.0222068
0.07 -0.0237847 0.0582844 0.00798891 0.0250905
0.08 -0.0111203 0.0151058 0.0134437 0.0174469
0.09 -0.0038794 0.0060498 -0.0246471 0.0249505
0.1 0.00210174 -0.0551729 -0.0506247 0.0506683
0.11 0.000868839 -0.0144797 0.020157 0.0201757
0.12 0.000704866 -0.0144236 -0.0183983 0.0184118
0.13 -0.00290675 -0.0163515 0.0200578 0.0202673
0.14 0.00487917 -0.0031914 -0.011853 0.0128179
0.15 -0.0136311 -0.0408887 -0.0182034 0.0227414
0.16 0.0120082 0.0325934 -0.0189463 0.0224312
0.17 -0.00835399 0.00444344 0.0143598 0.016613
0.18 -0.0117788 0.0468976 0.0144757 0.0186624
0.19 -0.00425772 0.0287133 0.0141276 0.0147553
0.2 0.00461514 -0.0345365 0.0197097 0.0202428
0.21 -0.018355 0.0020344 0.00105293 0.0183851
0.22 -0.0110377 0.0418424 -0.0558491 0.0569294
0.23 -0.00180126 -0.137564 -0.00637268 0.00662235
0.24 -0.00240218 -0.0254604 -0.0122189 0.0124528
0.25 -0.0117152 0.0423459 0.0334632 0.0354547
0.26 -0.00657341 -0.0503667 -0.0182485 0.0193963
0.27 -0.0150422 0.0401119 0.0463893 0.0487671
0.28 -0.00660299 -0.036464 -0.00545644 0.00856576
0.29 0.00231066 -0.0642848 -0.0185101 0.0186538
0.3 -0.0105363 -0.016467 -0.0111797 0.0153623
0.31 -0.00329588 -0.016276 0.00124532 0.0035233
0.32 -0.00887039 0.0897939 0.00751648 0.0116267
0.33 -0.00992292 -0.0835059 0.0136006 0.0168357
0.34 -0.018313 -0.0161274 0.00154941 0.0183784
0.35 -0.00465118 0.0693306 0.0139596 0.014714
0.36 -0.00342698 0.0240819 -0.0183241 0.0186418
0.37 -0.00371842 -0.0736365 -0.0253881 0.0256589
0.38 -0.00511853 0.0117582 -0.031611 0.0320227
0.39 -0.0144617 -0.058736 -0.0056661 0.015532
0.4 -0.0141179 -0.0723758 0.000787067 0.0141398
0.41 0.0022864 -0.0775913 -0.00580113 0.00623544
0.42 -0.0119721 0.0782727 -0.0246801 0.0274306
0.43 0.000168353 0.0169174 -0.00492407 0.00492694
0.44 -0.00253906 -0.0966592 -0.00641671 0.0069008
0.45 -0.00454737 -0.00630863 -0.0190064 0.0195429
0.46 -0.00892411 0.0584826 0.0139788 0.0165845
0.47 -0.0220985 -0.0179866 -0.0121977 0.0252414
0.48 -0.0226516 -0.00876789 0.00720394 0.0237695
0.49 -0.000104537 0.026477 0.00106745 0.00107255
0.5 -0.00344647 -0.00714634 -0.00545947 0.00645631
0.51 0.00118853 -0.00541431 0.00126423 0.00173519
0.52 0.0147857 0.0489242 -0.0449034 0.0472751
0.53 -0.00610995 -0.0590732 -0.0185515 0.0195317
0.54 -0.00313739 -0.0567002 -0.0187459 0.0190066
0.55 0.00291152 0.0424331 -0.0119063 0.0122571
0.56 -0.0124504 -0.153493 0.0328173 0.0350996
0.57 -0.00177416 -0.092673 -0.00610448 0.00635707
0.58 0.00403923 0.00145209 0.00695019 0.00803869
0.59 -0.000332738 0.00452166 -0.0444348 0.044436
0.6 -0.0115553 -0.0156573 -0.00544938 0.0127758
0.61 -0.00406934 -0.0378286 -0.0316369 0.0318975
0.62 0.0162533 0.00767677 0.00725788 0.0178002
0.63 -0.0122336 -0.158049 0.0264338 0.0291274
0.64 0.00382862 -0.0200639 -0.00630536 0.00737671
0.65 0.000707082 -0.0188311 0.00749464 0.00752792
0.66 0.00828336 0.0529271 -0.01857 0.0203337
0.67 -0.00650745 -0.0140465 0.0139575 0.0154
0.68 -0.000618372 0.0180182 0.000774135 0.000990792
0.69 -0.00836932 0.00902551 0.00713283 0.0109965
0.7 0.00688511 0.147106 0.0207765 0.0218876
0.71 -0.00479597 0.109722 0.0141704 0.01496
0.72 -0.0183319 -0.0472141 0.0132997 0.0226482
0.73 -0.00722687 -0.0231652 0.00150053 0.007381
0.74 0.00526134 0.0055485 0.0137416 0.0147144
0.75 -0.00662607 -0.00985522 -0.0113647 0.0131552
0.76 -0.0117513 0.0290708 0.00738513 0.0138792
0.77 -0.0186581 0.0150915 0.0140183 0.0233375
0.78 0.00158266 -0.112673 -0.000224982 0.00159857
0.79 -0.0181097 -0.020489 -0.0113067 0.0213495
0.8 -0.00623945 -0.0591148 0.00068777 0.00627724
0.81 -0.0153553 0.0398695 0.0020024 0.0154853
0.82 -0.00500876 0.17665 -0.0115778 0.0126148
0.83 0.000451249 0.00356334 0.00732007 0.00733396
0.84 -0.000219904 0.0622332 0.0138636 0.0138653
0.85 0.0243698 0.00737181 0.000466208 0.0243743
0.86 0.00860621 -0.0279326 0.0136636 0.0161481
0.87 0.00517577 -0.0300924 0.0134409 0.014403
0.88 -0.00205733 -0.0485474 0.0202493 0.0203535
0.89 0.00466134 -0.0251789 -0.0185681 0.0191443
0.9 0.008864 -0.023623 0.000683729 0.00889033
0.91 -0.0067312 -0.0539445 -0.00625306 0.00918748
0.92 -0.00602836 -0.099017 0.0193456 0.0202631
0.93 -0.00560581 -0.0149318 0.00768416 0.00951165
0.94 -0.00310807 -0.0162167 0.00741524 0.00804027
0.95 -0.00302299 -0.0390463 0.000716639 0.00310677
0.96 -0.00380872 0.00180853 0.0140506 0.0145576
0.97 0.0114432 0.0283314 -0.0055016 0.0126971
0.98 0.00176506 -0.0280507 0.00744721 0.00765352
0.99 -0.000752688 0.106765 -0.0115539 0.0115784
1 -0.0200001 0.0430291 0.00776175 0.0214534
1.01 0.007674 0.0220507 -0.0382747 0.0390365
1.02 -0.0135638 -0.184208 -0.0324947 0.0352119
1.03 6.06291e-06 0.00864255 -0.0118843 0.0118843
1.04 -0.00600194 -0.086033 0.000572594 0.00602919
1.05 -0.0107316 0.0150498 0.00711755 0.0128774
1.06 0.00801261 0.0127996 0.0259915 0.0271985
1.07 -0.00445944 0.0156569 -0.0181907 0.0187293
1.08 -0.0101821 -0.0834083 0.00068751 0.0102053
1.09 -0.00801056 0.0802055 0.0401565 0.0409477
1.1 -0.0038964 0.0958081 0.0205377 0.020904
1.11 -0.00853325 -0.214148 -0.00628652 0.0105989
1.12 0.000735553 -0.0273697 0.00064278 0.000976834
1.13 0.00764739 0.115584 0.013813 0.0157886
1.14 -0.00194918 -0.142089 -0.0377003 0.0377507
1.15 0.0100133 0.0340598 0.00785456 0.0127264
1.16 -0.000757847 0.0312 0.000902005 0.00117811
1.17 0.00281268 0.176522 -0.00537047 0.00606243
1.18 0.00324371 0.0556916 -0.0250802 0.0252891
1.19 -0.00646967 -0.000934233 0.00771927 0.0100719
1.2 -0.0191505 0.0109944 -0.0183004 0.0264886
1.21 0.0123229 0.01414 0.000936524 0.0123584
1.22 -0.0180926 -0.0208648 -0.0120099 0.0217159
1.23 -0.00598661 -0.103826 0.0132624 0.014551
1.24 -0.0108203 0.00629551 0.000838998 0.0108528
1.25 0.00039203 0.0795953 0.00783167 0.00784148
1.26 -0.000863184 -0.0800755 0.0521516 0.0521587
1.27 -0.00277728 -0.0389497 0.00715711 0.00767708
1.28 -0.0035152 0.0153062 0.000535824 0.0035558
1.29 -0.00387955 0.0153177 0.000730191 0.00394767
1.3 0.0148305 0.0397073 -0.0250912 0.0291464
1.31 -0.0118175 0.100707 0.0201405 0.0233515
1.32 0.00264555 -0.0600014 0.0463574 0.0464328
1.33 -0.0145852 -0.0273551 -0.00576416 0.0156829
1.34 -0.00165863 -0.0618268 0.0330345 0.0330761
1.35 -0.000214548 0.0576637 0.00744202 0.00744511
1.36 -0.0109305 -0.0117014 0.000453501 0.01094
1.37 0.00408642 0.0373531 -0.0182291 0.0186815
1.38 -0.00716539 -0.000669658 -0.0117433 0.0137568
1.39 -0.00301659 0.00556728 0.00105575 0.003196
1.4 -0.0104498 -0.00236906 0.02618 0.0281885
1.41 -0.00292948 -0.0923555 0.000269486 0.00294185
1.42 0.00788148 0.0437286 0.00729778 0.0107413
1.43 -0.00309292 0.0461246 0.0140713 0.0144073
1.44 -0.00835754 0.0717094 -0.00528877 0.00989038
1.45 -0.00637261 -0.0185745 -0.0117058 0.013328
1.46 0.0048211 -0.00338981 0.01413 0.0149299
1.47 -0.00126367 -0.0265578 0.0268081 0.0268379
1.48 -0.0110438 -0.00295194 -0.00479604 0.0120403
1.49 0.0105295 0.153524 -0.0371702 0.0386328
1.5 6.65057e-06 0.0219949 -0.0184615 0.0184615
1.51 -0.0128639 -0.206317 -0.00717559 0.0147298
1.52 -0.01859 -0.00720125 -0.0182306 0.0260373
1.53 -0.00183147 -0.0793581 -0.0129522 0.0130811
1.54 -0.0039852 0.0286022 -0.0178782 0.018317
1.55 -0.0201015 0.0426196 0.0148077 0.0249667
1.56 -0.0152998 0.0309425 0.00809581 0.0173097
1.57 -0.00857261 0.129533 -0.0240998 0.0255791
1.58 -0.0125384 -0.207185 -0.0384294 0.0404232
1.59 -0.0187234 -0.0334632 -0.00602846 0.01967
1.6 -0.0100767 -0.00334802 0.00779935 0.0127424
1.61 0.00918468 -0.0774353 0.00068585 0.00921025
1.62 -0.00314845 0.0324118 0.0143165 0.0146586
1.63 -0.0119019 0.11411 0.0277173 0.0301646
1.64 0.000963581 0.0747196 0.0401113 0.0401229
1.65 -0.000242012 -0.00450334 0.0194525 0.019454
1.66 0.0162875 0.00775988 0.0136602 0.0212576
1.67 -0.012069 0.0157787 0.000778666 0.0120941
1.68 0.0125782 -0.0121779 0.00681195 0.0143043
1.69 0.00108159 -0.0319049 0.000158666 0.00109317
1.7 -0.000421422 0.142502 -0.00481332 0.00483173
1.71 0.001282 -0.0813632 0.00715561 0.00726955
1.72 -0.00430861 0.109282 0.00127983 0.00449468
1.73 -0.00236429 -0.025699 -0.011878 0.012111
1.74 0.0153925 -0.00927818 -0.0384801 0.0414445
1.75 0.000143803 0.115653 0.0207899 0.0207904
1.76 0.000186052 -0.0315047 -0.0319459 0.0319464
1.77 -0.00621873 -0.0588375 0.000617489 0.00624932
1.78 0.00425071 0.00146568 0.00698831 0.00817955
1.79 -0.0102334 -0.0427558 0.00645939 0.0121015
1.8 -0.00462105 0.0339046 0.0130862 0.0138781
1.81 -0.025871 -0.0467451 -0.00631784 0.0266312
1.82 -0.0116197 -0.0202327 -0.0509286 0.0522373
1.83 -0.0152299 -0.0623794 -0.0250554 0.029321
1.84 -0.00572969 -0.0688864 0.0399948 0.0404031
1.85 -0.00740837 -0.0226124 -0.0123267 0.0143816
1.86 0.000243383 0.0618585 -0.0180338 0.0180355
1.87 -0.00649048 -0.0320023 -0.00566969 0.0086181
1.88 -0.0110959 0.028272 0.00184972 0.011249
1.89 0.00429528 0.0018584 -0.0254667 0.0258264
1.9 -0.0107881 -0.0919877 -0.0062787 0.0124822
1.91 -0.006589 -0.00995499 -0.0121383 0.0138113
1.92 0.00448985 -0.0164877 0.00105031 0.00461106
1.93 0.00536034 -0.128379 -0.0190478 0.0197876
1.94 0.00079397 0.0793242 0.0331167 0.0331262
1.95 0.000735958 -0.0141786 0.0203185 0.0203319
1.96 0.0028988 0.149305 -0.0113147 0.0116801
1.97 -0.0120634 0.0336682 0.0394101 0.0412151
1.98 -0.000585522 0.125101 0.0203022 0.0203106
1.99 -0.0138121 0.00364599 0.00110436 0.0138561
2 -0.0194525 0.03838 -0.00521834 0.0201402
2.01 9.20054e-05 0.034835 0.0144307 0.014431
2.02 -0.00410169 0.0470829 0.00719914 0.00828562
2.03 -0.000590344 0.04043 -0.0188721 0.0188814
2.04 0.000483703 0.0438849 0.00116672 0.00126301
2.05 -0.00903968 -0.12881 0.000518672 0.00905455
2.06 -0.000117123 0.00419215 -0.0253197 0.0253199
2.07 -0.000141213 -0.0625239 -0.0448699 0.0448701
2.08 0.00463317 0.0284584 0.0270007 0.0273953
2.09 0.00211901 0.198943 -0.0109795 0.0111821
2.1 -0.0116519 0.0378138 0.0273123 0.0296939
2.11 -0.0105205 -0.0743381 -0.0121872 0.0161
2.12 -0.00780137 -0.0179664 -0.0247176 0.0259195
2.13 -0.00654181 -0.0675601 0.000432579 0.00655609
2.14 0.000697677 0.155456 0.0344038 0.0344109
2.15 -0.0146149 -0.067819 -0.0570639 0.0589057
2.16 -0.000611033 0.0665356 0.0205497 0.0205588
2.17 -0.0126569 0.0918573 -0.0119321 0.0173946
2.18 0.00387567 -0.0558251 -0.0581623 0.0582913
2.19 -0.00213748 -0.0434784 0.000849919 0.00230026
2.2 0.00854432 -0.0100486 0.0132374 0.0157554
2.21 0.00674003 0.0488922 0.020023 0.021127
2.22 -0.00902141 0.0763035 -0.0179884 0.0201238
2.23 -5.96317e-05 -0.00521852 0.000965236 0.000967076
2.24 -0.0214356 -0.103671 -0.0252969 0.0331574
2.25 -0.01869 0.010762 0.00725528 0.0200488
2.26 -0.0151105 0.0401069 0.00732849 0.0167939
2.27 0.00771753 0.0437846 -0.0312569 0.0321956
2.28 0.00550285 -0.0392911 0.0137822 0.0148401
2.29 -0.0144375 -0.0135219 0.000666124 0.0144529
2.3 -0.00642919 -0.00966789 0.0073394 0.00975711
2.31 0.0116601 0.0237755 -0.011885 0.0166497
2.32 0.0017429 -0.023921 -0.0183755 0.018458
2.33 -0.00942949 0.193004 0.0275465 0.0291157
2.34 -0.0105556 -0.127528 -0.0196481 0.022304
2.35 0.00194766 -0.0326897 -0.00533858 0.00568276
2.36 -0.00328584 -0.0159873 -0.0124735 0.0128991
2.37 -0.0158776 0.10731 -0.0183339 0.0242534
2.38 0.00384688 -0.0114552 -0.0379725 0.0381669
2.39 0.000636305 -0.00940691 0.0261312 0.0261389
2.4 -0.00333528 -0.0116285 -0.0249884 0.02521
2.41 -0.0028676 -0.043458 0.00123854 0.00312364
2.42 0.00480355 -0.0746954 0.0132968 0.0141379
2.43 0.00777584 -0.00976824 -0.0118534 0.0141763
2.44 0.00403073 0.0329082 0.00739327 0.00842065
2.45 0.000848475 -0.0279486 0.000550868 0.00101162
2.46 0.000445893 0.00813287 0.0137416 0.0137488
2.47 -0.00621877 -0.0814772 0.00695602 0.00933056
2.48 0.00447634 -0.0162935 -0.00542232 0.00703129
2.49 0.000224315 0.0438213 0.0145072 0.0145089
2.5 0.0123076 0.0545725 -0.0180924 0.0218818
2.51 0.0527827 -0.0279107 -0.166413 0.174584
2.52 0.165673 0.0639032 -0.730831 0.749375
2.53 0.255367 0.0930068 -0.815575 0.85462
2.54 0.31349 -0.00112101 -0.710137 0.776255
2.55 0.316872 -0.10284 -0.531733 0.618989
2.56 0.287593 -0.0398463 -0.474181 0.554579
2.57 0.198529 -0.0688007 -0.645804 0.67563
2.58 0.101018 -0.0962278 -1.05628 1.0611
2.59 0.000629816 -0.0462776 -1.42061 1.42061
2.6 -0.0590482 -0.0349585 -1.72194 1.72295
2.61 -0.0450833 -0.0792807 -1.89673 1.89727
2.62 0.0486238 -0.0305755 -1.97212 1.97272
2.63 0.143653 -0.0221398 -2.08042 2.08538
2.64 0.24107 -0.144636 -2.09762 2.11143
2.65 0.27108 -0.329258 -1.99172 2.01008
2.66 0.262756 -0.0556735 -2.84281 2.85493
2.67 0.227437 -0.20722 -3.2229 3.23092
2.68 0.237267 -0.225924 -3.38609 3.39439
2.69 0.274041 -0.248874 -3.42789 3.43883
2.7 0.324667 -0.311291 -3.43649 3.45179
2.71 0.328613 -0.237776 -3.53857 3.5538
2.72 0.299791 -0.263967 -3.80893 3.82071
2.73 0.289674 -0.153925 -3.95701 3.9676
2.74 0.254115 -0.296272 -4.22774 4.23537
2.75 0.280584 -0.116196 -4.40793 4.41685
2.76 0.305903 -0.239169 -4.60913 4.61927
2.77 0.323806 -0.312303 -4.72641 4.73749
2.78 0.355915 -0.32252 -4.94147 4.95427
2.79 0.357619 -0.314504 -5.0973 5.10983
2.8 0.382774 -0.324583 -5.26597 5.27986
2.81 0.373614 -0.284102 -5.40055 5.41346
2.82 0.390651 -0.186875 -5.5493 5.56304
2.83 0.410515 -0.346305 -5.69771 5.71248
2.84 0.430279 -0.308523 -5.8789 5.89462
2.85 0.42766 -0.316266 -6.07261 6.08765
2.86 0.444775 -0.379666 -6.24316 6.25898
2.87 0.454868 -0.417508 -6.39886 6.415
2.88 0.475958 -0.336662 -6.47769 6.49516
2.89 0.516938 -0.411749 -6.58884 6.60909
2.9 0.565729 -0.335315 -6.66054 6.68452
2.91 0.58467 -0.427073 -6.80429 6.82936
2.92 0.624023 -0.407096 -7.00447 7.03221
2.93 0.631136 -0.35407 -7.10276 7.13075
2.94 0.640568 -0.333616 -7.13549 7.16418
2.95 0.658794 -0.354589 -7.06527 7.09592
2.96 0.68984 -0.262825 -7.13513 7.1684
2.97 0.689402 -0.423863 -7.18658 7.21958
2.98 0.690859 -0.39737 -7.34838 7.38079
2.99 0.665792 -0.422508 -7.4644 7.49403
3 0.620478 -0.333553 -6.89943 6.92728
3.01 0.485639 -0.124809 -4.48605 4.51226
3.02 0.446665 -0.19284 -3.57296 3.60077
3.03 0.344972 -0.176431 -4.12358 4.13798
3.04 -0.692573 -0.0340842 -9.37051 9.39607
3.05 0.178442 -0.171645 -9.59021 9.59187
3.06 0.575967 -0.257922 -7.33936 7.36193
3.07 1.06619 -0.28291 -4.92536 5.03944
3.08 1.29767 -0.45238 -3.69687 3.91801
3.09 1.28227 -0.758057 -3.47516 3.70419
3.1 0.999832 -0.924799 -3.77251 3.90276
3.11 0.633356 -0.686179 -4.03264 4.08207
3.12 0.398511 -0.494921 -3.62718 3.64901
3.13 0.282756 -0.23664 -2.94378 2.95733
3.14 0.205896 -0.149649 -2.26351 2.27285
3.15 0.174573 -0.152654 -1.70158 1.71051
3.16 0.115644 -0.130368 -1.44526 1.44988
3.17 -0.0193896 -0.421498 -1.27597 1.27612
3.18 -0.171008 -0.0638854 -1.08403 1.09743
3.19 -0.270964 0.0953133 -0.679976 0.731976
3.2 -0.147008 0.105655 -0.217705 0.262692
3.21 -0.0293035 -0.106701 0.0205252 0.0357768
3.22 -0.0167282 -0.0257829 -0.0314738 0.0356431
3.23 0.00481153 -0.0474997 -0.0315391 0.031904
3.24 0.00395691 0.0373115 0.00101012 0.00408381
3.25 -0.00256044 -0.0435056 0.000773681 0.00267478
3.26 0.00355501 0.00173024 -0.0124737 0.0129704
3.27 -0.0072629 -0.0310962 0.00650361 0.00974919
3.28 -0.000282334 0.0894046 0.0136785 0.0136814
3.29 0.000532232 -0.023008 0.0134988 0.0135093
3.3 -0.00729653 0.00855576 0.0328731 0.0336732
3.31 -0.00632419 -0.0853273 -0.000488065 0.006343
3.32 -0.00371404 -0.024796 0.000449027 0.00374108
3.33 -0.00830991 0.0181679 0.000466146 0.00832297
3.34 -0.016701 0.059003 -0.0246836 0.0298028
3.35 -0.00504128 0.0522917 -0.0188253 0.0194886
3.36 -0.00750614 -0.0582193 0.00715356 0.010369
3.37 0.00775837 0.0177763 -0.0193574 0.0208543
3.38 -0.00847251 0.120657 0.0271831 0.0284729
3.39 -0.014452 0.0306533 0.027326 0.0309123
3.4 -0.0107828 -0.0965573 -0.0127003 0.0166603
3.41 -0.000194455 0.021949 0.0202875 0.0202884
3.42 -0.00761141 0.120354 0.00149373 0.0077566
3.43 -0.0241463 0.125871 0.00824468 0.0255151
3.44 0.00543697 -0.123838 0.00665363 0.00859253
3.45 -0.00906713 0.0586352 0.0267454 0.0282405
3.46 -0.00267613 -0.0877237 -0.00664887 0.00716723
3.47 -0.0107404 -0.0920989 0.00659628 0.0126042
3.48 0.00501742 -0.0121468 0.0135177 0.0144188
3.49 -0.00479558 0.0297487 -0.00604567 0.00771672
3.5 -0.00319356 -0.0383455 -0.0257151 0.0259126
3.51 -0.0143492 -0.0179588 -0.0127336 0.0191845
3.52 -0.00805743 0.0496867 -0.0124282 0.0148116
3.53 -0.0107654 -0.0650063 -0.0195034 0.0222773
3.54 -0.000227723 0.0220266 -0.0123679 0.01237
3.55 5.5036e-05 0.0311512 0.0197932 0.0197932
3.56 -0.00830248 0.0401623 -0.0179954 0.0198183
3.57 -0.000538208 0.0355888 0.0138343 0.0138448
3.58 -0.0222782 0.00896903 -0.011812 0.0252158
3.59 -0.00717955 0.0353349 0.0202598 0.0214943
3.6 0.00490044 -0.0389261 0.026131 0.0265865
3.61 -0.00423281 -0.0154942 0.0262555 0.0265945
3.62 0.00841485 0.0125495 0.026138 0.0274592
3.63 -0.0123 0.0472351 0.046105 0.0477175
3.64 0.0164928 -0.0366791 -0.0128931 0.0209343
3.65 -0.0104005 -0.0387948 0.0459074 0.0470708
3.66 -0.0200904 0.0253101 0.00730602 0.0213776
3.67 -0.00321814 -0.0876232 -0.0252289 0.0254333
3.68 -0.00309809 -0.0294401 0.0265291 0.0267094
3.69 -0.00720836 -0.111986 0.0132874 0.0151168
3.7 0.00703922 0.0311166 0.0132411 0.0149959
3.71 0.00376321 0.0111738 0.0452587 0.0454149
3.72 -0.00746017 -0.0180919 0.00747284 0.0105592
3.73 -0.0110323 0.0155693 0.00104204 0.0110814
3.74 -0.0127813 0.0926098 0.00682815 0.0144909
3.75 -0.00538211 -0.180261 0.000131357 0.00538371
3.76 -0.00287158 -0.0923181 0.000540038 0.00292192
3.77 -0.00261645 -0.127925 0.00617738 0.00670864
3.78 0.00742854 0.044413 0.000337799 0.00743621
3.79 -0.00786606 0.089158 0.0204521 0.0219126
3.8 0.00297737 0.00709097 -0.00637732 0.00703811
3.81 0.00418805 -0.0342205 0.000556462 0.00422485
3.82 -0.000230266 -0.0180298 0.00736375 0.00736735
3.83 -0.0170499 0.0770316 0.0266788 0.0316616
3.84 0.000176743 -0.0494125 0.0131288 0.0131299
3.85 -0.0111717 -0.0204116 -0.0307312 0.0326988
3.86 -0.00497465 0.0474169 -0.00590111 0.00771818
3.87 -0.00801291 0.0311827 0.00714289 0.0107344
3.88 -0.012041 0.0246786 0.0139626 0.0184375
3.89 0.00397964 0.0906757 0.0271376 0.0274278
3.9 -0.000487688 0.0180397 0.00667346 0.00669126
3.91 0.0034623 0.0826997 0.00665216 0.00749925
3.92 -0.00248766 -0.097092 0.00039681 0.0025191
3.93 -0.0113757 -0.0734037 -0.0192937 0.0223976
3.94 -0.0174467 -0.190251 0.0124711 0.0214456
3.95 0.00715723 0.107079 0.00738785 0.0102862
3.96 -0.0106256 -0.0876367 0.006383 0.0123954
3.97 -0.0166463 0.116858 -0.0180474 0.0245521
3.98 0.000352919 -0.0277989 -0.0314071 0.0314091
3.99 0.000291185 -0.00911889 0.0262552 0.0262569
4 -0.00649504 -0.0942146 0.000211503 0.00649848
4.01 -0.011051 -0.00623049 0.0130309 0.017086
4.02 -0.00330057 0.104239 0.040109 0.0402446
4.03 -0.00762712 -0.0403526 -0.0186818 0.0201787
4.04 -0.00861001 0.0134661 0.045901 0.0467016
4.05 -0.0028286 -0.0745075 0.0132594 0.0135577
4.06 0.00169533 -0.0321414 0.000345804 0.00173023
4.07 -0.00449859 0.0427634 0.000628568 0.00454229
4.08 0.00133038 -0.0454822 0.00711737 0.00724064
4.09 -0.0130705 0.0253595 0.00715882 0.0149026
4.1 -0.0107247 -0.0204497 -0.0116482 0.0158335
4.11 -0.00892888 0.0764043 0.0138231 0.0164561
4.12 -0.00303863 -0.0121467 0.0396577 0.0397739
4.13 0.0165787 -0.11308 -0.0255974 0.0304972
4.14 -0.00683349 -0.107784 -0.00632718 0.00931288
4.15 -0.00576251 -0.0997594 0.0201338 0.0209422
4.16 0.000839626 -0.0137685 0.0132751 0.0133016
4.17 0.000387402 -0.00525677 0.0200483 0.020052
4.18 0.00375043 0.0154523 0.0068291 0.00779116
4.19 -0.000582999 0.0353769 -0.0051022 0.0051354
4.2 -0.000471537 0.0496106 -0.0252658 0.0252702
4.21 -0.00248782 -0.0972532 0.0266504 0.0267663
4.22 -0.0026586 -0.0164181 -0.00581626 0.00639508
4.23 -0.00313606 0.0375817 0.0267311 0.0269145
4.24 -0.00740427 -0.0138278 0.033242 0.0340566
4.25 -0.00794595 0.0222438 0.0268848 0.0280345
4.26 -0.0026913 0.00988239 0.0271336 0.0272667
4.27 -0.00303324 0.00592344 0.0268976 0.0270681
4.28 0.00356105 0.0821753 0.00120208 0.00375847
4.29 -0.0106558 -0.0830014 -0.00620219 0.0123294
4.3 -0.00434265 0.0290644 0.000911812 0.00443734
4.31 0.000278501 0.0174576 0.0591348 0.0591354
4.32 -0.00287224 -0.0828904 -0.00033322 0.0028915
4.33 0.0171002 -0.0015759 0.0323109 0.036557
4.34 -0.00441503 0.0958419 0.0209644 0.0214243
4.35 -0.0192484 -0.0554033 -0.0122787 0.0228313
4.36 -0.00745678 0.00420501 0.0202114 0.0215431
4.37 -0.022261 -0.0358514 0.0079732 0.0236458
4.38 -0.0157649 0.0715556 0.0274375 0.0316441
4.39 -0.000813346 0.0401269 -0.00519141 0.00525473
4.4 -0.011074 -0.0250413 0.0209117 0.0236629
4.41 -0.0186033 -0.0335706 -0.0126633 0.0225042
4.42 0.000186914 -0.049264 0.000526814 0.00055899
4.43 0.000231645 0.0218143 -0.0119508 0.011953
4.44 -0.00754286 -0.031276 -0.00634172 0.00985455
4.45 -0.00877032 -0.0216753 0.0197832 0.0216401
4.46 0.00439481 -0.02037 0.0323958 0.0326926
4.47 0.000593007 -0.000513878 0.000254919 0.000645477
4.48 -0.00355134 0.0647293 0.00695752 0.00781147
4.49 -0.013767 -0.108184 0.00703585 0.0154607
4.5 -0.00972855 -0.141607 0.0324844 0.0339099
4.51 -0.00376626 0.019779 0.000516901 0.00380157
4.52 -0.0230629 0.0537277 0.0209591 0.0311638
4.53 0.00692224 0.00433733 0.0258544 0.026765
4.54 0.000230937 0.00860217 -0.00648799 0.0064921
4.55 -0.0123707 -0.0284771 -0.037953 0.0399182
4.56 -0.00847751 0.0358243 0.0142617 0.0165911
4.57 0.00238701 -0.175708 -0.000114765 0.00238977
4.58 -0.0101911 -0.0210018 -0.0116638 0.0154888
4.59 -0.00834917 -0.00404936 0.0136422 0.0159944
4.6 0.00107809 0.204678 0.0270168 0.0270383
4.61 -0.00389602 -0.00272165 -0.0252969 0.0255951
4.62 0.00779144 -0.00884511 0.000201816 0.00779405
4.63 0.00258666 0.127519 -0.0186412 0.0188199
4.64 0.00878561 -0.081432 0.00017926 0.00878744
4.65 0.000275008 0.414629 0.0214125 0.0214143
4.66 -0.00977855 0.0767123 -0.030545 0.0320721
4.67 0.00519886 -0.0567012 0.0193517 0.0200378
4.68 -0.0108131 -0.0158726 0.00063462 0.0108317
4.69 -0.016582 0.19244 -0.00509415 0.0173469
4.7 -0.000604269 0.0311762 0.000669572 0.000901925
4.71 -0.00632229 -0.125706 0.0131846 0.014622
4.72 0.0160655 0.0170464 0.000212255 0.0160669
4.73 0.00648183 0.0981729 0.0138699 0.0153098
4.74 0.00383735 -0.00233637 9.12633e-06 0.00383736
4.75 -0.00208375 -0.12423 0.00652178 0.00684658
4.76 -0.0200825 0.109819 0.0141659 0.024576
4.77 0.00306233 -0.0374017 -4.09896e-05 0.0030626
4.78 0.00436692 0.00152079 0.032668 0.0329586
4.79 -0.00433469 0.113574 0.00777166 0.00889877
4.8 -0.00681458 -0.089908 -0.0126146 0.0143376
4.81 -0.0108794 -0.0430862 0.0200614 0.0228215
4.82 0.00775638 0.0352139 0.000678358 0.00778598
4.83 -0.0105537 -0.025238 -0.0118295 0.0158531
4.84 -0.00169223 0.0411072 -0.00616674 0.00639471
4.85 -0.0197019 0.105388 -0.00505444 0.0203399
4.86 -0.0155459 -0.0623393 -0.0131005 0.0203297
4.87 0.000495825 -0.0227686 0.013158 0.0131673
4.88 -0.00761869 -0.0135183 0.0392679 0.0400002
4.89 0.0086226 0.00345776 0.0331166 0.0342207
4.9 -0.00410626 -0.0151295 0.0130778 0.0137073
4.91 0.00338459 0.015463 0.00702345 0.00779643
4.92 -0.0210763 -0.192598 -0.00645809 0.0220435
4.93 0.000510559 -0.0271891 -0.00586797 0.00589014
4.94 -0.0122347 -0.0374329 -0.0125816 0.0175495
4.95 0.0181359 0.109563 -0.0318209 0.0366262
4.96 0.00419939 -0.0340921 0.0130906 0.0137477
4.97 0.00419724 0.0193379 0.0202107 0.0206419
4.98 -0.00348169 0.0113049 0.0388951 0.0390506
4.99 -0.0100147 -0.11033 0.0200821 0.0224407
5 -0.00868471 0.0274777 -0.0127494 0.0154264
5.01 -0.00541659 0.0881441 -0.0189449 0.019704
5.02 -0.00347475 0.00155324 -0.0248606 0.0251022
5.03 0.0072435 0.0306587 0.0198221 0.0211042
5.04 -0.000901265 0.0313722 -0.01147 0.0115054
5.05 -0.00458655 0.0113689 0.000688509 0.00463794
5.06 -0.00250565 -0.0524338 0.00686703 0.00730989
5.07 -0.0078242 0.0311014 0.0144272 0.0164122
5.08 0.00604972 0.067227 -0.0121991 0.0136168
5.09 -0.00285739 -0.0338807 -0.0122391 0.0125682
5.1 -0.0273948 0.0162988 0.00760915 0.0284319
5.11 0.00139879 -0.0905956 0.0325973 0.0326273
5.12 0.0157559 0.00812961 0.00649998 0.017044
5.13 0.00324416 0.0247411 -0.0122858 0.0127069
5.14 0.000541794 0.0173587 0.0134773 0.0134881
5.15 -0.00283033 -0.0116293 -0.00563236 0.00630351
5.16 -0.00434519 0.0425786 0.0266516 0.0270035
5.17 -0.000998728 0.112032 -0.0120542 0.0120955
5.18 0.00192592 -0.0821501 -0.0120283 0.0121815
5.19 -0.000645032 0.00895804 0.0138432 0.0138582
5.2 0.00349715 -0.0292379 -0.0250884 0.025331
5.21 0.00107214 -0.0188414 0.00730032 0.00737863
5.22 -0.00289274 -0.128426 -0.0127269 0.0130515
5.23 -0.00559372 -0.104225 0.0260139 0.0266086
5.24 0.00460429 0.0238058 0.0141768 0.0149057
5.25 0.000207789 0.0216989 0.020434 0.020435
5.26 5.00325e-05 0.0529967 0.0139336 0.0139337
5.27 -0.0148432 -0.0582086 -0.0058829 0.0159665
5.28 0.00463747 -0.051677 -0.0255324 0.0259502
5.29 0.00121917 -0.0636399 0.032983 0.0330055
