0 -0.0044271 -0.0241766 0.00682884 0.00813832
0.01 -0.000856004 0.0582874 -0.00568794 0.00575199
0.02 -0.0269542 -0.00650929 -0.0380734 0.0466489
0.03 -0.00574022 0.0660692 -0.0125519 0.0138022
0.04 -0.0183087 -0.189769 -0.0132336 0.0225906
0.05 -0.0148908 -0.11673 0.00049384 0.014899
0.06 -0.00876526 0.08988 -0.00559099 0.0103966
0.07 -6.90497e-05 -0.0135184 -0.00622751 0.00622789
0.08 -0.000130532 -0.0492248 0.0124792 0.0124799
0.09 -0.029905 -0.14737 -0.0126582 0.0324737
0.1 -0.011999 -0.0734771 0.019379 0.022793
0.11 -0.0261107 -0.118354 0.00653024 0.0269149
0.12 0.00037518 -0.0225014 -0.00646021 0.0064711
0.13 -0.00349292 -0.0244741 -0.0383703 0.038529
0.14 -0.016303 0.134169 -0.0243911 0.0293379
0.15 -0.0102969 -0.047472 -0.037908 0.0392816
0.16 -0.0230409 -0.0710868 -0.0129058 0.0264092
0.17 -0.00712171 -0.0136502 -0.0124827 0.0143713
0.18 9.58377e-05 -0.0896241 0.00640706 0.00640778
0.19 -0.0121909 0.0961812 0.0336942 0.0358318
0.2 -0.00116135 0.0407362 0.000994093 0.00152871
0.21 -0.00802045 0.0266458 0.0205023 0.0220152
0.22 -0.0126691 0.0343759 0.0326825 0.0350522
0.23 -0.00838714 0.0670555 -0.0181152 0.0199626
0.24 -0.0060005 0.0169836 -0.0322257 0.0327796
0.25 -0.00667966 0.0176249 -0.0504096 0.0508503
0.26 -0.0150371 -0.0136412 0.0332052 0.0364513
0.27 -0.00906556 -0.13787 0.0135877 0.0163343
0.28 -0.00809132 -0.0397985 -0.038176 0.039024
0.29 -0.00324448 -0.0607121 6.29723e-05 0.00324509
0.3 -0.00496542 0.0115525 0.0195487 0.0201695
0.31 -0.00873281 0.116991 -0.00628151 0.0107573
0.32 -0.0108699 -0.0958835 -0.0198546 0.0226353
0.33 -0.00683941 -0.0497855 0.00721502 0.00994153
0.34 -0.0043384 0.0113024 -0.0251856 0.0255565
0.35 -0.0194759 0.0250731 0.00749061 0.0208668
0.36 -0.00195075 0.0104136 -0.0325385 0.0325969
0.37 -0.0299045 -0.134018 -0.0192378 0.035558
0.38 -0.0166767 0.0455849 0.000900316 0.016701
0.39 -0.00525088 -0.0321037 -0.0131917 0.0141983
0.4 -0.00763455 0.00443441 0.000322602 0.00764136
0.41 -0.0189445 -0.11374 -0.0125664 0.0227334
0.42 -0.0251724 -0.146183 0.0137522 0.028684
0.43 -0.00797041 -9.63057e-06 -0.0382919 0.0391126
0.44 -0.0113032 -0.00271432 -0.0188261 0.0219587
0.45 -0.0301984 -0.0221226 0.000706528 0.0302067
0.46 -0.0151857 -0.00873829 0.00100112 0.0152187
0.47 -0.0202731 0.0740907 0.0269738 0.0337429
0.48 -0.015396 -0.035618 -0.018197 0.0238363
0.49 -0.0119679 0.0202741 0.0203457 0.0236046
0.5 0.000130288 -0.0667402 -0.0197821 0.0197825
0.51 -0.000925425 0.124742 0.0083013 0.00835273
0.52 -0.0125599 0.0473313 0.0331894 0.0354864
0.53 -0.0160887 0.0496209 0.0327154 0.0364574
0.54 -0.00858682 0.0362199 0.00717767 0.0111916
0.55 -0.00129248 0.0584544 -0.0122368 0.0123049
0.56 -0.0114527 -0.00205697 0.00718043 0.0135175
0.57 0.00283585 0.0295595 -0.0060108 0.00664619
0.58 -0.0137592 0.0168069 -0.0190873 0.0235296
0.59 -0.022347 -0.0311129 -0.0059995 0.0231383
0.6 -0.000635478 -0.0360132 -0.0123397 0.0123561
0.61 -0.0194449 -0.0196195 -0.01876 0.0270193
0.62 0.00352513 0.0555475 -0.0182989 0.0186353
0.63 -0.00492507 0.0337902 -0.018766 0.0194015
0.64 -0.00458286 -0.0103163 -0.0197074 0.0202332
0.65 -0.0203373 -0.00523431 -0.0316708 0.0376384
0.66 -0.0106256 -0.0649969 4.44683e-05 0.0106257
0.67 -0.00499006 0.1012 -0.0315067 0.0318994
0.68 -0.0170909 0.108565 -0.005536 0.0179651
0.69 -0.0325512 0.0818664 -0.0183364 0.0373604
0.7 -0.00351099 -0.00653883 0.00639297 0.00729363
0.71 -0.00870274 0.0680527 0.0256753 0.0271101
0.72 -0.0117197 0.00685649 0.0010489 0.0117665
0.73 -0.0195 0.105092 0.0338417 0.0390577
0.74 -0.0246704 0.117103 0.0468094 0.0529127
0.75 -0.0280311 0.155186 0.0145206 0.0315688
0.76 -0.00878184 -0.0348355 -0.0386829 0.0396672
0.77 -0.0129439 0.15504 -0.00529325 0.0139843
0.78 -0.0162809 0.00072114 0.000708356 0.0162963
0.79 -0.00790895 -0.0804491 -0.0129099 0.0151399
0.8 -0.0197459 0.0116698 0.0137591 0.0240669
0.81 -0.0178086 -0.194488 0.0123029 0.021645
0.82 -0.0149046 -0.00449365 0.00702809 0.0164785
0.83 -0.0123178 0.105265 0.0208576 0.0242233
0.84 -0.00376461 0.00201922 0.0329877 0.0332018
0.85 -0.0148354 -0.000243064 -0.0121217 0.0191579
0.86 -0.0247256 0.0196738 -0.0188555 0.0310948
0.87 -0.0160979 0.0359979 -0.0306971 0.034662
0.88 -0.0167422 0.0771643 -0.0251801 0.030238
0.89 -0.0243043 0.107985 -0.0050158 0.0248165
0.9 -0.0123024 0.0649936 0.0136323 0.0183627
0.91 -0.0132859 0.0522312 0.00114218 0.0133349
0.92 -0.00792767 -0.0849532 -0.0383383 0.0391493
0.93 -0.0146606 -0.0895722 0.0196243 0.0244958
0.94 -0.00403977 0.00655738 0.0139613 0.014534
0.95 -0.00707126 -0.130049 -0.0129746 0.0147764
0.96 -0.00339243 0.0507072 0.00117738 0.00359094
0.97 -0.0188848 -0.0962858 -0.0256915 0.0318855
0.98 -0.019541 0.0162729 -0.00491974 0.0201508
0.99 -0.00859218 0.0407894 0.0135992 0.0160862
1 -0.023575 -0.0439921 0.000208417 0.023576
1.01 -0.0216779 -0.188149 -0.0260656 0.033902
1.02 -0.0197068 -0.0286474 0.000402717 0.0197109
1.03 -0.00673837 -0.0317763 -0.00604868 0.00905495
1.04 -0.0113469 -0.00196959 -0.00592699 0.0128016
1.05 -0.027796 0.0167097 -0.0187904 0.0335514
1.06 -0.00792024 -0.0846623 0.00651286 0.0102541
1.07 -0.0260328 -0.149947 -0.0123107 0.0287968
1.08 -0.0120137 -0.0196922 -0.00622653 0.0135314
1.09 -0.00728167 -0.05824 -0.0125887 0.014543
1.1 -0.0310705 0.0539581 -0.0176737 0.0357454
1.11 -0.00784997 -0.00858876 -0.0122154 0.0145203
1.12 -0.0024361 0.0639406 0.00654989 0.00698825
1.13 -0.0164971 0.0186293 0.000514589 0.0165051
1.14 -0.0196178 -0.00164044 0.00109716 0.0196484
1.15 -0.0157923 -0.0306699 0.000612103 0.0158041
1.16 -0.00779624 0.0932471 0.0275559 0.0286375
1.17 -0.0381606 -0.0886233 0.00672291 0.0387483
1.18 -0.00710682 -0.0540631 -0.0185929 0.0199048
1.19 -0.00992739 0.184187 0.00140879 0.0100269
1.2 -0.0171295 0.0370015 -0.0314369 0.0358008
1.21 0.00361427 0.0333513 0.000774067 0.00369623
1.22 -0.00458908 0.0289663 -0.00553122 0.00718707
1.23 -0.0128281 0.0166712 -0.0319695 0.0344472
1.24 -0.00797354 0.000152446 -0.00597492 0.00996378
1.25 -0.00321442 -0.0161442 -0.00573035 0.00657034
1.26 -0.0196105 0.0204942 -0.0184788 0.0269451
1.27 -0.00176196 0.0143766 -0.00693084 0.0071513
1.28 -0.0203703 0.0210453 0.0264176 0.0333593
1.29 -0.0269301 -0.00657461 -0.0190666 0.0329965
1.3 -0.0117428 0.0202545 0.000603506 0.0117583
1.31 -0.0119441 -0.0022504 -0.00570301 0.0132358
1.32 -0.00508399 0.0383835 -0.0121095 0.0131334
1.33 -0.00458862 0.0647972 0.00780851 0.00905695
1.34 -0.00510604 0.0206695 0.0264925 0.02698
1.35 -0.00850525 0.0230007 0.00677925 0.0108765
1.36 0.000887399 -0.0765779 -0.00634973 0.00641144
1.37 -0.00776146 0.026729 -0.0179768 0.0195808
1.38 0.00036702 -0.0268766 -0.0193544 0.0193579
1.39 -0.0119306 0.0201951 -0.00556641 0.0131652
1.4 -0.0119306 0.0201951 -0.00556641 0.0131652
1.41 -0.0124925 0.0691806 0.00782058 0.0147386
1.42 -0.0260142 -0.149347 -0.00631697 0.0267702
1.43 -0.00454191 0.0155029 0.0139235 0.0146455
1.44 -0.0146122 -0.0536912 0.0195835 0.0244342
1.45 0.000517807 -0.11614 -0.00661527 0.0066355
1.46 -0.0105015 -0.0924546 -0.00556083 0.0118829
1.47 -0.00900577 0.0944817 0.00692424 0.01136
1.48 -0.0191531 -0.0821693 0.000372635 0.0191567
1.49 -0.0165597 0.0723642 -0.011713 0.0202835
1.5 -0.0119576 -0.00205615 -0.0121731 0.0170637
1.51 -0.00373484 0.0109174 -0.0123965 0.0129469
1.52 0.000194767 0.0485964 0.000807545 0.0008307
1.53 -0.00391027 -0.0066118 0.000184925 0.00391464
1.54 -0.00844919 0.0179971 0.00717117 0.0110822
1.55 -0.00316366 0.00606136 -0.00525478 0.00613364
1.56 -0.0339235 -0.117754 -0.00622002 0.034489
1.57 -0.0141045 -0.0538345 -0.018516 0.0232761
1.58 0.00372822 0.0151743 0.00689937 0.00784225
1.59 -0.00798547 0.0402424 -0.00592618 0.00994421
1.6 -0.00699501 -0.0225534 -0.0510376 0.0515147
1.61 -0.0207269 0.0389638 -0.0184626 0.0277574
1.62 -0.00439606 0.0242951 0.0204733 0.0209399
1.63 -0.00934959 0.00552832 -0.0385482 0.0396659
1.64 -0.0152774 0.00433241 0.0140046 0.0207251
1.65 0.00297447 0.03788 0.00708126 0.00768061
1.66 -0.0180796 0.144675 -0.0309762 0.0358664
1.67 0.00317306 0.0740798 -0.012269 0.0126727
1.68 -0.00381298 0.0690733 -0.00559806 0.00677326
1.69 -0.00478817 0.0114829 0.0131845 0.014027
1.7 -0.0248204 0.0277235 -0.0308717 0.039612
1.71 -0.0207967 0.0480854 -0.0310286 0.0373534
1.72 -0.0116496 0.0469184 0.0203756 0.0234708
1.73 -0.0222543 -0.0402799 0.000434739 0.0222586
1.74 0.00838805 -0.0495992 -0.0455575 0.0463233
1.75 -0.0229112 -0.00865074 -0.0308478 0.0384253
1.76 -0.0159639 0.0581554 0.0141968 0.0213635
1.77 -0.0043269 0.0153349 0.0067832 0.00804574
1.78 -0.0152438 -0.00859501 -0.050661 0.0529047
1.79 -0.00369879 -0.00659821 0.000223044 0.00370551
1.8 0.00350803 0.0200728 -0.00579427 0.00677347
1.81 -0.0206446 0.154901 0.00811758 0.0221832
1.82 -0.00845255 0.0183397 -0.0119059 0.0146012
1.83 -0.00758739 -0.00902903 0.0197748 0.0211804
1.84 -0.00887606 0.0143892 -0.00628064 0.0108734
1.85 -0.000597367 0.0448377 0.0138024 0.0138153
1.86 -0.000791583 0.0804598 -0.0249958 0.0250084
1.87 -0.0047046 -0.00596309 -0.0127125 0.0135552
1.88 -0.0175263 0.135275 0.00101369 0.0175556
1.89 -0.00959782 0.0415856 -0.02559 0.0273307
1.9 0.00354816 0.0062989 -0.00605463 0.00701769
1.91 -0.0181226 -0.0563068 0.0202756 0.0271943
1.92 0.000721484 -0.0496555 -0.0257443 0.0257544
1.93 -0.00455538 0.0383369 0.0011123 0.00468922
1.94 -0.0189402 -0.0156965 -0.00510786 0.0196169
1.95 -0.0177958 0.0552709 -0.0446528 0.0480683
1.96 -0.00855965 -0.0439609 -0.0514879 0.0521945
1.97 -0.0267227 -0.0422103 -0.0251899 0.0367237
1.98 -0.0198263 0.0742332 -0.00533537 0.0205316
1.99 -0.0121808 0.0740318 -0.0502194 0.0516755
2 -0.00317882 -0.0694907 -0.00644805 0.00718904
2.01 -0.00545487 0.164273 0.032888 0.0333373
2.02 0.00316665 0.0068264 -0.00626893 0.00702333
2.03 -0.00975833 0.0635969 0.026239 0.0279949
2.04 -0.00934195 0.0991444 0.0199425 0.0220221
2.05 -0.02291 -0.0313106 0.000626825 0.0229186
2.06 -0.012161 0.00230554 0.000680416 0.01218
2.07 -0.000245859 0.0223819 0.013474 0.0134762
2.08 -0.0106803 -0.0519855 -0.0380059 0.0394781
2.09 -0.0152474 -0.0178811 0.00766784 0.0170669
2.1 -0.0277491 0.0298098 -0.0113782 0.0299912
2.11 -0.0109524 -0.00661468 0.00646394 0.0127176
2.12 -0.00854312 0.0581149 -0.0120599 0.0147793
2.13 -0.0124283 0.0206675 -0.0314629 0.0338286
2.14 -0.00141783 0.107434 -0.0185545 0.0186086
2.15 -0.0198128 -0.00217129 0.00146765 0.0198671
2.16 -0.00606632 0.0256011 0.000538919 0.00609021
2.17 0.00384814 0.0284196 -0.00631512 0.00739519
2.18 -0.00551022 0.163932 0.00141736 0.00568959
2.19 -0.00952681 0.0282375 -0.0385225 0.0396831
2.2 -0.0014171 0.165724 0.0398388 0.039864
2.21 -0.0232651 -0.021884 0.0135965 0.0269468
2.22 -0.00690193 -0.0185292 -0.0249301 0.0258679
2.23 0.00366878 -0.00211916 -0.00623109 0.00723093
2.24 -0.0150206 -0.0846829 -0.0126173 0.0196167
2.25 -0.0271869 0.0741496 -0.0111256 0.0293752
2.26 -0.00361281 0.0422338 0.0201995 0.0205201
2.27 0.00297211 0.0647661 0.00110275 0.00317009
2.28 -0.0101797 -0.0208734 0.000870933 0.0102169
2.29 0.00869742 -0.0408434 -0.0255923 0.0270298
2.3 -0.0125753 -0.02804 -0.0193948 0.0231149
2.31 -0.00294267 -0.0429794 0.000556826 0.00299489
2.32 -0.00446791 0.0112608 -0.00594633 0.00743781
2.33 -0.0234379 -0.0302878 -0.00589796 0.0241686
2.34 0.00281358 0.0693398 0.0328953 0.0330154
2.35 -0.00381866 -0.144915 -0.0454987 0.0456587
2.36 -0.0223755 -0.0761449 -0.00515329 0.0229612
2.37 -0.0168325 0.072656 -0.0310987 0.0353619
2.38 -0.0151613 -0.0488413 -0.0439665 0.0465072
2.39 -0.0190677 -0.019965 -0.0113673 0.0221989
2.4 -0.0032361 -0.0203252 -0.0250972 0.0253049
2.41 -0.00876185 0.0318819 0.0394348 0.0403965
2.42 -0.01132 -0.00217731 -0.0443733 0.0457944
2.43 -0.0234939 -0.0571916 -0.0253286 0.0345471
2.44 -0.0158476 -0.0215818 -0.0317343 0.0354713
2.45 -0.00414003 0.0247014 -0.0119443 0.0126415
2.46 -0.015888 0.00440691 -0.0184976 0.0243843
2.47 -0.00354005 -0.0113525 0.019822 0.0201356
2.48 -0.00814241 0.027398 -0.019308 0.0209546
2.49 -0.00432526 0.0910812 0.00150384 0.00457924
2.5 -0.00356688 0.0597215 0.0268573 0.0270932
2.51 -0.0167939 0.0189865 -0.0378779 0.041434
2.52 -0.0264568 -0.0778283 -0.00590143 0.027107
2.53 -0.00690361 0.0307964 0.0392861 0.0398881
2.54 -0.00717446 -0.111582 -0.0328162 0.0335913
2.55 -0.00843324 0.0361961 0.00694524 0.010925
2.56 -0.00742927 -0.0267938 -0.0316935 0.0325526
2.57 -0.0102807 0.224242 -0.00448247 0.0112154
2.58 -0.012363 0.091862 -0.0177553 0.0216355
2.59 -0.0117903 -0.0824082 0.000101392 0.0117908
2.6 -0.0119707 0.0339689 -0.00530856 0.013095
2.61 -0.00648313 -0.0807339 0.00616592 0.00894704
2.62 -0.00698862 -0.0714457 -0.012949 0.0147145
2.63 -0.0116424 -0.100322 -0.038765 0.0404756
2.64 -0.0110826 0.0733364 0.0207838 0.023554
2.65 -0.0134137 0.0564346 -0.0378285 0.0401363
2.66 -0.0148316 -0.138214 0.0126855 0.0195167
2.67 -0.0125092 -0.0236273 -0.00623009 0.0139748
2.68 0.00458426 -0.0204734 0.00624877 0.00775001
2.69 -0.0104233 -0.141181 -0.0132331 0.0168452
2.7 -0.0138804 0.0664199 0.000371541 0.0138854
2.71 -0.0111049 0.0199525 0.0197956 0.0226977
2.72 -0.00952913 0.135077 0.000856799 0.00956757
2.73 -0.00878656 0.0762505 0.00105648 0.00884985
2.74 -0.0194712 0.0338758 -0.0306467 0.036309
2.75 -7.24895e-05 -0.0584552 -0.01263 0.0126302
2.76 -0.0113518 -0.00684874 0.0265095 0.0288378
2.77 0.00796494 -0.0271477 -0.0257193 0.0269244
2.78 -0.0268367 -0.0693127 -0.0186381 0.0326739
2.79 -0.0189189 -0.0287916 0.0265376 0.0325909
2.8 -0.0103191 0.104613 -0.0315614 0.0332055
2.81 0.00279141 0.100194 -0.0312228 0.0313473
2.82 -0.00678091 -0.0269669 3.20347e-05 0.00678099
2.83 -0.020802 0.052655 -0.0246071 0.0322216
2.84 -0.0159663 0.0182601 0.00767489 0.0177152
2.85 -0.0355513 -0.070536 -0.198097 0.201262
2.86 -0.0532617 0.0599662 -0.729648 0.731589
2.87 -0.00975785 0.124495 -1.20869 1.20873
2.88 0.112048 -0.034886 -1.26866 1.2736
2.89 0.231553 -0.0329059 -1.20371 1.22578
2.9 0.275586 0.0287115 -1.2366 1.26694
2.91 0.280157 -0.098983 -1.43597 1.46304
2.92 0.212731 -0.0248943 -1.78215 1.7948
2.93 0.115671 0.0406227 -2.14082 2.14395
2.94 0.0429286 -0.159361 -2.48834 2.48871
2.95 0.042604 -0.0512552 -2.68791 2.68825
2.96 0.10218 -0.18483 -2.97417 2.97593
2.97 0.145867 -0.183952 -3.31882 3.32203
2.98 0.17586 -0.0535765 -3.67694 3.68114
2.99 0.197196 -0.288836 -4.07331 4.07808
3 0.202281 -0.323326 -4.27446 4.27924
3.01 0.246658 -0.394877 -4.46385 4.47066
3.02 0.246101 -0.497811 -4.61226 4.61883
3.03 0.277863 -0.25317 -4.76035 4.76846
3.04 0.284139 -0.26946 -5.01844 5.02648
3.05 0.260308 -0.39161 -5.33395 5.3403
3.06 0.227358 -0.326351 -5.63549 5.64008
3.07 0.220652 -0.303828 -5.80262 5.80681
3.08 0.217096 -0.346229 -5.87989 5.8839
3.09 0.249687 -0.31697 -6.00932 6.0145
3.1 0.254744 -0.235086 -6.24124 6.24644
3.11 0.246859 -0.340665 -6.34545 6.35025
3.12 0.219299 -0.396445 -6.09162 6.09556
3.13 0.175489 -0.170124 -3.82857 3.83259
3.14 0.109261 -0.0309109 -2.61596 2.61824
3.15 0.128578 -0.0663574 -3.8679 3.87004
3.16 -0.560013 0.351622 -9.04335 9.06067
3.17 -0.196322 -0.638812 -9.671 9.67299
3.18 0.176236 -0.742245 -7.8998 7.90177
3.19 0.575141 -0.72747 -6.13065 6.15757
3.2 0.994841 -0.410744 -4.6802 4.78476
3.21 1.25281 -0.671549 -4.04268 4.23235
3.22 1.112 -0.811899 -4.26109 4.4038
3.23 0.678977 -0.720155 -4.89022 4.93713
3.24 0.288504 -0.539976 -5.02537 5.03365
3.25 0.129468 -0.535553 -4.68604 4.68783
3.26 0.139964 -0.374281 -4.06041 4.06282
3.27 0.0643983 -0.475726 -3.6127 3.61327
3.28 0.0778159 -0.400164 -3.24524 3.24617
3.29 0.0897402 -0.306092 -2.91636 2.91774
3.3 0.0930995 -0.336317 -2.60422 2.60588
3.31 0.0368719 -0.428233 -2.28352 2.28382
3.32 0.0232261 -0.1567 -1.84527 1.84541
3.33 -0.00812869 -0.13349 -1.38325 1.38328
3.34 -0.00980605 -0.0529449 -0.90882 0.908873
3.35 -0.0448177 0.194585 -0.467048 0.469193
3.36 -0.0408709 0.083542 -0.169442 0.174302
3.37 0.000430934 0.0530014 0.0493272 0.0493291
3.38 -0.00181904 -0.146958 0.0728521 0.0728748
3.39 -9.68212e-05 -0.117041 0.0127561 0.0127564
3.4 -0.000944753 0.0231503 -0.0513187 0.0513274
3.41 -0.00824026 0.0315248 0.0329466 0.0339614
3.42 -0.0401139 0.108764 0.00752941 0.0408144
3.43 0.00386948 -0.038246 0.0193272 0.0197107
3.44 -0.0212065 0.030588 -0.0123536 0.0245423
3.45 -0.0159007 -0.039541 -0.0318492 0.0355978
3.46 -0.0103384 0.16671 -0.00505472 0.0115079
3.47 -0.0122258 -0.0104183 -0.00602599 0.0136302
3.48 -0.0169425 0.103843 -0.0247241 0.0299722
3.49 -0.0128068 0.123465 0.00127745 0.0128704
3.5 -0.0117356 -0.00191366 0.000399126 0.0117424
3.51 -0.0125737 0.0118557 -0.0128735 0.0179951
3.52 -0.0154448 -0.0311194 -0.0318289 0.0353783
3.53 -0.000800469 0.0720002 -0.00593306 0.00598682
3.54 -0.0209427 0.0927028 -0.00531919 0.0216076
3.55 0.000509816 -0.0630409 0.00593334 0.0059552
3.56 -0.0166083 0.0231114 0.0200436 0.0260304
3.57 -0.0188073 -0.145154 -0.0322512 0.0373343
3.58 -0.0319034 0.0909807 0.0136278 0.0346921
3.59 -0.0158844 -0.0307904 -0.0060608 0.0170014
3.6 -0.0129717 0.00347162 -0.0126257 0.0181018
3.61 -0.000471213 0.102536 0.0271825 0.0271865
3.62 -0.0197626 0.0161109 0.00764658 0.0211903
3.63 -0.0123127 0.00737037 0.000793982 0.0123383
3.64 -0.0119395 -0.0109043 0.0198324 0.023149
3.65 -0.00304281 -0.150249 -0.00663739 0.00730162
3.66 -0.0232108 -0.030791 -0.00544868 0.0238417
3.67 -0.00570017 -0.0502978 -0.0518316 0.0521441
3.68 0.00316665 0.0068264 -0.00626893 0.00702333
3.69 -0.00908754 0.0143756 -0.00631876 0.0110684
3.7 -0.0127772 0.0386961 0.019897 0.0236463
3.71 -0.00365877 0.0247463 0.0135411 0.0140267
3.72 -0.00482037 0.0298128 -0.025055 0.0255145
3.73 -0.00835068 0.0627311 0.0141826 0.0164584
3.74 -0.0125327 0.0161731 0.00753748 0.0146247
3.75 -0.0193284 -0.122177 -0.00696038 0.0205435
3.76 -0.0182294 0.0870225 -0.0382245 0.0423488
3.77 -0.00522443 0.0344508 -0.0259559 0.0264764
3.78 0.000280681 0.00426428 -0.0191116 0.0191137
3.79 -0.0168997 0.028328 -0.0256469 0.0307142
3.8 -0.00817777 0.0805638 0.0328019 0.0338059
3.81 -0.0203282 0.0256845 -0.00567741 0.0211061
3.82 -0.0076886 0.0757358 0.0206656 0.0220495
3.83 0.00633874 0.0408102 0.0514708 0.0518597
3.84 -0.0100352 0.108373 -0.00534238 0.0113687
3.85 -0.0165866 0.0499322 0.0330718 0.0369981
3.86 -0.0118703 -0.00665369 0.000682643 0.0118899
3.87 -0.0338425 -0.166965 0.00629729 0.0344234
3.88 -0.0166226 -0.00341852 0.0518639 0.0544626
3.89 -0.00869586 0.0139966 -0.0187064 0.0206288
3.9 -0.0126037 0.00313837 -0.0188815 0.0227017
3.91 -0.00524632 0.00746889 -0.0127312 0.0137698
3.92 -0.00335504 -0.020238 0.00667621 0.00747182
3.93 -0.00861588 0.0181954 0.0260696 0.0274564
3.94 -0.0167921 0.0813412 0.0136964 0.0216695
3.95 -0.00429416 0.0781155 0.045686 0.0458874
3.96 -0.0160567 0.0446826 0.0140986 0.0213679
3.97 -0.0115421 -0.0958258 -0.0191954 0.0223983
3.98 -0.00952538 -0.0255338 0.0320025 0.0333901
3.99 -0.00590474 0.132726 0.000827796 0.00596249
4 -0.0158255 -0.00420964 0.00730831 0.0174315
4.01 -0.0202452 0.0521999 0.0266985 0.0335064
4.02 -0.0302549 -0.0623787 -0.0121469 0.0326023
4.03 -0.00818218 0.0317233 0.00696416 0.0107447
4.04 -0.0122452 -0.0416466 0.00683866 0.0140254
4.05 -0.0178331 0.0553498 -0.0187407 0.0258696
4.06 -0.0180506 -0.0431115 0.0204416 0.0272706
4.07 -0.00902851 0.0316885 -0.0183294 0.0204324
4.08 -0.00982131 0.206734 0.0333544 0.0347703
4.09 -0.0189744 0.00686012 -0.0178488 0.0260501
4.1 -0.0149777 -0.089512 0.0064406 0.0163038
4.11 -0.0067032 -0.107743 -0.0255664 0.0264306
4.12 -0.00555441 0.0835661 0.0136538 0.0147403
4.13 0.00416866 -0.0292969 -0.0257476 0.0260829
4.14 -0.0164659 0.0363311 -0.0244388 0.0294683
4.15 -0.00818218 0.0317233 0.00696416 0.0107447
4.16 -0.00550457 0.0341099 -0.0125482 0.0137025
4.17 -0.0148375 -0.17482 -0.0253113 0.0293397
4.18 -0.011896 -0.0596947 -0.0193827 0.0227421
4.19 -0.0121901 0.0293994 0.0331507 0.0353209
4.2 -0.0313548 -0.0123579 -0.0189339 0.0366281
4.21 0.00560084 0.0499882 -0.0190034 0.0198116
4.22 -0.0111115 -0.00218252 0.0393715 0.0409094
4.23 -0.0119168 -0.0280645 -0.000273682 0.0119199
4.24 -0.0191177 -0.0553817 -0.00637941 0.020154
4.25 -0.0113389 -0.113559 -0.000335693 0.0113439
4.26 -0.00750844 -0.0178211 -0.0316552 0.0325335
4.27 -0.0130071 0.0792771 0.033145 0.0356059
4.28 0.000115909 -0.0318329 -0.0185001 0.0185005
4.29 0.000697628 -0.0497707 0.00664043 0.00667697
4.3 -0.0194108 -0.0421761 -0.00601911 0.0203226
4.31 0.00354984 0.0111789 0.0200795 0.0203908
4.32 -0.000631785 0.0313826 0.0391158 0.0391209
4.33 -0.000171454 0.031331 0.0132799 0.013281
4.34 0.00337672 0.0376299 0.00722778 0.00797766
4.35 0.00349433 0.00689509 0.0194489 0.0197603
4.36 -0.00827789 0.00914474 0.0138057 0.0160972
4.37 -0.0247049 0.0236943 0.026765 0.0364239
4.38 -0.00766358 0.0222604 0.00741312 0.0106623
4.39 -0.0180441 -0.194436 -0.00674205 0.0192625
4.4 -0.0104307 0.0732642 -0.0253697 0.0274303
4.41 -0.0184308 -0.0960135 0.0131041 0.0226144
4.42 -0.0216199 0.124035 -0.0113953 0.0244391
4.43 -0.00431255 -0.0157906 0.00091411 0.00440836
4.44 0.00681219 0.0405839 0.00696901 0.00974541
4.45 -0.00686058 -0.1794 0.0316976 0.0324315
4.46 -0.0118048 -0.00616435 0.0195489 0.0228366
4.47 -0.00470601 0.0248268 0.000746042 0.00476478
4.48 0.00342288 -0.00237693 0.0135814 0.0140061
4.49 -0.0196069 -0.0373429 0.000294044 0.0196091
4.5 -0.00465191 -0.0238348 -0.0259349 0.0263488
4.51 -0.0223182 -0.12531 0.0134958 0.0260814
4.52 -0.0117048 -0.0467673 0.000401479 0.0117117
4.53 -0.00746537 0.0222875 0.0523708 0.0529002
4.54 -0.00472768 0.0206458 -0.0186208 0.0192116
4.55 -0.0042439 -0.0154633 -0.0125341 0.0132331
4.56 -0.012784 -0.0191088 -0.000117215 0.0127845
4.57 -0.0119098 0.123066 0.0333826 0.0354435
4.58 -0.0069522 -0.0984098 0.0256848 0.0266091
4.59 -0.0134539 0.105859 0.0271606 0.0303102
4.6 -0.00346888 -0.0471792 -0.013025 0.013479
4.61 -0.0186729 -0.0510123 -0.0131893 0.0228612
4.62 -0.0168878 0.0146208 0.0136566 0.0217186
4.63 -0.00792103 -0.0178804 0.00705572 0.0106078
4.64 -0.0114113 -0.0467817 0.0197169 0.022781
4.65 -0.0263314 -0.171926 -0.0131646 0.0294389
4.66 -0.000244496 0.0624583 -0.0313962 0.0313972
4.67 -0.0122043 -0.00605662 -0.0380507 0.03996
4.68 -0.0242715 0.0720769 0.0143023 0.028172
4.69 -0.0124589 -0.014613 -0.0254309 0.0283188
4.7 0.00033362 -0.000577447 0.0135954 0.0135995
4.71 -0.0109994 -0.0827143 -0.0060782 0.012567
4.72 -0.00743441 -0.022405 0.0261195 0.027157
4.73 -0.0158189 0.0632049 -0.0249447 0.0295377
4.74 -0.0194449 -0.0196195 -0.01876 0.0270193
4.75 -0.0236131 -0.0795634 -0.0386082 0.0452567
4.76 -0.000526357 0.0182788 0.00633262 0.00635446
4.77 -0.0122832 0.00273552 0.0133792 0.0181626
4.78 0.00420645 -0.0964798 0.000303295 0.00421737
4.79 -0.0171 0.0813892 0.0141613 0.0222026
4.8 0.00359281 0.0289896 0.0327988 0.032995
4.81 -0.0111322 -0.00245984 0.0394418 0.0409827
4.82 -0.000503712 -0.0309501 -0.00655921 0.00657852
4.83 -0.00878892 0.00963061 0.0328281 0.0339842
4.84 -0.0167919 0.0815022 -0.0125565 0.0209674
4.85 -0.016021 0.0139759 0.00704427 0.0175013
4.86 -0.0163248 0.0363205 0.0202477 0.026009
4.87 0.0181903 -0.00231971 0.0380369 0.0421627
4.88 0.00740136 -0.0312687 -0.013389 0.0152985
4.89 -0.0106933 0.0774475 -0.0116691 0.0158277
4.9 -0.00321206 -0.0430303 0.000248156 0.00322163
4.91 -0.01416 -0.0449074 -0.0246094 0.0283924
4.92 -0.0230423 0.00498255 -0.0121243 0.0260374
4.93 0.000719119 -0.0227692 -0.0317228 0.031731
4.94 -0.00769108 -0.0358217 -0.0125308 0.0147029
4.95 -0.0113914 -0.00236232 0.0265287 0.028871
4.96 -0.0116527 -0.0779914 -0.00624365 0.01322
4.97 0.000851079 -0.027316 0.0263231 0.0263368
4.98 -0.000469478 -0.0176562 -0.00561969 0.00563927
4.99 -0.0164866 -0.0611952 -0.0323091 0.0362724
5 -0.0228081 -0.01785 0.0143742 0.0269597
5.01 -0.00301215 -0.185835 0.0187422 0.0189827
5.02 -0.00709327 -0.0316176 -0.0184588 0.0197748
5.03 -0.0355803 0.0887246 0.00696472 0.0362555
5.04 -0.0120142 0.015978 0.0333637 0.0354609
5.05 -0.00873563 0.00511104 0.0130286 0.0156861
5.06 -0.0158303 0.0137122 0.00715266 0.0173712
5.07 -0.0228712 -0.0172416 0.026226 0.0347979
5.08 -0.00862881 0.0317419 0.0130197 0.0156195
5.09 -0.00786404 0.0582065 0.033247 0.0341644
5.1 -0.00167124 0.0452869 0.0132007 0.013306
5.11 -0.0191841 -0.0107522 -0.0116697 0.0224547
5.12 -0.00303296 -0.0380588 -0.00623744 0.00693574
5.13 -0.0167937 0.0188058 0.0135136 0.0215556
5.14 -0.011278 -0.0112519 0.0328926 0.0347724
5.15 -0.00954371 0.0634484 -0.00603733 0.011293
5.16 -0.0129501 0.0076526 0.00674115 0.0145996
5.17 -0.00102391 0.00914157 0.0327034 0.0327194
5.18 -0.0119238 0.00747551 -0.0317851 0.033948
5.19 -0.00742901 -0.0043348 0.0133595 0.0152861
5.2 -0.0153908 0.013222 0.00764065 0.017183
5.21 -0.00673527 -0.134873 0.00026017 0.00674029
5.22 -0.00957859 -0.190471 0.00641232 0.0115268
5.23 -0.0136612 0.253717 -0.00510337 0.0145833
5.24 -0.026704 -0.140299 -0.0387802 0.0470851
5.25 -0.0169449 0.0318788 -0.0240337 0.0294066
5.26 -0.0186141 -0.149664 -0.0325028 0.0374556
5.27 -0.00524285 0.14557 0.0335638 0.0339708
5.28 -0.0211828 0.056925 0.0208662 0.0297339
5.29 -0.00723144 0.0532064 0.0334827 0.0342547
5.3 -0.0144718 -0.0629693 0.0388934 0.0414985
5.31 -0.0149532 -0.15634 -0.000234056 0.0149551
5.32 -0.0121786 -0.00124205 0.00708766 0.0140909
5.33 -0.0149978 -0.0179468 -0.0182062 0.0235881
5.34 -0.000395477 -0.0218984 -0.0254895 0.0254926
5.35 -0.00421484 0.0025612 -0.031426 0.0317074
5.36 -0.00337453 -0.0514663 0.0195409 0.0198301
5.37 -0.0092176 0.0236214 0.0131591 0.0160663
5.38 -0.0232834 -0.00376805 0.00696817 0.0243037
5.39 0.0107994 0.0199907 -0.0128087 0.0167538
5.4 -0.00334163 -0.145665 -0.0195338 0.0198176
