0 -0.00562311 0.0703698 -0.0450803 0.0454296
0.01 0.00685472 0.11607 -0.031399 0.0321385
0.02 -0.00369509 0.00659209 -0.0386693 0.0388454
0.03 -0.0112662 0.0690289 -0.0443142 0.0457239
0.04 -0.00496409 0.0783535 -0.063615 0.0638084
0.05 -0.0106993 0.229255 -0.0632456 0.0641442
0.06 -0.00989317 0.264566 -0.0244762 0.0263999
0.07 -0.00237819 0.264162 -0.0238654 0.0239836
0.08 -0.0109842 0.108945 0.00130299 0.0110612
0.09 0.0190022 0.0462004 -0.0457925 0.0495786
0.1 0.00725296 0.0669595 -0.0319516 0.0327645
0.11 -0.00523258 0.203535 -0.031243 0.0316781
0.12 -0.000446821 0.0265822 -0.00598442 0.00600108
0.13 -0.0128823 0.217431 -0.0120158 0.0176162
0.14 -0.0059236 0.244168 0.00784098 0.009827
0.15 -0.000614783 0.0445595 -0.0446954 0.0446997
0.16 0.0034318 0.109018 -0.0441047 0.044238
0.17 -0.00523181 0.0831825 -0.0377921 0.0381525
0.18 -0.0081977 0.0628689 -0.0123028 0.0147838
0.19 -0.0117578 0.087231 -0.00532623 0.012908
0.2 -0.00656919 0.160122 -0.0444639 0.0449465
0.21 -0.0162569 0.170049 -0.0244293 0.0293441
0.22 -0.00187098 0.188253 -0.031547 0.0316024
0.23 -0.000143454 0.0804675 -0.0446599 0.0446602
0.24 0.0133908 0.224031 -0.0120734 0.01803
0.25 0.00608906 0.107999 0.000242577 0.00609389
0.26 -0.00247812 0.152969 -0.0253588 0.0254796
0.27 -0.00453771 0.0739531 -0.0125067 0.0133044
0.28 -0.0139566 0.2179 -0.0377567 0.0402536
0.29 -0.0123556 0.105667 -0.00573679 0.0136225
0.3 0.0112858 0.11824 -0.00611774 0.0128373
0.31 -0.0120442 0.0424375 -0.0185075 0.0220814
0.32 0.00133511 0.0528819 -0.037935 0.0379585
0.33 -0.0128647 0.150152 -0.037286 0.039443
0.34 -0.00421805 0.0871033 -0.0633539 0.0634941
0.35 -0.0150902 0.165084 -0.0637117 0.0654743
0.36 -0.00444183 0.109904 -0.0510646 0.0512574
0.37 -0.0084709 0.0941112 -0.0444836 0.0452829
0.38 0.00054968 0.0710775 0.00687849 0.00690042
0.39 -0.00868057 0.076499 -0.0383045 0.0392758
0.4 0.00215466 0.159108 -0.044528 0.0445801
0.41 -0.011905 0.0518746 0.000164603 0.0119061
0.42 -0.00182023 0.116952 0.00667806 0.00692168
0.43 -0.0178006 0.215861 -0.05066 0.0536963
0.44 -0.00725875 0.017925 -0.0190533 0.0203892
0.45 -0.00171421 0.130411 -0.0381451 0.0381836
0.46 -0.00473684 0.0964051 -0.0375499 0.0378475
0.47 0.00109747 -0.0589853 0.0126098 0.0126575
0.48 -0.00302248 0.0102966 -0.0187763 0.0190181
0.49 0.00205378 0.14126 -0.0575179 0.0575546
0.5 -0.00288753 0.175387 -0.025301 0.0254652
0.51 -0.0121661 0.149565 -0.0238856 0.0268055
0.52 -0.00907961 0.12561 -0.0377525 0.038829
0.53 -0.0144694 0.235984 -0.0249514 0.0288433
0.54 -0.0107261 0.229463 -0.0247993 0.0270195
0.55 -0.00827587 0.0983851 0.000834162 0.00831781
0.56 -0.0107832 0.00619575 6.54101e-05 0.0107834
0.57 -0.00365147 0.0773486 0.00136224 0.0038973
0.58 -0.0242566 0.183762 0.00146485 0.0243008
0.59 -0.0209109 0.123757 -0.0368504 0.04237
0.6 0.0180142 0.1406 -0.0128419 0.022123
0.61 -0.00920874 0.112376 -0.0381891 0.0392837
0.62 -0.00865945 0.116692 -0.056992 0.0576461
0.63 0.000669178 0.0617028 -0.0251335 0.0251424
0.64 -0.000649166 0.0537442 -0.0257205 0.0257287
0.65 -0.0113035 0.0331171 -0.0054863 0.0125646
0.66 0.00707598 0.089488 0.0194663 0.0207124
0.67 -0.0242327 0.0903708 0.00683022 0.0251769
0.68 -0.0222966 -0.048985 -0.0192218 0.0294383
0.69 -0.0115516 0.0825463 -0.0242438 0.0268552
0.7 -0.00843667 0.0941943 -0.0380812 0.0390046
0.71 -0.0109227 -0.0379361 -0.0515031 0.0526486
0.72 -0.0200911 0.0614624 -0.0318633 0.0376686
0.73 0.00192114 0.141381 -0.00596424 0.00626601
0.74 -0.000420606 0.0665927 -0.0318479 0.0318506
0.75 -0.000315091 0.0893394 -0.0764355 0.0764362
0.76 0.0105703 0.189889 0.00116501 0.0106343
0.77 -0.0131533 0.177484 -0.0188464 0.0229825
0.78 -0.00475306 0.087614 -0.0130611 0.0138991
0.79 0.0102832 0.118713 -0.0513685 0.0523876
0.8 0.00772101 0.0354522 -0.0582306 0.0587402
0.81 -0.0103952 0.103956 -0.0126846 0.0163999
0.82 -0.00109308 0.107826 0.0132273 0.0132724
0.83 -0.0308889 0.0945781 -0.0179954 0.0357486
0.84 -0.0193081 -0.0243297 -0.0515973 0.0550916
0.85 0.0013124 0.146496 -0.0385847 0.038607
0.86 -0.0164449 0.130235 -0.0382356 0.0416221
0.87 -0.00623796 0.17322 -0.0313848 0.0319987
0.88 -0.00735328 0.0220509 -0.0253662 0.0264105
0.89 -0.000724333 0.111577 -0.024983 0.0249935
0.9 0.00252723 0.0475279 -0.0642696 0.0643193
0.91 -0.0152044 0.0937369 -0.0447303 0.0472438
0.92 -0.00886686 0.174626 0.0204378 0.0222784
0.93 -0.00970507 0.085802 -0.0318541 0.0332997
0.94 -0.0125531 0.154802 -0.0187953 0.0226018
0.95 -0.0096911 0.214945 -0.0497937 0.050728
0.96 -0.00802284 0.0670458 -0.018307 0.0199878
0.97 0.0100377 0.141076 -0.0127559 0.0162317
0.98 -0.00166723 0.197082 -0.0247267 0.0247828
0.99 -0.00124636 0.192249 -0.0759212 0.0759315
1 0.010425 0.091856 -0.0509806 0.0520356
1.01 -0.00660004 0.249117 -0.0375849 0.03816
1.02 -0.00850903 0.0941906 -0.0185708 0.0204274
1.03 -0.00301551 0.0682626 -0.0250151 0.0251962
1.04 -0.00981108 0.165849 -0.0247803 0.0266519
1.05 -0.00708521 0.155729 0.00699438 0.00995598
1.06 -0.00443178 0.113935 -0.0190927 0.0196003
1.07 -0.0113928 0.055494 -0.0759533 0.076803
1.08 0.00555429 0.156757 0.00032438 0.00556376
1.09 -0.00572437 0.0657135 -0.0383944 0.0388188
1.1 0.00257129 0.140904 -0.00543809 0.00601534
1.11 -0.00974045 0.135225 -0.0254349 0.0272362
1.12 -0.0110739 -0.0647985 -0.0452922 0.0466263
1.13 -0.00780508 0.0400109 -0.0446049 0.0452826
1.14 0.00219854 0.248581 -0.00513362 0.00558459
1.15 -0.0115699 0.0780225 -0.0245336 0.0271248
1.16 0.00392634 -0.00709657 -0.0194496 0.0198419
1.17 -0.0177279 0.148763 -0.0182067 0.0254118
1.18 -0.00419336 0.020095 -0.0186364 0.0191023
1.19 -0.00910566 0.129902 -0.03126 0.0325592
1.2 -0.00881274 0.130047 -0.0381982 0.0392016
1.21 -0.0207864 0.0749181 -0.0316495 0.0378651
1.22 -0.0100204 0.157685 -0.0446163 0.0457277
1.23 0.00378512 0.0689633 -0.0382159 0.0384029
1.24 -0.017014 0.0772938 -0.076881 0.0787411
1.25 -0.00894371 0.0767589 -0.0189031 0.0209121
1.26 -0.0240708 0.108094 -0.0122238 0.0269968
1.27 -0.00919837 0.139069 -0.0376949 0.038801
1.28 0.0037764 0.0776186 -0.00518136 0.00641153
1.29 0.000165314 0.0400205 -0.0063155 0.00631766
1.3 -0.00706753 -0.0224169 -0.0326428 0.0333992
1.31 -0.0114004 0.0867689 -0.0241162 0.0266751
1.32 -0.0118197 0.0424167 -0.0382498 0.0400344
1.33 -0.00964654 0.121831 -0.0444992 0.0455328
1.34 0.000396139 -0.0766103 -0.0454843 0.045486
1.35 -0.000467636 0.071765 -0.0699859 0.0699874
1.36 0.00325059 0.0828668 -0.0447781 0.044896
1.37 -0.0075836 0.0531838 0.0138961 0.0158308
1.38 -0.00697172 0.0441631 -0.031488 0.0322505
1.39 -0.00779753 -0.0357476 -0.025677 0.0268348
1.4 -0.0113713 -0.011051 -0.0262875 0.0286415
1.41 -0.0225023 0.0358334 -0.00633859 0.023378
1.42 -6.86231e-05 0.102608 -0.0251776 0.0251777
1.43 -0.00237606 0.143951 -0.031529 0.0316184
1.44 0.00312151 0.0960165 -0.00586252 0.00664176
1.45 -0.0125705 0.0833561 -0.0185141 0.0223783
1.46 -0.00436124 0.140665 -0.0183281 0.0188398
1.47 -0.00105811 0.111993 -0.0123248 0.0123701
1.48 0.00208108 0.106017 -0.0512154 0.0512577
1.49 -0.0157755 0.120931 -0.0308425 0.0346429
1.5 -0.00135247 0.210697 -0.0120587 0.0121343
1.51 -7.64139e-05 0.0887839 -0.0120575 0.0120577
1.52 -0.0096708 0.108525 -0.0317902 0.0332287
1.53 0.00501558 0.215146 -0.0184335 0.0191037
1.54 -0.00215333 0.0455843 -0.0899298 0.0899556
1.55 -0.0105772 -0.0918142 -0.0324942 0.0341724
1.56 0.0102492 0.118449 -0.00637862 0.012072
1.57 -0.00864475 0.0629072 -0.0313865 0.0325552
1.58 0.00067713 -0.0272473 -0.0258808 0.0258896
1.59 0.011158 0.068873 -0.0510923 0.0522965
1.6 0.00356053 0.0823352 -0.0250509 0.0253027
1.61 -0.0203532 0.105884 -0.0307191 0.03685
1.62 -0.00603365 0.195401 -0.0311423 0.0317214
1.63 -0.0115075 0.0695462 0.000155474 0.0115085
1.64 -0.00922814 0.130171 0.00768923 0.0120118
1.65 -0.0135587 0.248762 -0.0180894 0.0226067
1.66 -0.00570687 0.114379 -0.0312232 0.0317405
1.67 -0.0109774 -0.0158376 -0.0127815 0.0168484
1.68 -0.000931946 0.192331 -0.00528389 0.00536544
1.69 -0.0124836 0.0655674 -0.025334 0.0282428
1.7 -0.00794884 0.0760145 -0.0436396 0.0443577
1.71 0.00284875 0.0963083 -0.0252489 0.0254091
1.72 9.80673e-05 0.102409 -0.044076 0.0440761
1.73 0.00652185 0.0272256 -0.0391987 0.0397376
1.74 -0.00841242 0.0848611 -0.0444511 0.0452401
1.75 -0.0163349 0.0764087 -0.0382717 0.0416119
1.76 -0.00551664 0.199613 -0.0312091 0.0316929
1.77 0.00247597 0.114563 -0.0191487 0.0193081
1.78 0.0032681 0.131533 -0.0376064 0.0377481
1.79 -0.00398991 -0.0334699 -0.0131145 0.013708
1.8 0.0020875 0.230584 -0.00551908 0.00590067
1.81 -0.0156468 0.071609 -0.00545024 0.0165689
1.82 0.00667405 0.0806314 -0.0323111 0.0329932
1.83 0.00312269 0.0691504 -0.0250226 0.0252167
1.84 -0.0122353 0.0295101 -0.0382923 0.0401996
1.85 -0.0190569 0.02022 -0.0185647 0.0266048
1.86 -0.0042463 0.0917182 -0.0508006 0.0509777
1.87 -0.0127153 0.123747 -0.0183032 0.0222864
1.88 -0.00863559 0.0900828 -0.0510838 0.0518086
1.89 0.00647092 0.0983649 -0.0511708 0.0515784
1.9 -0.000263153 0.093766 -0.0183487 0.0183506
1.91 -0.00779289 0.0717442 -0.0442327 0.044914
1.92 -0.00774019 0.0271479 -0.0191621 0.0206663
1.93 -0.00509439 0.025205 -0.0454344 0.0457191
1.94 -0.0137285 0.204045 -0.0307296 0.0336568
1.95 0.00639935 0.10779 -0.0325368 0.0331601
1.96 -0.0047456 0.132248 -0.0378612 0.0381575
1.97 -0.0104725 -0.0384781 0.0129106 0.016624
1.98 -0.00736938 0.0131197 0.000236962 0.00737319
1.99 0.00205641 0.0832625 -0.0124921 0.0126602
2 -0.00459899 0.0742585 -0.0318549 0.0321852
2.01 0.00317464 0.113976 -0.00574762 0.00656609
2.02 0.0180657 0.118664 -0.019249 0.0263988
2.03 0.00271986 0.132259 -0.0189254 0.0191199
2.04 -0.0320804 0.148402 -0.0371568 0.0490895
2.05 -0.00737474 0.0176892 0.00665851 0.00993592
2.06 -0.00924689 0.112456 -0.0122769 0.0153697
2.07 -0.00136885 0.179307 -0.0315092 0.0315389
2.08 0.0142083 0.0849121 -0.0576636 0.0593883
2.09 -0.00474304 0.118734 -0.0635985 0.0637751
2.1 0.000254771 0.00871758 -0.0388734 0.0388742
2.11 -0.00415716 0.0695219 -0.0317276 0.0319988
2.12 -0.0026265 0.157691 -0.00617068 0.0067064
2.13 -0.0126562 0.14106 -0.0303107 0.0328469
2.14 -0.0162756 0.0456562 -0.0514597 0.0539722
2.15 -0.00528919 0.221569 0.0142939 0.0152411
2.16 -0.000931789 0.116282 -0.031204 0.0312179
2.17 -0.00458922 0.0649589 -0.0184444 0.0190068
2.18 -0.0247326 0.211055 -0.0114034 0.0272349
2.19 0.00261658 0.118657 -0.0315553 0.0316636
2.2 -0.00990774 0.215577 -0.0377095 0.0389893
2.21 -0.00598115 0.154729 -0.0117725 0.0132048
2.22 -0.00178478 0.112809 -0.0124182 0.0125458
2.23 -0.00607965 0.128891 -0.0708131 0.0710736
2.24 -0.000259152 0.116243 -0.0570049 0.0570055
2.25 -0.012639 0.0831899 -0.0313188 0.0337729
2.26 -0.00500603 0.0162201 -0.0318242 0.0322155
2.27 -0.0212371 0.244654 -0.00510887 0.021843
2.28 -0.0149993 -0.00443383 -0.051037 0.0531954
2.29 0.00134423 0.150826 -0.0318223 0.0318507
2.3 0.00166431 0.137232 -0.0192374 0.0193092
2.31 0.0066423 0.192106 -0.00551701 0.00863467
2.32 -0.0130961 0.105719 -0.0441359 0.0460379
2.33 -0.00809386 0.0803939 -0.00537443 0.00971571
2.34 -0.00817521 0.116414 -0.0375675 0.0384467
2.35 -0.0138373 0.204281 -0.0115606 0.018031
2.36 0.000741254 0.164563 -0.0511886 0.051194
2.37 -0.00576972 0.12836 -0.0510866 0.0514114
2.38 -0.00811494 0.0895651 -0.0313184 0.0323527
2.39 -0.00881236 0.205937 0.0139755 0.0165219
2.4 -0.00508598 0.0919746 -0.031243 0.0316542
2.41 0.0098021 0.118488 -0.0254623 0.0272839
2.42 -0.00810909 0.0408326 -0.0194835 0.0211036
2.43 -0.00338607 0.0285395 0.000972407 0.00352293
2.44 -0.0281205 0.169061 -0.230786 0.232493
2.45 -0.0744164 0.163296 -0.883253 0.886382
2.46 -0.120994 0.0802543 -1.29575 1.30139
2.47 -0.077973 0.0498665 -1.32491 1.3272
2.48 -0.0190943 -0.00443177 -1.21947 1.21962
2.49 0.0335279 0.0517444 -1.04682 1.04736
2.5 0.0677551 -0.000508256 -0.923989 0.92647
2.51 0.0661625 0.0812857 -1.00003 1.00222
2.52 0.0157531 0.0849806 -1.13845 1.13856
2.53 -0.0446971 0.0698372 -1.34287 1.34362
2.54 -0.0714129 0.0548427 -1.43804 1.43981
2.55 -0.0961641 0.0434801 -1.56764 1.57059
2.56 -0.0787622 0.0420078 -1.73617 1.73795
2.57 -0.064402 0.122358 -1.89784 1.89893
2.58 -0.0622045 0.0853451 -2.1621 2.163
2.59 -0.0663939 0.146423 -2.37619 2.37711
2.6 -0.0653785 -0.00157501 -2.50498 2.50583
2.61 -0.0668141 0.0347341 -2.57576 2.57663
2.62 -0.0657747 0.159063 -2.67878 2.67959
2.63 -0.0306729 -0.0813422 -2.8167 2.81686
2.64 -0.0213481 -0.100368 -2.94673 2.94681
2.65 0.0232217 -0.0129494 -2.65733 2.65743
2.66 0.00437361 -0.184881 -3.30413 3.30413
2.67 -0.002551 -0.0823489 -3.57357 3.57357
2.68 0.0349826 -0.0740639 -3.66525 3.66542
2.69 0.0488251 -0.0964929 -3.76385 3.76417
2.7 0.101025 -0.0615342 -3.8897 3.89101
2.71 0.11123 -0.13497 -4.02588 4.02742
2.72 0.126786 -0.117811 -4.19512 4.19703
2.73 0.136606 -0.0527479 -4.35633 4.35847
2.74 0.144338 -0.321043 -4.49964 4.50196
2.75 0.152841 -0.157602 -4.57673 4.57928
2.76 0.218343 -0.202722 -4.66885 4.67395
2.77 0.255995 -0.253014 -4.77417 4.78102
2.78 0.278882 -0.254753 -4.95055 4.9584
2.79 0.315126 -0.334768 -5.13381 5.14347
2.8 0.306406 -0.334582 -5.45795 5.46654
2.81 0.321586 -0.344104 -5.62749 5.63667
2.82 0.342652 -0.407162 -5.73223 5.74247
2.83 0.366214 -0.226241 -5.74551 5.75717
2.84 0.403688 -0.276625 -5.81821 5.8322
2.85 0.429544 -0.351668 -5.83224 5.84804
2.86 0.435765 -0.289069 -5.87088 5.88703
2.87 0.443238 -0.388534 -5.88253 5.89921
2.88 0.444033 -0.34959 -5.83575 5.85261
2.89 0.427185 -0.316816 -5.82845 5.84408
2.9 0.411581 -0.320682 -5.8851 5.89947
2.91 0.392405 -0.353603 -5.89697 5.91001
2.92 0.374607 -0.311113 -5.88167 5.89359
2.93 0.354378 -0.182223 -5.87334 5.88402
2.94 0.305608 -0.197102 -5.806 5.81403
2.95 0.290507 -0.205034 -5.83648 5.8437
2.96 0.263449 -0.138992 -5.82807 5.83402
2.97 0.247081 -0.0390301 -5.89753 5.9027
2.98 0.229956 -0.135021 -5.93524 5.9397
2.99 0.198849 -0.115517 -5.98615 5.98946
3 0.159348 -0.11741 -6.0312 6.0333
3.01 0.126565 0.0183892 -6.04286 6.04419
3.02 0.116547 -0.18086 -6.06231 6.06343
3.03 0.112897 -0.102947 -6.13388 6.13492
3.04 0.163789 -0.245758 -6.21441 6.21657
3.05 0.188482 -0.216723 -6.29996 6.30278
3.06 0.209354 -0.180846 -6.30153 6.30501
3.07 0.19429 -0.207329 -6.25067 6.25369
3.08 0.177221 -0.210548 -6.24414 6.24665
3.09 0.159595 -0.216895 -6.36086 6.36286
3.1 0.117651 -0.293967 -6.50845 6.50951
3.11 0.107843 -0.296195 -6.61861 6.61948
3.12 0.115935 -0.283404 -6.59847 6.59949
3.13 0.146407 -0.128855 -6.45573 6.45739
3.14 0.127177 -0.220255 -6.32589 6.32717
3.15 0.116491 -0.254006 -6.22721 6.2283
3.16 0.0692822 -0.148817 -6.28881 6.28919
3.17 0.0223779 -0.0294145 -6.44947 6.44951
3.18 -0.0422762 -0.123603 -6.5251 6.52523
3.19 -0.0946862 -0.104664 -6.5295 6.53019
3.2 -0.0753729 -0.187497 -6.52334 6.52378
3.21 -0.0698772 -0.0667689 -6.51037 6.51075
3.22 -0.0174417 -0.131035 -6.558 6.55802
3.23 0.0198451 -0.0879911 -6.64948 6.64951
3.24 0.0672822 -0.197608 -6.58172 6.58207
3.25 0.153707 -0.165879 -6.49315 6.49497
3.26 0.145026 -0.241357 -6.50071 6.50232
3.27 0.142456 -0.190779 -6.62426 6.62579
3.28 0.128168 -0.222607 -6.76723 6.76845
3.29 0.127733 -0.271443 -6.8905 6.89168
3.3 0.118396 -0.229994 -6.8529 6.85392
3.31 0.136586 -0.299681 -6.71733 6.71872
3.32 0.130688 -0.189281 -5.22881 5.23045
3.33 0.145072 -0.468707 -4.31623 4.31867
3.34 0.139675 -0.0299838 -3.04972 3.05292
3.35 0.161038 -0.187523 -8.21903 8.22061
3.36 -0.410716 0.122936 -8.23242 8.24266
3.37 -0.245056 0.215866 -7.98714 7.9909
3.38 0.203497 -0.360056 -5.80234 5.80591
3.39 0.587511 -0.574987 -4.24604 4.28649
3.4 0.897055 -0.569107 -2.87019 3.00711
3.41 0.948916 -0.386984 -2.16561 2.36439
3.42 0.858961 -0.512879 -1.88885 2.07498
3.43 0.708079 -0.338338 -1.79491 1.92953
3.44 0.519397 -0.420626 -1.61823 1.69954
3.45 0.369744 -0.214217 -1.27554 1.32805
3.46 0.269865 -0.186673 -0.886245 0.926422
3.47 0.149318 -0.137344 -0.636851 0.654121
3.48 0.0600271 -0.156838 -0.498349 0.501951
3.49 0.0178149 0.0341615 -0.299046 0.299576
3.5 0.00254316 -0.0592433 -0.0742665 0.07431
3.51 -0.0186558 0.216495 -0.0303991 0.0356672
3.52 0.00552046 0.099341 -0.0326358 0.0330994
3.53 -0.0100756 0.122289 -0.00619948 0.0118301
3.54 -0.0149959 0.147587 -0.025683 0.0297404
3.55 -0.00768681 0.0449263 0.032345 0.0332458
3.56 -0.00679223 0.187006 -0.0641291 0.0644878
3.57 -0.00397113 0.154205 -0.0516574 0.0518098
3.58 -0.0027413 0.126846 -0.045309 0.0453918
3.59 0.0128739 0.0906619 -0.0389853 0.041056
3.6 -0.0201807 0.114609 -0.0637307 0.0668495
3.61 -0.00414825 -0.0155243 -0.0130378 0.0136818
3.62 0.0133177 0.139012 -0.0126609 0.0183755
3.63 0.0132193 0.139558 -0.0323493 0.0349461
3.64 -0.0156209 0.0138865 -0.0190628 0.0246455
3.65 0.0108443 0.0203638 -0.0201258 0.0228615
3.66 -0.00447873 0.0699044 -0.0388498 0.0391071
3.67 -0.0177621 0.220482 0.000951063 0.0177876
3.68 -0.0126459 0.0478636 -0.0314186 0.0338681
3.69 -0.00166741 0.130139 0.000983474 0.00193584
3.7 -0.0153499 0.0764729 -0.0185706 0.0240933
3.71 -0.00399082 0.0425797 0.0128062 0.0134136
3.72 0.00189607 0.101692 -0.0326068 0.0326618
3.73 -0.00874855 0.068022 -0.0446534 0.0455023
3.74 -0.00598232 0.137453 0.000505568 0.00600364
3.75 0.00346529 0.105016 -0.00574789 0.00671167
3.76 0.00105701 0.204722 -0.0254221 0.025444
3.77 0.00915746 0.195485 -0.00661056 0.0112942
3.78 0.00333792 0.0782694 -0.0319223 0.0320964
3.79 0.00102421 0.267013 -0.00538863 0.0054851
3.8 0.00689849 0.0897382 -0.0255617 0.0264762
3.81 -0.0154689 0.00489796 -0.0134724 0.0205133
3.82 0.00702824 0.0895991 0.00659127 0.0096354
3.83 -0.0100489 0.198131 -0.0187257 0.0212517
3.84 0.0101555 0.101073 -0.0259121 0.0278311
3.85 -0.026852 -0.0464987 -0.00630813 0.027583
3.86 0.00896564 0.137137 -0.0126033 0.0154669
3.87 -0.00460438 0.0561883 -0.0190949 0.0196421
3.88 -0.00174778 0.099197 0.0196385 0.0197161
3.89 -0.0156217 0.187752 0.000434052 0.0156277
3.9 -0.00547066 0.146235 0.00686036 0.00877454
3.91 -0.0048733 0.0919682 -0.00606567 0.00778083
3.92 0.0013846 0.0795575 -0.0323844 0.032414
3.93 -0.00776624 0.03144 -0.0126696 0.0148605
3.94 0.000159959 0.0445899 0.000106047 0.000191919
3.95 0.0042363 0.0150114 -0.00606153 0.00739516
3.96 0.00160685 0.173025 -0.0061707 0.00637648
3.97 -0.00215504 0.0681853 0.0125762 0.0127595
3.98 0.00116084 0.222247 -0.0184937 0.0185301
3.99 -0.00841953 0.0588027 -0.0191743 0.0209414
4 -0.00655449 0.106337 -0.0188583 0.0199649
4.01 0.00889161 0.048215 -0.0326279 0.0338177
4.02 0.0137538 0.125654 -0.0257878 0.0292263
4.03 -0.0167367 0.0457083 -0.0256238 0.0306055
4.04 -0.0067323 0.169264 -0.00624981 0.00918607
4.05 0.0034165 0.0559444 -0.0253835 0.0256124
4.06 -0.0213751 0.124272 -0.00606736 0.0222195
4.07 0.0108412 0.136672 -0.0319 0.0336918
4.08 -0.0043929 0.0562019 -0.0190567 0.0195565
4.09 -2.92156e-05 0.0311788 0.000513367 0.000514197
4.1 0.00247254 0.0696265 -0.0255487 0.0256681
4.11 -0.00217392 0.166455 -0.025225 0.0253185
4.12 0.0139922 0.134547 0.0125729 0.0188111
4.13 -0.00424145 0.0828834 0.0261245 0.0264666
4.14 -0.0274611 0.0612297 -0.0250492 0.0371695
4.15 -0.0100472 0.0816819 -0.0058371 0.0116197
4.16 -0.022684 0.183244 -0.0187153 0.0294079
4.17 -0.00770643 0.210222 -0.0253387 0.0264847
4.18 -0.00167005 0.0946313 -0.00629291 0.00651074
4.19 -0.0108305 0.198586 -0.0251505 0.0273833
4.2 -0.000825553 0.12956 -0.0246356 0.0246494
4.21 0.00209303 0.14588 -0.00590692 0.00626678
4.22 -0.000687854 0.116682 0.00643659 0.00647324
4.23 0.004986 0.215838 -0.000178653 0.0049892
4.24 -0.00286921 0.113129 -0.025554 0.0257146
4.25 0.0133361 0.130325 -0.0069083 0.0150192
4.26 -0.00179833 0.0903633 -0.0125523 0.0126804
4.27 0.00675017 0.120843 0.0329786 0.0336624
4.28 -0.000594405 0.0806681 -0.0314284 0.0314341
4.29 0.0137371 0.103371 0.00639261 0.0151517
4.3 -0.00246454 0.198054 -0.0315633 0.0316593
4.31 0.00671868 0.0806823 0.012879 0.0145262
4.32 -0.00536009 0.105761 0.00024712 0.00536579
4.33 -0.00225194 0.125922 -0.0380081 0.0380748
4.34 -0.0125599 0.0834849 -0.00597993 0.0139108
4.35 0.0074961 0.0579307 0.0065653 0.00996467
4.36 -0.0161153 0.0190589 0.0325664 0.0363355
4.37 -0.00959801 0.0549384 -0.0321671 0.0335685
4.38 -0.000573724 0.0583057 -0.0251602 0.0251667
4.39 -0.0104902 0.162649 -0.0314359 0.03314
4.4 0.00809985 0.208809 -0.0636555 0.0641688
4.41 -0.00183111 0.152654 0.00748181 0.00770262
4.42 -0.00650867 0.155732 0.00683819 0.00944053
4.43 -0.00413144 0.0784214 -0.018543 0.0189977
4.44 -0.000242772 -0.0672011 -0.0130454 0.0130477
4.45 -0.0101876 0.144531 -0.0191407 0.021683
4.46 0.00849187 -0.12558 -0.000879649 0.00853731
4.47 -0.00133958 0.174511 0.00732968 0.00745109
4.48 0.0154601 0.106833 0.00676609 0.0168759
4.49 -0.00326945 0.185363 -0.0515327 0.0516363
4.5 -0.000169517 -0.0087463 -0.000417978 0.000451045
4.51 0.00150956 0.0973401 -0.000387714 0.00155855
4.52 -0.0121213 0.0562706 0.032801 0.034969
4.53 -0.0201797 0.0794139 0.00727364 0.0214506
4.54 0.00698779 0.0582742 -0.031866 0.0326232
4.55 -0.00345584 0.158257 -0.0254705 0.0257038
4.56 -0.0104767 0.113432 -0.0579763 0.0589153
4.57 0.00714418 0.0709382 0.032908 0.0336746
4.58 -0.0042206 0.00711157 0.000133521 0.00422271
4.59 -0.0200842 0.070064 0.00653008 0.0211191
4.6 -0.00132729 0.0544481 -0.0129383 0.0130062
4.61 0.0092163 0.119473 -0.0322601 0.0335508
4.62 -0.0129563 0.128509 -0.032041 0.0345614
4.63 0.00373481 -0.0109173 0.0123958 0.0129463
4.64 0.0138644 0.10782 -0.0387395 0.0411458
4.65 -0.00295591 0.126994 -0.0130326 0.0133636
4.66 0.00987742 0.105592 0.0387689 0.0400074
4.67 0.0025413 0.114891 0.025973 0.026097
4.68 0.0086426 0.151054 -0.0191267 0.0209887
4.69 -0.0105483 0.16245 -0.00545346 0.0118746
4.7 -0.00519026 0.1054 -0.0509657 0.0512293
4.71 -0.0015196 0.188276 -0.0119604 0.0120565
4.72 -0.00614923 0.204614 -0.0314448 0.0320404
4.73 -0.00135054 0.161191 -0.0248802 0.0249169
4.74 -0.000819161 0.080668 0.013453 0.0134779
4.75 0.0144751 0.0852665 -0.0261548 0.0298932
4.76 -0.0105671 0.220785 0.000501106 0.010579
4.77 -0.00803903 0.0808946 -0.000156773 0.00804056
4.78 -0.0013117 0.15262 0.00705502 0.00717592
4.79 0.00583723 0.179254 0.00076715 0.00588742
4.8 0.00184998 0.110426 0.0263399 0.0264048
4.81 0.00258447 0.146074 0.00697652 0.00743985
4.82 -0.000249756 0.169865 -0.00638134 0.00638623
4.83 -0.00923972 0.0902876 -0.0124813 0.0155292
4.84 -0.0043515 0.0341167 -0.0128588 0.0135751
4.85 -0.00245741 0.153246 -0.0254291 0.0255476
4.86 -0.00869222 0.0854773 0.000792206 0.00872825
4.87 0.00280124 0.0962386 0.0132683 0.0135608
4.88 -0.00675719 0.14669 -0.018918 0.0200886
4.89 -0.00506586 0.13247 -0.0187304 0.0194034
4.9 -0.00858063 0.0941863 0.000938998 0.00863186
4.91 0.00614216 0.103319 0.00669601 0.0090864
4.92 0.00757008 -0.0492464 0.0253213 0.0264287
4.93 -0.00861545 0.0807509 0.00111384 0.00868715
4.94 0.0147276 0.120528 0.00663904 0.0161549
4.95 0.00318417 0.0649213 2.6505e-05 0.00318428
4.96 0.00154098 0.0884785 -0.0133011 0.0133901
4.97 -0.00530834 0.0877281 0.0132784 0.0143002
4.98 0.00340386 0.0160408 -0.0204149 0.0206967
4.99 0.00598739 0.156933 -0.0122045 0.013594
5 -0.00155683 0.112305 -0.0119689 0.0120698
5.01 -0.00432366 0.0830922 -0.044545 0.0447544
5.02 -0.00502986 0.0923151 0.000227652 0.00503501
5.03 -0.0003159 0.085255 -0.0444786 0.0444797
5.04 -0.00797242 0.245678 -0.0183717 0.0200269
5.05 0.01033 0.114357 0.0197146 0.022257
5.06 0.00165622 0.181879 0.000881475 0.00187618
5.07 0.00571362 0.108042 -0.0383502 0.0387735
5.08 -8.01954e-05 0.0759354 -0.0508109 0.050811
5.09 0.00333792 0.0782694 -0.0319223 0.0320964
5.1 -0.0011126 0.103322 -0.0122016 0.0122523
5.11 -0.000970962 0.0404534 0.0262411 0.0262591
5.12 -0.00613141 0.222469 -0.0125936 0.0140069
5.13 -0.0100782 0.20667 -0.0118738 0.0155742
5.14 -0.00198179 0.112762 -0.0322366 0.0322975
5.15 0.0102066 0.123259 -0.000298538 0.010211
5.16 0.00260657 0.0966648 0.0454769 0.0455516
5.17 0.00693076 0.116688 7.43254e-07 0.00693076
5.18 -0.00133378 0.138991 0.0137025 0.0137673
5.19 -0.00574477 0.133175 -0.00594814 0.00826939
5.2 -0.00101037 0.111882 0.000550182 0.00115045
5.21 -0.000987087 0.121285 -0.0315965 0.031612
5.22 0.00362364 0.0870708 -0.00582468 0.00685986
5.23 -0.00946031 0.152519 0.00138286 0.00956084
5.24 -0.0145564 0.147096 -0.0251956 0.0290983
5.25 0.0103142 0.0963187 -0.00631308 0.0120929
5.26 -0.00520865 0.225948 0.00767824 0.00927822
5.27 0.00996849 0.136825 0.00639383 0.0118428
5.28 -0.0055701 0.12398 0.0197634 0.0205334
5.29 0.00595241 0.130126 0.0196868 0.020567
5.3 -0.0177785 0.189092 -0.0184988 0.0256569
5.31 0.0035544 0.0601805 0.0196636 0.0199823
5.32 0.00674211 0.0808172 -0.044645 0.0451512
5.33 -0.00378368 0.234237 -0.0252682 0.0255499
