0 0.016327 0.0260534 0.00618808 0.0174603
0.01 0.0148932 0.196218 0.0399137 0.0426018
0.02 0.0208323 -0.0882211 0.0248481 0.0324255
0.03 0.00534036 -0.00328412 0.0125857 0.0136718
0.04 0.0105939 0.0473147 -0.000230332 0.0105964
0.05 0.00982999 0.0254867 0.0261 0.0278897
0.06 0.0130555 -0.0342702 -0.00669421 0.0146717
0.07 0.0119375 0.024257 0.0321578 0.034302
0.08 0.0168341 0.0925114 0.020023 0.0261593
0.09 0.00965079 -0.00114788 0.0456187 0.0466283
0.1 0.0149677 0.0760109 0.012741 0.0196562
0.11 0.00588058 -0.00758919 0.0390985 0.0395383
0.12 0.00439232 0.00665631 0.0253004 0.0256788
0.13 0.00109886 -0.0229938 -0.00030847 0.00114133
0.14 0.0161596 0.061126 0.00658811 0.017451
0.15 0.0132795 -0.0036806 0.0384137 0.0406443
0.16 0.0093639 0.0169167 0.0386817 0.0397989
0.17 -0.00324261 0.0242823 0.0452988 0.0454147
0.18 0.0139693 -0.012728 0.0708751 0.0722386
0.19 0.0129336 0.0370064 -0.000270909 0.0129364
0.2 0.014764 0.089821 -0.000417882 0.0147699
0.21 0.024991 -0.0243412 0.0253438 0.035593
0.22 0.0120015 0.15831 0.0521097 0.0534739
0.23 0.00911106 0.0616279 0.026107 0.0276512
0.24 0.00218268 -0.0593062 0.0257456 0.025838
0.25 -0.0158151 -0.18691 0.006166 0.0169746
0.26 0.00127519 -0.000584218 0.0132443 0.0133055
0.27 0.0167112 0.0569494 0.045635 0.0485986
0.28 0.00986992 -0.0816124 0.0122007 0.0156931
0.29 0.0121291 0.0371649 0.0770806 0.078029
0.3 0.0146305 -0.0581743 0.0452202 0.0475281
0.31 0.0250321 0.0788261 0.0390865 0.0464151
0.32 0.00856384 0.0353266 0.0518815 0.0525836
0.33 0.0169702 0.021182 0.018958 0.0254439
0.34 -0.00596307 0.0483878 0.0327178 0.0332567
0.35 0.000122351 0.0448495 -0.025374 0.0253743
0.36 0.00430339 0.0686072 0.0138632 0.0145158
0.37 0.00209456 0.0120731 0.0134327 0.013595
0.38 0.00980274 -0.0101364 0.051209 0.0521388
0.39 0.00907385 -0.0143424 0.0260991 0.0276315
0.4 0.0142975 -0.00839419 0.0132463 0.0194905
0.41 0.00331768 0.0429567 0.0128967 0.0133166
0.42 0.00800639 0.120142 0.0200401 0.0215803
0.43 0.0189132 0.180115 0.000642886 0.0189241
0.44 0.00835491 0.0753694 0.0321118 0.0331809
0.45 0.00136993 0.0886152 0.0331986 0.0332268
0.46 0.00989561 -0.00593153 0.0259275 0.0277517
0.47 0.00626244 -0.0439481 0.025978 0.0267222
0.48 0.00536626 -0.00773736 0.0323493 0.0327914
0.49 -0.00545482 -0.108119 0.0261241 0.0266875
0.5 0.00548324 0.0190419 0.019736 0.0204836
0.51 -0.00275415 0.014735 -0.0192246 0.0194208
0.52 0.00592432 -0.0124187 0.058157 0.0584579
0.53 0.0163817 0.00361306 0.0451116 0.047994
0.54 0.0149572 0.0853109 -0.00066951 0.0149722
0.55 0.0131536 -0.021624 0.03267 0.0352186
0.56 0.00930006 0.00809661 0.0514098 0.0522443
0.57 0.00253462 -0.0459311 0.0387544 0.0388372
0.58 0.0228615 0.0488392 0.03167 0.0390594
0.59 0.0101726 -0.0280683 0.0511704 0.0521717
0.6 -0.00542433 -0.0409314 0.0391308 0.039505
0.61 0.0205512 0.0101273 0.0578398 0.0613824
0.62 0.00377984 0.0958308 0.0395116 0.039692
0.63 0.0134999 0.0274323 0.0130505 0.0187767
0.64 -0.0029106 0.0641043 0.0200849 0.0202947
0.65 0.00306187 0.132133 0.0132656 0.0136144
0.66 0.019102 0.0332589 0.0123068 0.0227232
0.67 0.0020727 -0.00547981 0.0257817 0.0258648
0.68 0.0047709 -0.0471187 0.0255731 0.0260143
0.69 -0.000567706 0.0856433 -0.0125431 0.0125559
0.7 0.0149329 0.0625754 0.0129158 0.0197436
0.71 0.0159377 0.0353968 0.0127529 0.0204119
0.72 0.00640369 -0.0973683 0.0384059 0.0389361
0.73 0.0210563 0.081154 0.0195289 0.0287184
0.74 -0.00231404 -0.0338402 0.00522398 0.00571356
0.75 0.0152749 0.0665344 0.0131518 0.0201567
0.76 -0.0117817 0.163326 0.0267256 0.0292073
0.77 0.00491849 -0.0785649 0.0446779 0.0449479
0.78 0.00526261 -0.0118903 -0.00629483 0.00820487
0.79 0.0205779 0.0191875 0.0447708 0.0492735
0.8 6.18864e-05 0.00896206 0.0447248 0.0447249
0.81 -0.00179188 -0.110569 0.0253215 0.0253848
0.82 0.0176418 -0.00165683 0.0257517 0.0312151
0.83 0.0054996 0.0504323 0.0391859 0.0395699
0.84 0.00596791 -0.0121867 0.0519543 0.0522959
0.85 8.73661e-05 0.0180423 0.00651726 0.00651784
0.86 0.0175733 0.0208167 0.00660844 0.0187748
0.87 0.0133269 0.0188676 0.0198116 0.0238769
0.88 0.0240646 0.0124199 0.0510868 0.056471
0.89 0.00378158 0.0292095 0.0127157 0.0132661
0.9 0.0161339 0.133157 0.0454584 0.0482366
0.91 0.0205309 0.0460228 -0.00639717 0.0215045
0.92 0.0122604 0.113114 0.0263084 0.029025
0.93 0.0239542 0.0436262 0.0323228 0.0402314
0.94 -0.0024762 -0.034429 0.0131112 0.013343
0.95 0.00499092 0.117538 0.0264367 0.0269037
0.96 0.0181172 -0.0423023 0.0451977 0.0486936
0.97 0.00537022 -0.0520414 -0.00684654 0.00870141
0.98 0.00663526 -0.0527742 0.0190022 0.0201273
0.99 0.0210477 -0.0619872 0.0319233 0.0382374
1 0.00462566 0.0242229 0.0129896 0.0137886
1.01 0.00444903 0.0602843 0.00643806 0.00782576
1.02 0.0160335 0.0260678 -0.0131299 0.0207236
1.03 0.00536834 0.090629 0.04587 0.0461831
1.04 0.0146221 -0.0532818 0.0577033 0.0595271
1.05 0.00709102 -0.0445137 0.0452785 0.0458304
1.06 0.000480295 0.0666657 0.0522812 0.0522834
1.07 -0.00526064 -0.00987576 0.0386381 0.0389946
1.08 0.0194089 0.0330502 0.0380949 0.0427543
1.09 0.01578 0.182499 0.0398083 0.0428218
1.1 0.0131021 0.0415073 0.0583538 0.0598067
1.11 0.0143818 -0.0353083 0.0385027 0.0411011
1.12 0.00896701 0.0125974 0.0321136 0.033342
1.13 0.0082773 -0.00928617 -0.0126913 0.015152
1.14 -0.00984347 0.00619066 0.0582823 0.0591077
1.15 0.0108414 -0.184924 -0.0202872 0.0230024
1.16 0.0136422 0.0231953 0.0322409 0.0350084
1.17 0.00945869 -0.0415954 0.00603889 0.0112221
1.18 0.00922883 0.0216254 0.0129509 0.0159027
1.19 0.00890831 -0.000611492 -0.0129713 0.0157357
1.2 0.0117149 0.0201912 0.025287 0.0278689
1.21 0.00499701 -0.0564065 -0.0195464 0.020175
1.22 0.00534095 0.023279 0.00054567 0.00536875
1.23 0.00399764 0.0914354 0.00687515 0.00795291
1.24 0.0136726 -0.0348495 0.0125675 0.018571
1.25 0.00943488 -0.019071 0.0320876 0.033446
1.26 0.0180454 -0.0194861 0.00697678 0.0193472
1.27 0.019014 0.0245041 0.00602756 0.0199466
1.28 0.0118496 0.0957974 -0.00640808 0.0134713
1.29 0.0150865 0.0625517 0.0126834 0.0197097
1.3 0.0121162 -0.0292421 0.0186735 0.0222599
1.31 0.00177832 0.0170137 0.0263807 0.0264405
1.32 0.0166252 0.00811724 0.0256592 0.0305744
1.33 0.00421402 0.0510486 -0.012848 0.0135214
1.34 -0.00374888 0.100352 0.0267268 0.0269884
1.35 0.0148345 -0.129318 0.0318207 0.0351087
1.36 0.00982337 -0.135092 0.0184586 0.0209098
1.37 0.0163879 -0.0677383 0.0381472 0.0415184
1.38 0.013705 0.00547202 0.00641414 0.0151317
1.39 0.00649743 -0.057352 0.0516008 0.0520082
1.4 0.0145058 -0.0308583 0.051938 0.0539257
1.41 0.00110333 0.0175556 0.00684841 0.00693672
1.42 0.0120595 0.0332756 -0.00655279 0.0137248
1.43 0.0113563 0.0648151 0.0258198 0.0282069
1.44 0.00466702 -0.0205019 0.0255261 0.0259492
1.45 0.0195888 0.0421061 -0.000345172 0.0195918
1.46 0.0111606 0.0512737 -0.0448776 0.0462446
1.47 0.0242575 -0.0145493 0.00578219 0.0249372
1.48 0.000509106 0.0222958 0.0320921 0.0320961
1.49 0.00853035 0.0393279 0.0135247 0.0159902
1.5 0.0023699 -0.0725992 0.0384927 0.0385656
1.51 0.00266619 -0.117874 -0.0132233 0.0134894
1.52 0.0132288 -0.00324648 0.0316003 0.0342575
1.53 0.00960437 -0.0103246 0.032505 0.0338942
1.54 -2.16719e-05 0.142554 0.0265307 0.0265307
1.55 0.0205755 0.0234339 0.0451308 0.0495998
1.56 0.015871 -0.00500784 0.0125039 0.0202049
1.57 0.0217641 0.0183208 0.0190277 0.028909
1.58 0.0134754 -0.0791994 0.0121206 0.0181245
1.59 0.00325164 0.105325 0.000275464 0.00326329
1.6 0.0240016 0.0303238 0.025522 0.035035
1.61 0.0200409 0.0146977 0.0449078 0.0491767
1.62 0.0139102 0.0313963 0.0523473 0.054164
1.63 0.00576259 -0.00734127 0.0446189 0.0449895
1.64 -0.00312811 0.00628543 3.00237e-05 0.00312825
1.65 0.00320269 0.0655212 0.00601706 0.00681633
1.66 0.00828947 0.12016 0.000568489 0.00830894
1.67 0.0210584 -0.0711262 0.0190777 0.028415
1.68 0.011476 -0.0152648 -0.00103422 0.0115225
1.69 -0.00500514 0.195023 0.00686216 0.00849357
1.7 -0.0160451 0.116634 0.0270562 0.031456
1.71 0.0126176 -0.00331344 0.000213002 0.0126194
1.72 0.00111606 0.0841432 0.0138639 0.0139088
1.73 0.00846589 -0.00922725 -0.00652144 0.0106865
1.74 0.0204332 0.027671 0.025943 0.0330235
1.75 0.0208383 0.0363656 0.0454058 0.0499592
1.76 -0.0017556 -0.0121197 0.0452439 0.045278
1.77 0.0202932 0.0369294 0.0317723 0.0377001
1.78 0.00781382 0.138004 0.0137146 0.0157843
1.79 0.02107 0.000825636 0.0320358 0.0383437
1.8 0.0203956 0.0147197 0.00592637 0.0212392
1.81 0.00275366 -0.0508096 0.0263102 0.0264539
1.82 0.00943772 0.0125135 0.0450648 0.0460425
1.83 0.0119276 0.0374804 0.0130465 0.017677
1.84 0.0223255 -0.0440169 0.012216 0.0254492
1.85 0.00423693 0.0242788 0.0193157 0.0197749
1.86 0.0127527 0.0146178 0.0196077 0.0233901
1.87 0.0098102 -0.0508403 0.00024765 0.00981332
1.88 -0.00998424 0.00130086 0.0126003 0.0160765
1.89 0.020062 0.00586824 -0.00679269 0.0211808
1.9 0.0123751 -0.0517986 -0.013467 0.0182895
1.91 0.0171124 0.016945 0.0381458 0.0418084
1.92 0.0163672 0.057559 -0.00674685 0.0177033
1.93 0.00528993 0.0328199 0.0453649 0.0456723
1.94 0.00920508 -0.0809221 -0.0199366 0.0219591
1.95 0.00561674 0.00116223 0.000652507 0.00565451
1.96 0.0163298 0.0349982 0.0255038 0.0302838
1.97 -0.00599651 -0.0184771 0.0257726 0.026461
1.98 0.00806106 -0.0181025 0.0254079 0.026656
1.99 0.0128023 -0.00309209 0.0386999 0.0407625
2 0.011849 0.0824452 0.000169116 0.0118502
2.01 0.0131108 -0.0659981 0.0319907 0.0345731
2.02 0.00591835 0.00552313 0.0328621 0.0333908
2.03 0.00455608 0.0331638 0.0518151 0.052015
2.04 0.000656392 0.142827 0.0204455 0.0204561
2.05 -0.00180193 0.0544506 0.026851 0.0269114
2.06 -0.00366074 0.105183 0.0387068 0.0388795
2.07 0.002644 -0.0328145 0.0130083 0.0132743
2.08 0.00981943 0.0253579 0.0135658 0.0167467
2.09 0.0151537 0.0936689 0.0126937 0.0197678
2.1 0.00574247 0.0189444 0.0326491 0.0331503
2.11 -0.0094548 -0.0428878 0.0189432 0.0211716
2.12 0.00849357 0.0527591 0.0328597 0.0339396
2.13 0.0100693 -0.0190303 0.032202 0.0337396
2.14 -0.00171165 -0.047719 0.0257046 0.0257615
2.15 -0.0024568 0.00198221 0.0575808 0.0576331
2.16 0.0234358 0.146414 0.0455153 0.0511945
2.17 0.00773492 -0.209331 0.0176105 0.0192343
2.18 -0.0110176 0.0379948 0.0263122 0.0285258
2.19 0.0097492 -0.028076 0.0259555 0.0277261
2.2 0.0167766 0.0351407 -0.00680471 0.0181041
2.21 0.0164376 0.00821904 -0.00676369 0.0177748
2.22 0.00633011 0.000360333 0.0456648 0.0461014
2.23 0.0135411 -0.0174535 0.0518431 0.0535824
2.24 0.0158606 0.120096 0.0326498 0.0362983
2.25 0.0134007 -0.00817539 0.0325333 0.0351851
2.26 0.0160491 0.030734 0.0446154 0.0474143
2.27 0.00240235 -0.0322777 0.0323394 0.0324285
2.28 0.0152868 0.0358734 0.0122268 0.019575
2.29 0.0162246 -0.00530749 0.0260284 0.0306711
2.3 0.0131713 -0.0700461 0.00564825 0.0143313
2.31 0.0165691 0.00777691 -0.00581143 0.0175587
2.32 0.0135147 0.0189269 0.0259815 0.0292863
2.33 0.00201676 -0.0323837 0.00635103 0.00666355
2.34 0.0136867 -0.00848067 0.0069976 0.0153718
2.35 0.00790148 0.0307939 0.0126878 0.014947
2.36 0.0173895 -0.0238887 0.0388872 0.0425982
2.37 -0.00450985 0.0520623 -0.012782 0.0135543
2.38 0.0153059 0.147075 0.0195814 0.0248536
2.39 0.0104711 -0.077751 0.0253498 0.0274273
2.4 0.0230093 0.0307648 0.0190591 0.0298777
2.41 0.00914501 -0.0768937 0.031545 0.0328439
2.42 0.00856055 0.0346926 0.0261074 0.0274751
2.43 0.00674333 0.103437 -0.025845 0.0267102
2.44 0.00608043 -0.0259567 0.0321866 0.0327559
2.45 0.0090251 0.0127958 0.00613119 0.0109107
2.46 -0.000631997 0.107774 -0.0126093 0.0126251
2.47 0.0105618 -0.0468407 0.0454819 0.0466922
2.48 0.0179584 -0.0375479 0.0255981 0.0312693
2.49 0.0171078 0.0388097 0.00715009 0.0185419
2.5 0.0136885 -0.0260794 0.0132173 0.0190282
2.51 0.0119482 0.220485 0.0459611 0.0474888
2.52 0.0181463 -0.0374886 0.031768 0.0365854
2.53 0.0129195 0.0461462 0.0711396 0.0723033
2.54 0.012832 0.130878 0.0522501 0.0538028
2.55 0.0118172 0.0781157 -0.00659326 0.0135321
2.56 0.00177091 -0.0767832 0.0192822 0.0193633
2.57 0.00898053 0.0124032 0.0385862 0.0396175
2.58 -0.00161096 -0.00330752 0.0266545 0.0267032
2.59 0.020666 0.0186744 0.0256721 0.0329567
2.6 0.0100162 -0.0369893 0.0320871 0.033614
2.61 0.00654655 0.00525297 0.0132664 0.0147938
2.62 0.00919721 0.0171151 0.05758 0.05831
2.63 0.0179047 -0.0688593 0.0320604 0.0367212
2.64 0.00900405 0.0216253 0.0578317 0.0585284
2.65 0.00901179 0.106315 0.0133 0.0160655
2.66 0.00499068 0.0015729 0.0191338 0.0197739
2.67 0.019918 0.0594308 0.0382325 0.0431098
2.68 0.0206594 -0.0166714 0.0507109 0.0547577
2.69 0.0135113 -0.00337016 0.013243 0.0189191
2.7 0.0191237 0.0600796 0.0253351 0.0317424
2.71 0.00931697 -0.0233712 0.0646154 0.0652836
2.72 0.0196206 0.0464357 0.00641721 0.0206434
2.73 0.0167705 0.00355713 0.0387855 0.042256
2.74 0.0136774 -0.0301316 0.0063846 0.0150942
2.75 0.0135641 -0.0437205 -0.0198963 0.02408
2.76 0.0250211 0.0522953 0.0123388 0.027898
2.77 0.00904243 -0.00922391 -0.00667763 0.0112408
2.78 -0.0168309 -0.00512457 -0.0962662 0.0977265
2.79 -0.0642914 0.0362345 -0.532036 0.535907
2.8 -0.13639 0.0794777 -1.05205 1.06085
2.81 -0.129692 -0.0737099 -1.35772 1.3639
2.82 -0.0619305 -0.0492943 -1.3163 1.31776
2.83 0.0117246 -0.068654 -1.21639 1.21645
2.84 0.0703296 -0.0882099 -1.14549 1.14765
2.85 0.0620964 -0.0160975 -1.21424 1.21582
2.86 0.0253267 -0.0809408 -1.58135 1.58156
2.87 -0.0344216 0.0196132 -1.87615 1.87646
2.88 -0.0597825 -0.145856 -2.28438 2.28516
2.89 -0.0498515 -0.204661 -2.57061 2.5711
2.9 0.0097684 -0.222812 -2.83262 2.83264
2.91 0.073074 -0.252422 -3.09574 3.0966
2.92 0.156724 -0.42454 -3.28242 3.28616
2.93 0.24235 -0.383416 -3.41581 3.4244
2.94 0.323857 -0.389136 -3.56163 3.57633
2.95 0.343514 -0.441781 -3.73756 3.75331
2.96 0.374819 -0.562876 -4.09606 4.11317
2.97 0.402272 -0.542833 -4.40151 4.41985
2.98 0.396437 -0.67227 -4.73322 4.74979
2.99 0.409147 -0.599746 -4.93916 4.95608
3 0.405077 -0.659712 -5.06835 5.08452
3.01 0.428934 -0.705719 -5.21686 5.23446
3.02 0.422299 -0.639373 -5.34411 5.36077
3.03 0.451751 -0.545002 -5.55779 5.57612
3.04 0.475676 -0.759251 -5.83201 5.85137
3.05 0.496872 -0.932184 -6.11265 6.13281
3.06 0.520437 -0.762957 -6.32651 6.34788
3.07 0.52245 -0.801406 -6.0871 6.10948
3.08 0.336223 -0.366929 -3.81099 3.82579
3.09 0.408466 -0.383115 -3.09523 3.12206
3.1 0.304096 -0.0438453 -2.85964 2.87576
3.11 0.535288 -0.400583 -8.81886 8.83509
3.12 0.157121 -0.981667 -9.54318 9.54448
3.13 0.443069 -0.859706 -8.27712 8.28897
3.14 0.693338 -0.754728 -6.1621 6.20098
3.15 1.05445 -0.722502 -4.53462 4.65561
3.16 1.31661 -0.85729 -3.7527 3.97696
3.17 1.31163 -0.852182 -3.55993 3.79388
3.18 1.01129 -0.853854 -3.62406 3.76252
3.19 0.678478 -0.573815 -3.44265 3.50887
3.2 0.426494 -0.476599 -3.2559 3.28371
3.21 0.318745 -0.277809 -2.434 2.45478
3.22 0.404556 -0.290889 -1.96849 2.00964
3.23 0.461251 -0.424958 -1.45127 1.52281
3.24 0.511082 -0.380648 -1.17754 1.28367
3.25 0.469101 -0.57428 -0.918532 1.03139
3.26 0.405852 -0.236775 -0.638645 0.756692
3.27 0.302806 -0.0885243 -0.35121 0.463724
3.28 0.213082 -0.0153853 -0.0582409 0.220899
3.29 0.116597 -0.0825544 0.0811145 0.142036
3.3 0.0891284 0.0510044 0.12829 0.156212
3.31 0.0500262 0.00894531 0.102013 0.113619
3.32 0.00505815 -0.0248042 0.0188399 0.0195071
3.33 0.00613796 -0.0296816 0.0119057 0.0133948
3.34 0.0146926 0.0673382 -0.000822533 0.0147156
3.35 -0.000776773 -0.160078 -0.00736281 0.00740367
3.36 0.013909 -0.00851898 0.0709646 0.0723148
3.37 0.0088952 0.0127739 0.000231815 0.00889822
3.38 0.0140993 -0.0924984 0.00516365 0.0150151
3.39 0.0199648 0.0327763 0.038009 0.0429334
3.4 0.0131037 -0.0211902 0.0258565 0.0289873
3.41 0.0199791 0.0016507 0.0321374 0.0378414
3.42 0.0123028 0.0376187 0.000247706 0.0123053
3.43 0.0208582 0.0102606 0.00598341 0.0216994
3.44 0.016671 0.0348727 0.0576943 0.0600546
3.45 0.0122306 -0.0115883 0.038136 0.0400493
3.46 0.0267958 0.171531 0.00640323 0.0275503
3.47 0.00466158 -0.131736 -0.00160886 0.00493141
3.48 0.00894519 0.0176842 0.038124 0.0391594
3.49 -0.0022599 -0.0296974 0.00696897 0.00732624
3.5 -0.00610549 0.00832209 0.0329015 0.0334632
3.51 0.0117951 -0.0158087 0.0323415 0.0344253
3.52 0.00527358 0.0014297 0.0259151 0.0264462
3.53 0.0162336 0.00849629 0.0380468 0.0413653
3.54 0.00705943 0.0541935 -0.0194214 0.0206646
3.55 -0.00967883 -0.092374 0.0258639 0.0276156
3.56 0.00919279 -0.0543651 0.0380815 0.0391753
3.57 0.0170758 0.043748 0.025765 0.0309098
3.58 0.0154058 0.0621689 0.0198056 0.0250918
3.59 0.0128158 0.0193535 0.038834 0.0408941
3.6 0.0195257 0.0464576 0.0571974 0.0604383
3.61 -0.00239048 -0.101562 0.0257842 0.0258948
3.62 0.0280041 0.0145775 0.0120956 0.0305047
3.63 0.000502376 0.067084 0.0510965 0.051099
3.64 0.00498551 0.00630351 -0.000697626 0.00503408
3.65 0.00215605 -0.0589374 0.0379389 0.0380002
3.66 0.00121627 -0.0765294 0.0445066 0.0445232
3.67 0.00327179 0.172204 0.0521396 0.0522421
3.68 0.00327561 -0.157864 0.0378956 0.0380369
3.69 0.00854767 0.0708789 0.00672156 0.0108739
3.7 0.0137436 -0.0708373 0.00597095 0.0149846
3.71 0.000760912 0.0219074 0.000156543 0.000776848
3.72 0.0211279 0.00086295 0.0323064 0.0386017
3.73 0.0168849 0.021211 0.0582481 0.060646
3.74 0.010017 -0.103771 0.0315442 0.0330965
3.75 0.0237104 0.0485705 0.025761 0.0350116
3.76 0.00793915 0.0758138 0.0254926 0.0267003
3.77 0.0173905 0.0120837 0.05111 0.0539876
3.78 0.0125397 -0.0158626 0.0121726 0.0174761
3.79 0.00966187 -0.0234784 0.0130998 0.0162774
3.8 0.027666 0.0461069 0.0442739 0.0522071
3.81 0.0220452 -0.0350901 0.0510034 0.0555638
3.82 0.0346228 0.149074 0.0386592 0.0518967
3.83 0.00787826 0.0666705 0.0321593 0.0331102
3.84 0.00797236 -0.0268569 0.0191293 0.0207241
3.85 0.00148265 -0.00528904 0.0194652 0.0195216
3.86 0.00612341 -0.0617167 0.0389003 0.0393793
3.87 0.00135382 0.0570441 0.0651409 0.065155
3.88 0.0118305 0.0777604 0.0261323 0.0286855
3.89 0.0126822 -0.00298469 0.0453347 0.0470752
3.9 0.00393522 0.0782083 0.0454963 0.0456662
3.91 0.00124669 -0.0316392 -0.0137926 0.0138488
3.92 0.0127705 0.0152182 0.025599 0.0286076
3.93 0.0130842 0.0278767 0.00643388 0.0145805
3.94 0.0150368 0.0895293 0.0189685 0.0242056
3.95 0.0194064 0.14007 0.026082 0.0325097
3.96 0.00379807 -0.0154494 0.00624484 0.00730913
3.97 0.00783051 0.0667816 0.0192843 0.0208135
3.98 0.0121446 0.0327438 0.0580546 0.0593113
3.99 0.00482993 0.0237649 0.0195706 0.0201578
4 -0.00195333 -0.0298865 0.00761848 0.0078649
4.01 0.00841306 0.0978657 0.0774353 0.077891
4.02 0.024953 -0.117568 0.0124785 0.0278992
4.03 0.00395232 0.113683 0.0329917 0.0332276
4.04 0.00167389 -0.0138636 0.0260295 0.0260833
4.05 0.014123 -0.115184 0.00537038 0.0151096
4.06 -0.00587899 -0.000985334 0.0129181 0.014193
4.07 -0.00504964 -0.0683328 0.0316776 0.0320775
4.08 0.00283094 -0.184712 0.0247911 0.0249522
4.09 0.00984174 -0.0279751 0.057767 0.0585994
4.1 0.010122 -0.0595418 0.0253182 0.0272666
4.11 0.00438419 0.0286639 0.0517578 0.0519431
4.12 0.0169718 0.0034223 0.0514281 0.0541562
4.13 0.00385978 0.0736467 0.044936 0.0451014
4.14 0.0158606 0.106885 0.0381127 0.0412812
4.15 0.0165962 0.0127326 0.0382125 0.0416609
4.16 -0.00336481 -0.0109384 -0.00673433 0.00752816
4.17 0.0203919 0.00152945 0.044818 0.0492391
4.18 0.00355007 0.113933 0.0328452 0.0330365
4.19 0.00776349 0.0354838 0.0706655 0.0710907
4.2 0.00568739 0.0278518 0.051695 0.0520069
4.21 0.0178143 -0.0640998 0.0515191 0.0545121
4.22 0.0142563 -0.0664432 0.0130826 0.0193493
4.23 0.00984152 -0.0277944 0.00637549 0.0117261
4.24 0.0041395 0.0777503 0.0520773 0.0522416
4.25 0.00683188 0.0678883 -0.000194825 0.00683466
4.26 0.00413511 0.0824805 0.0322459 0.03251
4.27 0.0168743 0.030511 0.0448382 0.0479083
4.28 0.00481524 -0.0159562 0.0317152 0.0320786
4.29 0.0061246 -0.0255445 -0.025407 0.0261348
4.3 0.00921572 0.0350107 0.026154 0.0277302
4.31 0.014498 -0.0352532 0.0641824 0.0657995
4.32 0.0205313 0.0233634 0.02508 0.032412
4.33 -9.28808e-06 0.125084 0.0452845 0.0452845
4.34 0.0108052 0.0565962 0.025185 0.0274051
4.35 0.0150602 0.146978 0.0131384 0.0199857
4.36 0.00147911 -0.0183183 0.0321039 0.032138
4.37 0.0186321 0.0823649 0.0323685 0.0373481
4.38 -0.0108511 0.0244245 0.0391296 0.0406063
4.39 0.0141114 -0.0619027 0.0250949 0.0287904
4.4 0.000606809 0.0443906 0.045442 0.0454461
4.41 0.0160487 0.0175428 0.0249397 0.0296572
4.42 -0.00262054 0.0417929 0.0266618 0.0267903
4.43 0.00375331 0.064292 0.0326637 0.0328786
4.44 0.00222105 -0.126348 0.0506822 0.0507308
4.45 0.00340181 -0.0105014 0.025054 0.0252839
4.46 -0.0024455 -0.0473751 0.0321548 0.0322477
4.47 0.00310353 -0.135801 0.0257983 0.0259843
4.48 0.0122186 0.0285016 0.0381848 0.040092
4.49 0.00452483 0.108968 0.0390183 0.0392798
4.5 0.0150674 0.0539435 0.0443481 0.0468378
4.51 0.0118834 0.00239418 0.0126052 0.0173236
4.52 0.0133274 0.00958011 0.0195704 0.0236774
4.53 -0.00221232 0.0330299 0.0512269 0.0512746
4.54 0.0159135 0.0220903 0.0254619 0.0300257
4.55 -0.00654059 -0.0449405 0.0192326 0.0203143
4.56 0.00296714 0.0655729 -0.0130278 0.0133615
4.57 0.00753888 0.0718371 -0.000153141 0.00754044
4.58 0.0226745 0.0845912 0.0639759 0.0678753
4.59 0.0195572 0.0375959 0.044284 0.0484103
4.6 0.0118423 0.0242985 0.0577994 0.0590001
4.61 0.00423954 0.0597871 0.0265914 0.0269273
4.62 0.0240919 0.048043 0.0259778 0.0354297
4.63 0.0142721 -0.106734 0.0309966 0.0341245
4.64 0.0111778 -0.189767 0.0180861 0.0212615
4.65 -0.010528 0.109358 0.0389816 0.0403783
4.66 0.0164369 0.0972988 0.0650858 0.0671292
4.67 0.0020566 -0.0144111 0.0513848 0.051426
4.68 0.0194931 0.0289565 0.00562 0.0202871
4.69 0.000563832 0.02658 0.0327227 0.0327275
4.7 0.0208936 -0.0658868 0.0378572 0.0432401
4.71 0.0170786 0.030053 0.0514192 0.0541813
4.72 0.0248863 -0.023472 0.0702868 0.0745625
4.73 0.0126841 0.0237194 0.0321803 0.0345899
4.74 0.0245998 0.0345084 0.0447327 0.0510506
4.75 0.0138153 -0.0485351 0.0577703 0.0593992
4.76 0.0165663 -0.0184635 0.0122901 0.0206274
4.77 0.02265 -0.223566 0.024868 0.0336369
4.78 0.0099523 -0.0684493 0.0511538 0.052113
4.79 0.0165857 0.0126037 0.0256784 0.030569
4.8 0.0150966 0.0627001 7.83244e-05 0.0150968
4.81 0.00864777 0.0620027 0.0580044 0.0586455
4.82 -0.00294999 -0.0115434 0.0261385 0.0263044
4.83 0.0054811 -0.021034 0.0646063 0.0648383
4.84 0.00734297 0.0538499 0.0638907 0.0643113
4.85 0.0172704 -0.0236206 0.019269 0.0258758
4.86 0.00135558 0.0130627 0.0320059 0.0320346
4.87 0.0141098 -0.101798 0.0185735 0.0233252
4.88 -0.00197427 -0.0831292 0.00551581 0.00585849
4.89 0.00647806 -0.111059 0.0445504 0.0450189
4.9 0.0163659 0.0174826 0.0381233 0.0414877
4.91 0.00882083 0.0837783 0.0457837 0.0466257
4.92 0.00424512 0.0512938 0.0258713 0.0262173
4.93 -0.0102931 -0.0292794 0.0319236 0.033542
4.94 -0.00151805 -0.0163982 0.0387902 0.0388199
4.95 0.0170488 -0.00114295 0.0254968 0.0306716
4.96 0.016784 0.00336292 0.0452582 0.0482701
4.97 0.0119556 -0.00688903 -0.00714326 0.013927
4.98 0.0139346 -0.0260022 0.0447963 0.0469136
4.99 0.00766202 0.0310081 0.0259599 0.027067
5 0.0234207 0.093502 0.0379841 0.0446242
5.01 0.0113642 0.149324 0.0326797 0.0345992
5.02 0.00479673 0.072865 0.0199283 0.0204974
5.03 0.0136309 -0.00365772 0.0580004 0.0595806
5.04 0.00166156 -0.0136895 0.0446954 0.0447263
5.05 0.00990755 -0.0592322 0.0313416 0.0328703
5.06 0.0275068 0.028241 0.00587487 0.0281272
5.07 0.0121029 0.104213 -0.0179135 0.0216188
5.08 -0.00183194 0.00579784 0.0645987 0.0646247
5.09 0.0112435 0.0870571 0.0128787 0.0170961
5.1 0.0306423 0.0890279 0.0512338 0.059698
5.11 0.0128966 0.0502765 0.045317 0.0471163
5.12 0.00405476 0.0914733 0.00714574 0.008216
5.13 0.0183772 -0.109182 0.057568 0.0604301
5.14 0.0054962 0.0149244 0.0319102 0.03238
5.15 0.0167532 0.0482166 0.0452558 0.0482572
5.16 0.0085847 0.0799067 0.0324396 0.0335563
5.17 0.013188 -0.0481043 0.0511124 0.0527863
5.18 0.01294 0.00132481 0.0323549 0.0348465
5.19 0.0207599 0.0011962 0.0385622 0.0437952
5.2 0.0125113 0.0416985 0.0520374 0.0535203
5.21 0.0125552 0.0596697 0.0385038 0.0404991
5.22 0.0271515 0.117802 0.0128077 0.0300207
5.23 0.011697 0.0288586 0.044673 0.046179
5.24 0.0189727 0.149182 0.0388489 0.0432342
5.25 0.000923872 -0.00469206 0.0256127 0.0256293
5.26 0.0161916 0.0172291 0.038426 0.0416981
5.27 0.00830776 0.00853751 0.0449469 0.0457082
5.28 0.0133726 -0.0343304 0.00648944 0.0148641
5.29 0.0063325 -0.0611998 -0.00639163 0.00899742
5.3 0.0170943 0.00315342 0.0124788 0.0211645
5.31 0.0119463 0.0419845 0.0384748 0.0402868
5.32 0.00482919 0.0196804 0.051525 0.0517509
5.33 0.0172331 -0.0460204 0.0252667 0.0305841
5.34 0.00902433 -0.0139284 0.0444242 0.0453315
5.35 0.00894319 0.0351218 0.0581598 0.0588434
5.36 0.0129913 0.0368826 0.0262526 0.0292912
5.37 0.00472654 0.0420708 0.0259794 0.0264059
5.38 0.00170908 -0.0098767 0.0518689 0.0518971
5.39 0.00624444 -0.00337303 0.0644034 0.0647054
