0 0.00543538 -0.195501 -0.0200234 0.020748
0.01 0.0137469 0.0676881 -0.0195484 0.023898
0.02 0.00843066 -0.0453215 0.0251306 0.026507
0.03 0.000165324 -0.0135502 -0.0123211 0.0123223
0.04 0.0037253 0.038137 0.00662235 0.00759825
0.05 8.81143e-05 -0.0314439 -0.0314428 0.031443
0.06 0.000244832 -0.0715651 -0.020234 0.0202355
0.07 0.0149129 -0.00039878 -0.0195112 0.0245577
0.08 -0.0119232 -0.00181197 -0.0320238 0.0341714
0.09 0.00298678 -0.00188774 -0.0454734 0.0455714
0.1 0.00731092 0.14695 0.0136774 0.0155087
0.11 -0.0139642 -0.201556 -0.0264241 0.0298869
0.12 0.00872563 -0.0145273 -0.0258014 0.0272369
0.13 -0.000402302 0.0711164 -0.0315606 0.0315632
0.14 -0.0105308 -0.123509 -0.0325983 0.0342571
0.15 -0.000181241 0.0447154 -0.0320844 0.0320849
0.16 0.0120843 -0.0389156 -0.0191676 0.0226589
0.17 0.000319304 -0.000382752 0.00712218 0.00712933
0.18 0.0110538 0.0151753 0.00628729 0.0127168
0.19 -0.0047967 0.0165562 -0.025724 0.0261674
0.2 0.00628358 0.0406305 -0.00625277 0.00886456
0.21 0.000946904 -0.0366449 0.00044282 0.00104533
0.22 0.00695232 0.0129316 -0.0507317 0.0512058
0.23 0.00415517 -0.00271996 0.00713129 0.00825353
0.24 -0.00793753 -0.0132783 -0.0253098 0.0265253
0.25 -0.00221232 0.0411403 -0.00573937 0.006151
0.26 -0.00332105 -0.0388709 0.0137163 0.0141126
0.27 -0.000811467 0.0360404 -0.0318044 0.0318148
0.28 0.00810378 0.00397363 -0.0452188 0.0459392
0.29 0.0106667 0.020453 -0.0388995 0.0403355
0.3 -0.00209833 0.045603 -0.00595261 0.00631162
0.31 -0.00217223 -0.136908 0.00594468 0.00632912
0.32 0.0011806 -0.0990514 -0.0320873 0.032109
0.33 0.0062074 0.058709 -0.0131516 0.0145429
0.34 0.00184258 0.110135 -0.0185081 0.0185995
0.35 0.0153228 0.0130138 -0.00623179 0.0165416
0.36 0.00816626 -0.0272827 -0.0130768 0.0154172
0.37 -0.00517593 -0.0151465 -0.051041 0.0513028
0.38 0.000981134 -0.0365617 0.00684517 0.00691513
0.39 0.00368746 -0.0202548 0.0255358 0.0258007
0.4 0.00413443 -0.02938 -0.03215 0.0324147
0.41 -0.00492166 0.00251661 -0.0120306 0.0129984
0.42 0.00818931 -0.0633204 -0.00629284 0.0103279
0.43 0.00233455 0.167822 -0.00532296 0.0058124
0.44 0.00771908 -0.0179766 -0.00678254 0.0102756
0.45 0.0166791 -0.0592603 -0.00038464 0.0166835
0.46 -0.00351042 -0.0693969 0.000148656 0.00351357
0.47 0.00292072 0.0868638 -0.0187462 0.0189724
0.48 0.0187188 -0.00202444 -0.0263858 0.0323513
0.49 0.000887687 -0.0314793 0.0323647 0.0323769
0.5 0.0140192 0.0447763 -0.0189627 0.0235822
0.51 0.00788122 -0.00043394 0.025555 0.0267427
0.52 0.000776243 -0.0227315 -0.0314522 0.0314618
0.53 0.00434631 -0.0293861 -0.00697328 0.00821687
0.54 0.00370655 0.0109932 -0.0124675 0.0130068
0.55 0.0168993 -0.0188794 -0.00036807 0.0169034
0.56 -0.00752871 -0.0490489 -0.0187905 0.0202426
0.57 -0.00739545 -0.0361588 0.000723144 0.00743072
0.58 0.00490444 -0.145928 -0.0455622 0.0458254
0.59 -0.00127199 0.116226 -0.0120029 0.0120701
0.6 0.00387206 -0.0291206 -0.0127486 0.0133237
0.61 0.0140898 0.12083 -0.0125524 0.0188702
0.62 0.0148402 0.0531876 -0.0191343 0.0242147
0.63 -0.00720982 -0.0489876 0.0184174 0.0197783
0.64 0.0012587 -0.179847 -0.0325497 0.032574
0.65 0.0229777 -0.0588817 -0.0390006 0.0452662
0.66 0.023122 0.0126078 4.58369e-05 0.0231221
0.67 0.014678 0.0130051 -0.0451358 0.0474624
0.68 -6.68727e-05 -0.0138411 -0.012289 0.0122892
0.69 0.00619827 0.120955 0.000750033 0.00624348
0.7 0.00733913 0.0356574 -0.00594081 0.00944225
0.71 0.0112494 0.0196295 0.000212803 0.0112514
0.72 0.00642937 0.0267829 0.00663491 0.00923898
0.73 -0.00527594 0.0254565 -0.0318936 0.032327
0.74 0.00736081 0.0398385 0.013426 0.0153114
0.75 0.00230205 -0.112984 0.0131058 0.0133065
0.76 0.00801509 -0.0315052 -0.0132044 0.0154466
0.77 0.0032798 -0.0245222 -0.044958 0.0450775
0.78 0.00726669 -0.0133689 -0.019444 0.0207575
0.79 -0.00690581 -0.0183668 0.00738756 0.0101127
0.8 0.01921 0.0330236 -0.00686211 0.0203988
0.81 0.00929598 -0.139272 -0.0202617 0.0222924
0.82 0.00136226 -0.0502805 -0.0126138 0.0126871
0.83 0.00792757 -0.0270689 0.000192802 0.00792991
0.84 0.00107048 0.0345674 0.0395596 0.039574
0.85 0.0023942 0.0382001 0.013299 0.0135128
0.86 -0.010797 -0.0242371 0.0124487 0.0164786
0.87 0.000298962 -0.0138517 -0.0124833 0.0124869
0.88 0.00105586 -0.130225 -0.00722959 0.00730628
0.89 0.00401071 -0.011371 -0.00053226 0.00404588
0.9 0.0183464 0.0199928 0.000265863 0.0183483
0.91 0.00366676 -0.0778458 -0.0260897 0.0263461
0.92 0.00256709 0.0655005 -0.0192352 0.0194057
0.93 -0.0137083 -0.121358 0.0127698 0.0187346
0.94 0.00670694 0.0805735 -0.0247937 0.0256848
0.95 0.0103416 0.0159571 -0.0135858 0.0170741
0.96 0.0156212 -0.027401 -0.00667511 0.0169876
0.97 0.0128804 -0.0571631 -5.22886e-05 0.0128805
0.98 0.00249387 0.083256 -0.0321956 0.032292
0.99 0.000944352 -0.0231307 0.0261801 0.0261971
1 0.00193581 -0.0593829 -0.00583276 0.0061456
1.01 0.00754777 0.00408653 -0.0188799 0.0203327
1.02 -0.00299799 -0.0338913 -0.0317895 0.0319306
1.03 0.00235634 0.0695713 -0.0512303 0.0512844
1.04 0.00457704 -0.100898 -0.0325655 0.0328856
1.05 0.00217578 0.056431 0.0191667 0.0192898
1.06 -0.00415978 -0.0421967 -0.0386698 0.0388929
1.07 -0.00635472 -0.175155 -0.00715626 0.00957051
1.08 -0.00369381 0.00202397 0.0134773 0.0139743
1.09 0.00340995 -0.00204127 0.0059944 0.00689642
1.1 0.0117234 -0.0607505 -0.0131161 0.0175918
1.11 0.000738362 -0.103763 -0.00620027 0.00624408
1.12 0.01103 0.0380415 -0.045311 0.0466342
1.13 0.00256426 0.033916 -0.0322124 0.0323143
1.14 -0.00375212 0.00200619 -0.0119318 0.0125079
1.15 0.00647636 0.116093 0.0137142 0.0151665
1.16 -0.00640916 -0.0944051 -0.0128282 0.0143401
1.17 0.00446703 -0.0697117 -0.0261909 0.0265692
1.18 0.0113252 0.0109994 -0.0189027 0.0220357
1.19 -0.000516486 -0.0266714 -0.0449863 0.0449893
1.2 -0.00182024 0.0407417 0.00701158 0.007244
1.21 0.00059572 -0.116802 -0.0131095 0.013123
1.22 -0.00482499 0.0252559 -0.0451251 0.0453823
1.23 0.00728673 0.0217827 -0.0380127 0.0387048
1.24 0.000759015 -0.152508 -0.0392836 0.0392909
1.25 -0.0115768 0.0200565 -0.0182948 0.02165
1.26 0.0039475 0.0290116 -0.00618263 0.00733537
1.27 0.0049785 -0.0343668 -0.0318761 0.0322626
1.28 0.0142583 0.0803934 -0.0188951 0.0236711
1.29 -0.00207077 -0.128347 0.0186965 0.0188109
1.3 0.00536288 -0.0968158 0.019068 0.0198078
1.31 0.000436901 0.0130241 0.0262253 0.0262289
1.32 0.0157033 -0.027268 -0.0136507 0.0208071
1.33 0.00805759 -0.0589545 -0.0129465 0.0152492
1.34 0.0118208 -0.00754405 -0.038816 0.040576
1.35 0.00817978 -0.0274769 -0.00660414 0.010513
1.36 -0.00139117 -0.0532222 0.00646195 0.00661
1.37 0.0150457 0.0217787 0.000241115 0.0150476
1.38 0.00590104 0.165434 -0.00562251 0.00815076
1.39 -0.00429041 0.0603749 -0.00555049 0.00701538
1.4 0.012288 -0.0432969 -0.00688504 0.0140854
1.41 0.00700967 0.0758271 -0.0442143 0.0447665
1.42 -0.00153822 -0.102173 0.0389554 0.0389857
1.43 0.00864275 -0.0187449 0.0131293 0.0157186
1.44 -0.00140116 -0.0437419 -0.0583401 0.058357
1.45 0.00580646 -0.0709244 0.000340048 0.00581641
1.46 0.00813779 -0.018744 -0.00622491 0.0102456
1.47 -0.0114071 0.0286222 0.0335147 0.0354028
1.48 0.0233681 0.0126849 0.0316249 0.0393218
1.49 0.00501053 -0.123382 -0.0136166 0.0145092
1.5 0.00777797 0.00860422 0.00658657 0.0101921
1.51 0.000824141 -0.0720458 -0.000198737 0.000847764
1.52 0.00702821 0.0133887 0.00692416 0.00986609
1.53 0.00739187 0.097739 0.0261947 0.0272177
1.54 0.0073296 0.0715009 -0.0062521 0.00963389
1.55 -0.00502145 0.190016 0.0267645 0.0272315
1.56 0.00750321 0.0266753 -0.0704079 0.0708066
1.57 -0.00608032 -0.143842 6.8127e-05 0.00608071
1.58 0.00914204 -0.059275 0.000189953 0.00914402
1.59 -0.00225117 -0.0346096 0.0196251 0.0197538
1.6 -0.0053466 0.0256129 -0.0386375 0.0390056
1.61 0.00324189 0.0915221 -0.0117429 0.0121822
1.62 0.000597775 -0.0184356 0.000410567 0.000725189
1.63 0.0186321 0.0155834 0.0318257 0.0368786
1.64 0.000841234 -0.0365711 -0.0127034 0.0127312
1.65 0.0181626 0.0423719 0.00572011 0.019042
1.66 0.0151156 -0.0539633 -0.0139887 0.0205953
1.67 0.0149559 0.0174119 -0.00679182 0.0164258
1.68 0.000326812 -0.0583823 -0.00641947 0.00642778
1.69 -0.00413197 -0.109367 -0.0262674 0.0265904
1.7 -0.00382241 -0.10045 -0.0325552 0.0327788
1.71 0.00854705 -0.0318945 0.0190945 0.0209201
1.72 -0.00472395 -0.05967 -0.0197623 0.0203191
1.73 0.00362738 0.0199659 -0.0124291 0.0129476
1.74 0.00749763 -0.00476673 -0.025932 0.0269941
1.75 -0.00730648 0.0217792 0.0137624 0.0155817
1.76 0.000488359 -0.0274673 -0.0057977 0.00581823
1.77 0.0108433 -0.0156086 -0.032348 0.034117
1.78 0.00424656 -0.0299586 -0.0322444 0.0325228
1.79 -0.000971213 0.0179943 -0.0188119 0.0188369
1.8 0.0153576 0.00380939 -6.81015e-05 0.0153577
1.81 0.0193703 -0.0117885 -0.026099 0.0325018
1.82 0.00826194 -0.0141329 -0.0190426 0.0207576
1.83 0.00711326 -0.0358238 -0.039126 0.0397674
1.84 -0.00286607 -0.034353 -0.00569805 0.00637826
1.85 0.0115947 -0.0340679 -0.0321699 0.0341956
1.86 -0.00109057 0.0716718 -0.00617145 0.00626707
1.87 -0.00652155 -0.058972 -0.00609294 0.00892494
1.88 0.000567418 -0.108102 -0.0325131 0.032518
1.89 0.00656806 0.0803829 0.0070499 0.00963538
1.9 0.00664123 -0.0531766 -0.0135456 0.015086
1.91 0.00629669 0.027245 -0.0194559 0.0204495
1.92 0.0229243 0.0257719 -0.0252354 0.0340932
1.93 0.0033624 0.0114417 -0.0385964 0.0387426
1.94 -0.00606388 -0.170742 -0.0388723 0.0393424
1.95 0.011172 0.0110036 0.00646836 0.0129094
1.96 -0.00735524 -0.00465318 -0.0122118 0.0142558
1.97 0.010992 0.00212837 -0.00648313 0.0127614
1.98 0.0274072 0.00582498 0.0450315 0.0527162
1.99 0.000620668 -0.018481 -0.00572119 0.00575476
2 0.00870463 0.0169418 0.0195612 0.0214105
2.01 0.000122388 0.0485926 0.0203174 0.0203177
2.02 -0.00489161 0.0338738 -0.0123611 0.0132937
2.03 0.00334647 0.0196255 0.000981117 0.00348733
2.04 0.00237648 0.0564964 -0.0447209 0.044784
2.05 0.0159438 -0.0318696 -0.026166 0.0306409
2.06 -0.000971335 0.116683 0.000769648 0.00123929
2.07 -0.00156285 0.0318601 -0.025644 0.0256916
2.08 -7.7208e-05 -0.0178937 -0.0191217 0.0191218
2.09 0.00621123 0.116837 0.0129242 0.0143392
2.1 -0.00480132 0.0289533 -0.00556679 0.00735132
2.11 0.000604501 -0.0764346 -0.013131 0.0131449
2.12 0.0219865 0.0001713 -0.0395799 0.0452766
2.13 -0.0108191 -0.0472952 0.0199725 0.0227146
2.14 0.0230035 0.0262281 -0.0261495 0.0348275
2.15 0.00838732 0.0168408 0.0326305 0.0336912
2.16 0.00820899 -0.031931 -0.0454104 0.0461465
2.17 -0.00022861 -0.0181926 -0.0249507 0.0249518
2.18 -0.0106518 -0.0115015 -0.0118422 0.0159279
2.19 0.0014572 -0.0412152 0.0133748 0.013454
2.2 0.00731403 -0.0266713 -0.0262448 0.0272449
2.21 0.00651059 0.116176 0.0201166 0.0211439
2.22 -0.00418542 -0.0152844 -0.013378 0.0140174
2.23 0.0200605 -0.155356 -0.0265571 0.0332821
2.24 0.0121314 -0.0523791 0.000284618 0.0121348
2.25 0.0113914 -0.00706662 -0.0256523 0.0280679
2.26 0.00831445 -0.0321658 -0.00601195 0.0102603
2.27 0.00720265 0.057945 -0.0127502 0.0146439
2.28 0.010201 0.0250741 -0.00664207 0.0121728
2.29 -0.00767975 -0.0221795 -0.0328268 0.0337132
2.3 -0.00310722 -0.0694864 -0.0259578 0.0261431
2.31 -0.0013804 0.0364889 -0.0130526 0.0131254
2.32 0.00578026 0.103167 -0.0254235 0.0260723
2.33 -0.00476387 -0.0193523 -0.00640586 0.00798308
2.34 0.003229 0.100984 0.00716165 0.00785593
2.35 0.00192416 0.0701912 0.0193865 0.0194817
2.36 0.00806878 -0.00962277 -0.018791 0.0204501
2.37 0.00771849 -0.0313289 -0.000205345 0.00772122
2.38 0.0187888 0.0286085 -0.00618401 0.0197804
2.39 -0.00140867 0.0142577 -0.0447985 0.0448206
2.4 0.0133653 0.0455759 -0.0134273 0.0189453
2.41 0.00036493 -0.147883 -0.0265359 0.0265384
2.42 0.0111412 0.0332175 0.0128045 0.016973
2.43 0.0122426 -0.0342214 -0.0255829 0.0283613
2.44 -0.0141416 -0.174923 -0.0320998 0.0350768
2.45 -0.000197778 0.013164 -0.0252813 0.025282
2.46 0.0118893 -0.0168069 -0.0251356 0.0278056
2.47 0.000772193 -0.143596 0.0188193 0.0188351
2.48 0.00381814 0.0197022 -0.0123207 0.0128987
2.49 0.0116588 -0.00278883 0.000154942 0.0116598
2.5 -0.00385319 -0.0292137 0.00679405 0.00781065
2.51 0.00827191 -0.0273563 6.87698e-05 0.0082722
2.52 0.0110321 0.0912895 -0.0453693 0.0466914
2.53 0.00431467 -0.00713297 -0.0509143 0.0510968
2.54 0.0122405 -0.0301557 0.0261693 0.0288905
2.55 0.00343062 0.0691023 -0.0254875 0.0257173
2.56 0.00389289 -0.0739616 -0.0263948 0.0266803
2.57 0.0138819 0.0403398 0.0125209 0.0186944
2.58 -0.0144153 -0.121221 -0.0192269 0.0240307
2.59 -0.00363915 -0.0427144 -0.0189051 0.0192522
2.6 0.0179409 -0.00189304 -0.0388728 0.0428132
2.61 0.0154475 0.0083374 -0.0192881 0.0247115
2.62 0.00747322 0.00440537 0.00669141 0.0100311
2.63 0.00335663 0.0197739 -0.0116233 0.0120983
2.64 0.0153015 -0.000615889 0.000415686 0.0153071
2.65 0.0150067 0.0396173 -0.00631689 0.016282
2.66 0.0192277 0.0241951 4.83256e-06 0.0192277
2.67 0.0119389 -0.0118769 -0.0123795 0.0171985
2.68 0.0086079 -0.05482 0.0196427 0.021446
2.69 0.0105927 0.00205539 -0.0126912 0.0165309
2.7 0.00158013 0.061372 -0.0321203 0.0321592
2.71 0.00667708 0.0493774 -0.0507162 0.0511538
2.72 0.0104284 -0.0329236 -0.00649699 0.0122867
2.73 0.00329419 0.0337346 -0.00634807 0.0071519
2.74 -0.00308255 -0.0429887 -0.0189911 0.0192396
2.75 0.000285449 -0.0136575 -0.018956 0.0189581
2.76 0.0156679 -0.0540556 -0.00689868 0.0171194
2.77 0.00169611 -0.0951803 0.0454912 0.0455228
2.78 -0.000164104 0.00932386 -0.0131774 0.0131784
2.79 0.018896 -0.011523 -0.0318743 0.0370545
2.8 0.022305 0.0398458 0.00637873 0.0231992
2.81 0.0122325 -0.0117302 -0.019317 0.0228644
2.82 0.0099977 0.0294358 0.00621399 0.0117715
2.83 0.000313262 -0.0808278 -0.00655357 0.00656105
2.84 0.00087506 -0.0496792 -0.0259768 0.0259915
2.85 0.0073415 0.00877126 3.77004e-05 0.0073416
2.86 -0.000195482 -0.116315 -0.0583239 0.0583243
2.87 -0.0131025 -0.00976075 -0.0130628 0.0185017
2.88 0.00547934 0.0802506 -0.0832516 0.0834317
2.89 0.040992 0.0538357 -0.517938 0.519558
2.9 0.0409091 -0.0306283 -0.686353 0.687571
2.91 0.0592839 0.105224 -0.668064 0.670689
2.92 0.0713612 -0.178952 -0.53479 0.53953
2.93 0.0800939 -0.0499335 -0.561097 0.566785
2.94 0.0683387 -0.198538 -0.659034 0.662568
2.95 0.0825439 -0.0995692 -0.845138 0.84916
2.96 0.0517898 -0.00074387 -1.01735 1.01866
2.97 0.0507037 -0.0837383 -1.24945 1.25048
2.98 0.0264387 -0.08231 -1.42255 1.42279
2.99 0.0475834 -0.112783 -1.61084 1.61154
3 0.0568807 -0.105653 -1.82395 1.82484
3.01 0.0871621 -0.217557 -1.96733 1.96926
3.02 0.104051 -0.143661 -2.27891 2.28129
3.03 0.122324 -0.198374 -2.51193 2.51491
3.04 0.0985822 -0.205453 -2.71131 2.7131
3.05 0.0977236 -0.155607 -2.84021 2.84189
3.06 0.105348 -0.0887189 -2.98255 2.98441
3.07 0.131808 -0.158745 -3.0867 3.08951
3.08 0.147762 -0.0836074 -3.1698 3.17324
3.09 0.174121 -0.345736 -3.35263 3.35715
3.1 0.177813 -0.271187 -3.46923 3.47378
3.11 0.202443 -0.139195 -3.61053 3.6162
3.12 0.21194 -0.269686 -3.74781 3.7538
3.13 0.233024 -0.149074 -3.89123 3.8982
3.14 0.262115 -0.305863 -4.04822 4.0567
3.15 0.303477 -0.339979 -4.16724 4.17827
3.16 0.335477 -0.493909 -4.39516 4.40795
3.17 0.359323 -0.388679 -4.53148 4.5457
3.18 0.382181 -0.38058 -4.74683 4.76219
3.19 0.445869 -0.406321 -4.90483 4.92506
3.2 0.462476 -0.466611 -5.07482 5.09584
3.21 0.506859 -0.489341 -5.21324 5.23782
3.22 0.542142 -0.4499 -5.36821 5.39552
3.23 0.571182 -0.526282 -5.5118 5.54131
3.24 0.59998 -0.455189 -5.66668 5.69836
3.25 0.625636 -0.582229 -5.74629 5.78025
3.26 0.63327 -0.494295 -5.7648 5.79948
3.27 0.647478 -0.614569 -5.90051 5.93592
3.28 0.640599 -0.623876 -5.90619 5.94083
3.29 0.457404 -0.385215 -4.7085 4.73067
3.3 0.538795 -0.298655 -3.77041 3.80871
3.31 0.554004 -0.256344 -3.69412 3.73543
3.32 0.531139 -0.484683 -5.24495 5.27177
3.33 0.56761 -0.252247 -7.86863 7.88908
3.34 0.489824 -0.635641 -7.57647 7.59229
3.35 0.483659 -0.761505 -6.09085 6.11002
3.36 0.651839 -0.773638 -4.89297 4.9362
3.37 0.807489 -0.646342 -4.31925 4.39408
3.38 0.832459 -0.658754 -4.0915 4.17532
3.39 0.750037 -0.624245 -4.2353 4.3012
3.4 0.613448 -0.645248 -4.30859 4.35204
3.41 0.465219 -0.548979 -4.14833 4.17433
3.42 0.372501 -0.576691 -3.66144 3.68034
3.43 0.302491 -0.569765 -3.16207 3.17651
3.44 0.288741 -0.560636 -2.71698 2.73228
3.45 0.277214 -0.646422 -2.43981 2.45551
3.46 0.247621 -0.547611 -2.28228 2.29567
3.47 0.21969 -0.445535 -2.03983 2.05163
3.48 0.186126 -0.215655 -1.69742 1.7076
3.49 0.158593 -0.395297 -1.2471 1.25715
3.5 0.144892 -0.0788857 -0.777582 0.790966
3.51 0.0981993 -0.060144 -0.372547 0.385271
3.52 0.075658 0.0115295 -0.122682 0.144135
3.53 0.0535941 0.0874443 -0.0293785 0.0611181
3.54 0.0186528 0.069007 -0.0174632 0.0255517
3.55 0.00726473 0.0134976 -0.000283936 0.00727027
3.56 -0.00372487 -0.00230601 0.00671487 0.00767881
3.57 0.00694402 -0.00890034 4.68292e-05 0.00694418
3.58 0.00565915 0.050006 0.00640569 0.00854745
3.59 0.0111314 -0.056333 0.00606607 0.0126769
3.6 0.00876328 -0.0724424 0.0256274 0.0270843
3.61 -0.00443508 -0.0246477 0.0133718 0.0140881
3.62 0.0264039 -0.00705414 0.00635803 0.0271586
3.63 0.00324763 -0.0197451 -9.01562e-05 0.00324888
3.64 0.0235865 -0.0319287 -0.0135944 0.0272237
3.65 -0.000563979 -0.00410134 -0.0128083 0.0128207
3.66 -0.00865759 0.0987515 0.0268703 0.0282306
3.67 0.00656028 -0.00396539 -0.0260629 0.0268759
3.68 0.00656034 0.0450572 0.00695013 0.00955732
3.69 0.00774511 -0.0449085 -0.00693584 0.0103968
3.7 0.00197364 -0.0233872 -0.0388336 0.0388837
3.71 0.01054 0.0293561 -0.000344555 0.0105456
3.72 0.00684472 0.0131473 -0.00642169 0.00938554
3.73 0.0227184 -0.0268767 -0.032875 0.0399611
3.74 0.0155406 -0.0355232 -0.0457502 0.0483176
3.75 0.022235 -0.000216209 -0.0129473 0.0257299
3.76 0.00116832 -0.0724944 0.0259308 0.0259571
3.77 -0.00137638 0.107989 -0.0186926 0.0187432
3.78 0.00261118 -0.0728727 -0.0264023 0.0265311
3.79 0.00365242 -0.0335094 -0.0256809 0.0259393
3.8 -0.00469722 -0.00158732 0.000181678 0.00470073
3.81 0.00731167 0.000214964 -0.0322233 0.0330424
3.82 0.00701189 0.00463819 -0.0188642 0.0201252
3.83 -0.00312428 -0.0785784 0.0258984 0.0260861
3.84 0.0127969 -0.110583 0.0572563 0.058669
3.85 -0.00134577 0.0497631 0.0130255 0.0130949
3.86 0.0111975 -0.0198516 0.0120166 0.016425
3.87 -0.00993536 0.0864671 1.17724e-05 0.00993536
3.88 0.00665817 -0.00843402 -0.000672954 0.00669209
3.89 0.0158062 -0.0362865 -0.0198209 0.0253516
3.9 0.00369004 -0.0243401 -0.0010772 0.00384406
3.91 -0.000902357 0.0849224 0.0196742 0.0196949
3.92 0.010621 -0.0198551 0.0121728 0.0161549
3.93 -0.000632189 0.0181914 0.01944 0.0194503
3.94 0.0139518 0.0229269 0.00640418 0.0153514
3.95 -0.000278051 -0.0260696 -0.0253084 0.0253099
3.96 0.0151821 -0.0137197 0.0125133 0.0196744
3.97 -0.0127857 0.123723 0.0263458 0.0292843
3.98 -0.00138457 -0.0125323 0.0125019 0.0125783
3.99 -0.00870754 0.00976414 0.0258525 0.0272796
4 0.0228871 -0.0448544 0.00583532 0.0236193
4.01 0.00759817 0.022188 0.0386881 0.0394272
4.02 -0.000850268 -0.0262551 -0.0323281 0.0323393
4.03 0.00137539 -0.134532 0.00559404 0.00576064
4.04 -0.000389721 -0.0264875 -0.00677245 0.00678365
4.05 0.000183828 -0.0355899 8.58304e-06 0.000184028
4.06 -0.000657283 -0.0977078 -0.0068696 0.00690097
4.07 -0.00973269 0.0728382 -0.0382221 0.0394418
4.08 0.011329 0.0332768 0.0189745 0.0220992
4.09 0.00425639 -0.0207033 0.00678392 0.00800865
4.1 -0.00793946 0.00950329 0.0258047 0.0269985
4.11 0.0118798 -0.0291898 -0.000371347 0.0118856
4.12 -0.00559127 -0.0188066 -0.000567775 0.00562003
4.13 0.0219147 5.9306e-06 0.00618348 0.0227704
4.14 -0.0012195 0.00502913 -0.0388666 0.0388858
4.15 0.001573 0.10618 -0.0382545 0.0382868
4.16 0.00657204 -0.0347874 -0.000735011 0.00661301
4.17 0.0099973 0.0162446 -0.0134618 0.016768
4.18 0.0145874 0.0270325 -0.000297321 0.0145904
4.19 0.00708227 0.00886878 -0.0128754 0.0146947
4.2 0.0111585 0.0111978 -4.26918e-06 0.0111585
4.21 -0.0200143 -0.00597936 0.0196677 0.0280604
4.22 0.00491478 -0.1686 -0.000436544 0.00493413
4.23 0.0120304 -0.0609592 0.012672 0.0174731
4.24 0.0131853 0.0593404 -0.0327173 0.0352743
4.25 0.0229806 -0.0272973 -0.0260234 0.0347178
4.26 -0.000354928 -0.0892625 -0.0066144 0.00662392
4.27 0.0151748 0.0177163 0.0380949 0.0410061
4.28 -0.00162679 0.0813303 0.0454744 0.0455035
4.29 0.00799098 -0.0540796 -0.0258726 0.0270786
4.3 0.00319767 -0.0152264 -0.0388581 0.0389894
4.31 0.0039224 -0.0201063 -0.0319494 0.0321893
4.32 -0.0145223 -0.138584 0.00615921 0.0157745
4.33 0.00791187 0.00391568 0.0071788 0.0106833
4.34 -0.00227813 0.0591866 0.0261489 0.026248
4.35 -0.00470882 0.00267128 -0.0131069 0.013927
4.36 0.00694785 0.0492276 0.0261226 0.0270308
4.37 0.00749449 -0.00460479 0.00638246 0.00984394
4.38 0.00885692 -0.135019 -0.000197622 0.00885913
4.39 0.00268647 0.0650517 0.0517745 0.0518442
4.4 0.00471794 -0.0649167 -0.000794774 0.00478442
4.41 0.0187109 -0.0160094 0.0129873 0.0227764
4.42 0.0115512 0.0241515 0.00616949 0.0130955
4.43 0.00636378 0.0808408 0.000468869 0.00638103
4.44 0.00523146 0.0905403 -0.000164729 0.00523405
4.45 0.0126319 0.148532 0.00690355 0.0143953
4.46 0.0069391 0.0182893 0.0252684 0.0262039
4.47 -0.0100293 -0.110156 0.0387487 0.0400256
4.48 0.00593483 -0.0211333 -0.0265036 0.02716
4.49 0.00599972 0.0406131 0.0132189 0.0145168
4.5 0.0154517 -0.0135078 -0.013431 0.0204731
4.51 0.0133918 0.0544748 -0.000242751 0.013394
4.52 0.0114931 -0.0560005 -0.0132053 0.0175063
4.53 0.00407638 -0.00693883 -0.0125061 0.0131537
4.54 0.00612363 0.00546951 -0.00723515 0.00947873
4.55 0.0137994 0.0496553 -0.00651778 0.0152612
4.56 0.00424559 -0.150008 -0.0075903 0.00869699
4.57 0.013648 0.0547004 0.0187319 0.0231765
4.58 0.00648675 0.0455366 0.00626842 0.00902059
4.59 0.0108301 0.00704463 0.00623237 0.0124953
4.6 0.017516 0.0249464 -0.0197883 0.026427
4.61 0.00318574 -0.028707 -0.044815 0.0449281
4.62 0.00527325 0.175152 -0.0120411 0.0131452
4.63 0.0120825 -0.0695435 -0.000311679 0.0120865
4.64 0.00767531 0.0177838 -0.0134962 0.015526
4.65 -0.00300693 -0.0649907 -0.00639074 0.0070628
4.66 0.0109788 -0.10029 -0.0268365 0.0289954
4.67 -0.000290213 0.0447901 0.0133375 0.0133407
4.68 0.00490134 -0.0658131 0.0321101 0.0324821
4.69 0.00837952 -0.0675074 -0.000482946 0.00839342
4.7 0.000340361 -0.0359367 -0.00628537 0.00629458
4.71 0.00109448 0.17337 0.0139668 0.0140096
4.72 0.0105287 0.00250313 0.0254143 0.0275089
4.73 0.00190245 0.0433704 0.00635818 0.0066367
4.74 0.0225258 -0.00901428 -0.0392006 0.0452117
4.75 -0.00195764 0.0550407 0.0127195 0.0128693
4.76 0.007696 0.00863223 -0.0126908 0.014842
4.77 -0.0165803 0.0590372 -0.0324328 0.0364252
4.78 0.00703737 0.0405643 -0.0127732 0.0145835
4.79 0.0102685 0.149517 0.00700969 0.0124329
4.8 0.00702662 0.0270636 0.00640844 0.00951007
4.81 0.0130164 0.15711 0.000183126 0.0130177
4.82 -0.00122096 0.116749 0.0266437 0.0266717
4.83 0.00759216 -0.00889272 -0.0196191 0.0210369
4.84 0.000754581 0.00367651 0.0391703 0.0391775
4.85 -0.00153217 0.018914 -0.00660297 0.00677841
4.86 0.0140261 0.00923618 0.0125487 0.0188203
4.87 -0.0080865 -0.0219084 0.000455533 0.00809932
4.88 -0.00483729 -0.00175781 0.00688674 0.00841585
4.89 -0.0182402 -0.0602848 0.000296832 0.0182426
4.9 0.0070304 -0.0174017 -0.00653448 0.00959822
4.91 0.0244661 0.150062 -6.00786e-05 0.0244662
4.92 0.00845378 -0.0360798 0.0192374 0.021013
4.93 0.00498233 -0.0923845 0.0382889 0.0386117
4.94 0.00577192 0.031849 -0.0126076 0.013866
4.95 -0.00424468 -0.0154628 -0.0125341 0.0132333
4.96 -0.00106689 -0.02188 0.0254469 0.0254692
4.97 0.00349688 -0.00661917 -0.0062884 0.00719529
4.98 0.0160678 -0.0500593 -0.00639214 0.0172926
4.99 0.00419068 -0.127729 -0.0202609 0.0206898
5 -0.00446889 -0.082064 -0.0195877 0.020091
5.01 0.00430299 -0.0380899 0.0319376 0.0322262
5.02 0.00134247 0.097558 -0.00662792 0.00676251
5.03 0.00766398 -0.00906915 0.0122626 0.0144606
5.04 -0.00109987 0.050021 -0.00678695 0.00687549
5.05 0.00219645 -0.0232451 -0.0262614 0.0263531
5.06 0.00743301 -0.000375705 -0.0186666 0.0200921
5.07 0.00367793 0.0287995 0.0197617 0.020101
5.08 0.00248795 0.100856 0.0201548 0.0203077
5.09 0.0145591 -0.0219233 0.00625034 0.0158441
5.1 0.00224801 0.105638 -0.0187216 0.0188561
5.11 0.00128692 0.0612057 -4.36209e-05 0.00128766
5.12 0.00818975 -0.0407002 0.0125072 0.01495
5.13 0.0113815 0.0378837 0.0256666 0.0280769
5.14 -0.00128908 0.0271808 -0.00550392 0.00565287
5.15 0.0184608 0.0244357 0.0251912 0.0312314
5.16 0.0133183 0.0494296 0.0193884 0.0235221
5.17 0.0112695 -0.0066562 0.0121825 0.0165957
5.18 0.000112223 -0.00886953 -0.0187746 0.0187749
5.19 -0.000178717 -0.0849445 -0.013733 0.0137342
5.2 -0.000389318 -0.0132963 0.0129033 0.0129092
5.21 0.00593192 0.072354 0.0194529 0.0203372
5.22 0.00994899 0.0293863 0.019592 0.0219734
5.23 0.00223068 -0.023162 -0.019859 0.0199839
5.24 0.00320844 0.0246571 -0.0186881 0.0189616
5.25 -0.000193198 -0.0181296 0.00659016 0.00659299
5.26 0.0104314 0.0693466 0.0264602 0.0284421
5.27 0.000841279 -0.107437 0.0187082 0.0187271
5.28 0.00697648 0.0314211 -0.00610652 0.00927151
5.29 0.0186902 0.0157819 0.00584332 0.0195823
5.3 0.00668446 0.0270285 0.000470992 0.00670103
5.31 0.00293334 0.0118996 -0.000296613 0.0029483
5.32 0.0117344 -0.0247908 0.0127553 0.0173319
5.33 0.0136482 0.0454326 -0.00664538 0.0151801
5.34 0.0064433 -0.0307447 -0.0134496 0.0149134
5.35 -0.00157194 0.0499638 -0.0186238 0.01869
5.36 -0.00914184 0.07639 0.013785 0.0165408
5.37 0.00678032 0.0136147 0.00654516 0.00942401
5.38 -0.0110969 -0.167686 -0.00053384 0.0111097
5.39 0.002745 0.101081 0.0391293 0.0392255
5.4 0.0188859 -0.00224249 -0.0201456 0.0276138
5.41 0.00209446 0.132045 0.0208624 0.0209673
5.42 0.0115525 -0.0160674 -0.0064134 0.0132134
5.43 -0.00187869 0.0499918 0.00697969 0.00722811
5.44 -0.00510517 0.105845 0.0203368 0.0209678
5.45 0.00340235 -0.00249318 -0.0126013 0.0130525
5.46 0.0112707 -0.0203115 -0.0124403 0.0167866
5.47 -0.000927651 -0.034881 -0.0260732 0.0260897
5.48 -0.00510383 0.0297757 0.0195553 0.0202103
5.49 -0.00265227 -0.181114 -0.0012835 0.00294651
5.5 0.0106371 0.114309 0.0192497 0.0219932
5.51 -0.00350706 -0.0734827 -0.0264644 0.0266957
5.52 0.0225376 0.0533279 0.0260223 0.0344254
5.53 0.0119154 -0.0919652 -0.000213346 0.0119173
5.54 0.00705325 0.013484 -0.000322055 0.0070606
5.55 0.0086855 -0.0942595 0.0122066 0.0149813
5.56 0.0101529 0.0116522 0.0384517 0.0397695
5.57 0.0101266 0.00291435 -0.000985201 0.0101744
5.58 0.0145999 0.000294902 -0.00692325 0.0161582
5.59 0.00347062 -0.0156988 0.0319192 0.0321073
5.6 0.000172055 -0.0982738 0.0124302 0.0124314
5.61 0.0169265 0.186201 0.0199126 0.0261346
5.62 0.0129336 0.0278212 -0.0198205 0.0236671
5.63 0.0044707 -0.0117449 0.0261384 0.026518
5.64 0.00361848 0.0115062 0.00663121 0.00755423
5.65 0.0101161 0.00278545 -0.0135194 0.0168851
5.66 0.0189703 0.00669388 -0.0066911 0.0201157
5.67 -0.00772399 -0.00840441 0.0259985 0.0271216
5.68 0.0104792 0.0428526 -1.64164e-05 0.0104792
5.69 0.00562748 0.0590484 -0.0320731 0.0325631
5.7 0.00132696 0.0484085 0.00639242 0.00652869
5.71 -0.00405647 -0.00221231 0.0133116 0.0139159
5.72 0.0162925 -0.166205 -0.00718427 0.0178062
5.73 0.00741227 -0.120542 -0.0201978 0.0215149
5.74 0.00579681 0.0544228 6.06556e-05 0.00579713
5.75 0.00581214 0.03663 0.0127505 0.0140127
5.76 0.00527469 0.170745 0.0138519 0.0148221
5.77 0.0299201 -0.00902767 0.0243836 0.0385976
5.78 0.0143126 0.0221221 0.00669126 0.0157995
5.79 -0.00784404 -0.0130167 -0.0197513 0.0212519
5.8 -0.00198032 0.121565 -0.0118059 0.0119708
5.81 -0.00317881 -0.0657476 0.0392427 0.0393712
5.82 -0.00738308 -0.0536286 0.0194745 0.020827
5.83 0.010959 -0.006266 -0.00642965 0.0127059
5.84 -0.00121729 0.000621642 -0.0129737 0.0130307
5.85 0.0144381 -0.00405669 -0.019585 0.0243317
