0 -0.0114529 0.0648664 0.00660892 0.013223
0.01 -0.00124614 -0.0619689 0.0708537 0.0708647
0.02 0.0050635 -0.0256306 0.0581085 0.0583287
0.03 -0.0190964 -0.0153693 0.0263247 0.0325217
0.04 -0.019281 0.0606197 -0.0124926 0.0229744
0.05 -0.011198 0.0159283 -0.00631507 0.012856
0.06 -0.0146191 0.0403003 0.0202094 0.0249427
0.07 -0.00801824 0.111962 0.0132315 0.0154715
0.08 -0.00302755 0.0599648 0.0263597 0.026533
0.09 -0.00596307 0.119498 -0.0191192 0.0200275
0.1 0.000564418 0.0399323 0.0261455 0.0261516
0.11 -0.0185362 -0.0467561 0.00671865 0.0197162
0.12 -0.00364648 0.0555031 0.00721934 0.008088
0.13 -0.0142919 0.0486798 0.0394714 0.0419791
0.14 -0.0185702 0.0691257 0.00761919 0.0200725
0.15 -0.000565539 0.0359564 0.0260276 0.0260337
0.16 -0.014681 0.0355445 0.0261217 0.0299646
0.17 -0.00790998 0.200968 0.0396585 0.0404396
0.18 -0.00785767 0.0360389 0.033042 0.0339635
0.19 -0.0183512 -0.0114999 0.000454193 0.0183568
0.2 -0.00999608 -0.0604064 0.031719 0.0332568
0.21 -0.015578 0.0849665 0.0270302 0.0311979
0.22 -0.0118412 0.0245429 0.0266051 0.0291213
0.23 -0.0206341 0.164459 0.019776 0.0285807
0.24 -0.0146235 0.0487735 0.0460681 0.0483334
0.25 -0.0143824 0.0575241 0.0269757 0.0305702
0.26 0.00525467 0.0102783 -0.00609041 0.00804392
0.27 0.000302537 0.00860645 -0.0259978 0.0259995
0.28 -0.00028427 0.0535729 0.000338753 0.000442225
0.29 -0.0183933 0.0555233 0.0592243 0.0620148
0.3 0.00830477 0.0129456 0.019054 0.0207852
0.31 -0.00763352 0.0536176 0.00708263 0.0104132
0.32 -0.00472567 0.0831616 0.00670065 0.00819943
0.33 -0.0115918 0.0111052 0.0324469 0.0344553
0.34 -0.00331661 0.0552491 0.0268757 0.0270795
0.35 -0.0228971 0.0807176 -0.0312852 0.038769
0.36 -0.0126305 0.186234 0.0262962 0.0291722
0.37 0.00642461 0.0673444 0.000140094 0.00642614
0.38 -0.000635777 0.0760285 0.000667165 0.000921586
0.39 -7.53419e-05 0.0671008 0.0261142 0.0261143
0.4 -0.0116444 0.0783414 0.00103774 0.0116906
0.41 0.00409387 0.0285163 0.000127855 0.00409587
0.42 0.00363176 0.0688064 0.013408 0.0138912
0.43 -0.0167238 0.09486 0.019924 0.0260125
0.44 -0.0095589 -0.0791286 0.0126519 0.015857
0.45 -0.00613138 0.0127754 0.0131404 0.0145005
0.46 0.000604628 0.0714379 0.0132106 0.0132244
0.47 -0.0208406 -0.148347 -0.00678479 0.0219172
0.48 0.00110647 0.0173935 -0.0254661 0.0254901
0.49 -0.00101851 0.130147 -0.0186832 0.0187109
0.5 -0.000720466 0.192345 -0.00524577 0.00529501
0.51 0.0035425 0.12291 0.0133738 0.013835
0.52 0.000402831 0.0131022 -0.00643068 0.00644328
0.53 -0.0100837 -0.0077433 0.0200431 0.0224367
0.54 -0.00680001 0.0352913 0.000285146 0.00680599
0.55 -0.00411974 0.0691013 0.0200054 0.0204252
0.56 -0.017366 0.0998922 -0.0190995 0.0258142
0.57 -0.00920806 0.148027 0.0265403 0.0280923
0.58 -0.0146872 0.0269424 -0.0122711 0.0191388
0.59 -0.000992428 0.129598 0.0205157 0.0205397
0.6 -0.00316422 0.0820914 0.0458033 0.0459124
0.61 -0.00266916 -0.0297578 -0.0128876 0.0131611
0.62 -0.00311787 0.0422457 0.0259039 0.0260909
0.63 -0.0276495 0.164087 0.0138617 0.0309297
0.64 -0.00792274 0.0581697 0.0329759 0.0339143
0.65 -0.00704052 0.0531037 0.00733755 0.010169
0.66 -0.0147514 0.0848845 0.0261386 0.0300138
0.67 -0.0110602 0.0374602 0.0013142 0.011138
0.68 -0.00314081 0.0463758 8.12999e-05 0.00314186
0.69 0.00090216 -0.00478821 -0.0257086 0.0257244
0.7 -0.00649939 0.0131086 0.0193962 0.0204562
0.71 -0.00700629 0.0531868 0.0137399 0.0154231
0.72 -0.00648111 -0.00500735 0.0260245 0.0268194
0.73 -0.029087 -0.138635 -0.00676819 0.0298641
0.74 -0.00956478 0.0952594 -0.0383205 0.0394962
0.75 -0.00218883 0.0595477 0.0330551 0.0331275
0.76 -0.016012 0.0808871 0.0201213 0.0257148
0.77 -0.0197852 0.0653398 0.0205384 0.0285181
0.78 0.00457809 0.0282382 0.0195517 0.0200805
0.79 -0.013677 -0.00106265 0.0268351 0.0301195
0.8 -0.0187496 0.0695179 0.0200449 0.0274471
0.81 -0.00345533 -0.0247337 -0.0128909 0.0133459
0.82 -0.0154013 0.125115 0.0332488 0.0366427
0.83 -0.00821581 0.0676322 -0.0123546 0.0148369
0.84 -0.00769516 0.0671145 0.00741081 0.0106834
0.85 -0.0195964 0.194536 0.0788262 0.0812255
0.86 -0.00361997 0.073831 0.0195276 0.0198603
0.87 -0.0107264 0.0197482 0.0260733 0.0281934
0.88 -0.00784221 0.156055 -0.0113899 0.0138286
0.89 -0.021584 -0.0989493 -0.00610872 0.0224318
0.9 -0.00419115 0.069258 0.0132622 0.0139087
0.91 -0.00948536 0.108746 0.00669411 0.0116096
0.92 0.00333776 0.0875372 -0.0065451 0.00734704
0.93 0.00182364 -0.0147015 0.0514177 0.05145
0.94 -0.0115872 0.0959573 0.0202297 0.0233131
0.95 -0.0112947 0.0467597 0.0327851 0.0346761
0.96 -0.0143347 0.00839048 0.00683761 0.015882
0.97 0.00189445 -0.00522912 -0.0192456 0.0193386
0.98 -0.00086958 -0.124689 0.0518106 0.0518179
0.99 -0.0159542 0.0319019 -0.0126218 0.0203432
1 -0.0199136 0.0120494 -0.0187346 0.0273411
1.01 -0.0146824 -0.0268299 -0.000314062 0.0146858
1.02 -0.00147987 0.0810153 0.000392687 0.00153109
1.03 0.00326316 0.0557874 0.0262411 0.0264432
1.04 -0.014537 0.0310044 0.0141095 0.0202584
1.05 -0.0124469 0.154568 0.0206033 0.0240712
1.06 -0.00339024 0.0330889 0.0325325 0.0327087
1.07 -0.00203093 0.00577122 0.0196411 0.0197458
1.08 -0.00857391 0.102969 -0.0120598 0.014797
1.09 -0.0191857 0.163171 0.000884493 0.0192061
1.1 -0.00710854 0.0755576 0.0133329 0.0151095
1.11 -0.0185092 -0.0471446 0.0196639 0.0270048
1.12 -0.00653577 0.039731 0.0584069 0.0587715
1.13 -0.0157698 0.0134073 0.0265003 0.0308375
1.14 -0.00665673 0.004027 0.0265659 0.0273872
1.15 -0.014609 -0.0312135 -0.0190695 0.0240223
1.16 -0.00539424 0.1547 0.0268584 0.0273948
1.17 0.0151522 0.0801559 0.0455239 0.0479793
1.18 -0.0132355 0.0706745 -0.018935 0.0231022
1.19 0.00122985 -0.00471952 9.24806e-06 0.00122988
1.2 -0.00321501 -0.0427072 0.00630968 0.00708155
1.21 -0.00414901 0.0512575 -0.0124943 0.0131651
1.22 -0.0102879 -0.00728535 0.013462 0.0169431
1.23 -0.0101926 0.0153128 -0.0185181 0.0211379
1.24 -0.0139937 0.0348284 0.0269887 0.0304009
1.25 -0.00109591 0.0988811 -0.00608908 0.00618691
1.26 -0.0187978 0.0601809 0.0331842 0.0381386
1.27 -0.0145949 -0.0180555 -0.0191741 0.0240968
1.28 -0.0150305 0.0405626 0.00641435 0.016342
1.29 -0.00394341 0.0915108 0.0335556 0.0337865
1.3 -0.0118644 0.13663 0.0457413 0.0472549
1.31 0.000797168 0.0309357 0.0258747 0.0258869
1.32 -0.0117236 0.0646744 0.00741466 0.0138716
1.33 -0.000788493 0.214799 0.000749584 0.00108793
1.34 -0.00444277 0.0830184 0.013482 0.0141951
1.35 -0.00955626 -0.070345 0.0582212 0.0590003
1.36 -0.0107829 -0.020508 0.0132198 0.0170597
1.37 -0.0151234 0.0495685 0.0262331 0.0302802
1.38 -0.0176231 0.00591733 0.0201014 0.0267327
1.39 -0.00357983 0.0732679 0.0138069 0.0142634
1.4 -0.0210647 -0.0897158 0.0188417 0.0282619
1.41 -0.0142222 0.0219798 0.033116 0.0360409
1.42 -0.00736462 -0.00480206 0.00039261 0.00737507
1.43 -0.0188006 0.0512362 0.0138685 0.0233623
1.44 0.0112691 0.166823 -0.00534896 0.0124741
1.45 -0.0112237 0.0428406 0.0189768 0.0220475
1.46 -0.000806208 0.143332 0.0261699 0.0261823
1.47 -0.0158644 0.0720805 0.0328876 0.0365141
1.48 0.00463599 0.0282755 0.0198223 0.0203572
1.49 -0.00894864 0.0945195 0.00719483 0.0114823
1.5 -0.0154387 0.129279 0.0272065 0.0312818
1.51 0.00328687 0.0651706 0.0192336 0.0195124
1.52 -0.00434847 0.136387 0.020099 0.020564
1.53 -0.0162528 0.0589448 0.0195379 0.0254142
1.54 0.00467182 0.0109407 -0.0189498 0.0195172
1.55 -0.0164978 0.143863 0.0331948 0.0370685
1.56 0.00306483 0.0650281 0.00666129 0.00733253
1.57 -0.0143482 0.0312244 -0.00597356 0.015542
1.58 -0.00462096 0.159138 0.0457663 0.045999
1.59 -0.0159446 0.0545099 0.0198275 0.0254432
1.6 -0.00391208 0.0204159 -0.00690858 0.00793932
1.61 -0.015863 0.108072 0.0199719 0.0255051
1.62 0.00822976 0.0709395 -0.00646205 0.0104636
1.63 -0.00692496 -0.0759974 0.00603859 0.00918802
1.64 -0.00972291 0.113024 0.0131478 0.0163524
1.65 0.00425069 0.0732682 0.0325484 0.0328248
1.66 -0.0153606 0.0138095 -0.0312883 0.0348555
1.67 -0.0117427 0.0296834 -0.000272834 0.0117459
1.68 -0.0141942 0.0443918 0.0134698 0.0195681
1.69 -0.00945649 -0.123978 -0.0068555 0.01168
1.7 0.00104842 0.0266241 -0.000359363 0.0011083
1.71 -0.0235332 0.0764318 0.0268079 0.0356718
1.72 -0.0198547 0.0159905 0.000973673 0.0198786
1.73 -0.0146399 -0.00899963 -0.0127333 0.0194027
1.74 -0.0232366 0.152466 0.013476 0.0268615
1.75 -0.000248424 0.116191 0.00692394 0.00692839
1.76 -0.0175069 -0.0871918 0.00588667 0.0184701
1.77 -0.00852654 0.116049 0.020491 0.0221942
1.78 -0.0150015 0.0359474 -0.006139 0.016209
1.79 -0.00380778 0.0737717 0.0133576 0.0138898
1.8 -0.00577758 0.172826 0.0204245 0.0212259
1.81 -0.00677169 0.0492313 0.0133477 0.0149672
1.82 -0.000192728 0.0271303 0.0190517 0.0190527
1.83 -0.0111316 0.037617 -0.00542898 0.0123849
1.84 0.00253922 0.110031 -0.0252997 0.0254268
1.85 0.00373363 0.0426734 -0.00673706 0.00770246
1.86 -0.00486332 0.101384 0.00670652 0.00828427
1.87 -0.0234371 0.112202 0.0396421 0.0460521
1.88 -0.0172294 0.0551258 -0.0322046 0.0365238
1.89 -0.00351874 0.002277 0.0131745 0.0136364
1.9 -0.00986465 -0.0163649 -0.0380919 0.0393485
1.91 -0.0037199 0.00257304 -0.0257216 0.0259892
1.92 -0.0023103 -0.0610097 -0.0451362 0.0451953
1.93 -0.00364464 0.15405 -0.0306521 0.0308681
1.94 -0.00847657 0.0945766 0.0190316 0.020834
1.95 0.00927554 -0.000944281 -0.0192271 0.0213475
1.96 -0.00348038 0.0287416 0.000360981 0.00349905
1.97 -0.00575361 0.0437849 -0.0389396 0.0393624
1.98 0.00819719 0.0757363 0.0132672 0.0155953
1.99 -0.0146056 0.0174663 0.0330206 0.0361066
2 -0.00545159 0.0613368 0.0129458 0.0140468
2.01 0.0118978 0.055307 0.020137 0.0233892
2.02 -0.00544556 0.119142 0.0329607 0.0334075
2.03 0.000379598 0.0489788 0.0130383 0.0130439
2.04 -0.0132622 0.115185 0.000139684 0.0132629
2.05 -0.000624457 0.00937563 0.0126578 0.0126732
2.06 -0.00641785 -0.00953945 0.0198735 0.0208841
2.07 -0.0127197 0.13222 0.00755608 0.0147947
2.08 0.000759545 0.00855566 0.00673378 0.00677648
2.09 -0.00408506 0.0382339 0.0392022 0.0394144
2.1 -0.0220579 0.0267103 -0.00545687 0.0227229
2.11 -0.00520687 0.0922037 0.0579841 0.0582174
2.12 0.00449655 0.0640971 0.0136116 0.0143351
2.13 -0.0242115 0.15727 0.0335558 0.0413786
2.14 -0.0111895 0.0429237 0.0253792 0.0277364
2.15 -0.0143606 -0.0448117 0.0130252 0.0193877
2.16 -0.00472428 0.0523717 -0.00675858 0.00824604
2.17 -0.00747995 0.0535938 0.0068502 0.0101427
2.18 -0.0119788 0.136272 -0.0111385 0.0163572
2.19 -0.0122411 0.0168035 -0.0195921 0.0231018
2.2 -0.0297091 0.0315008 0.0207076 0.0362138
2.21 -0.0114211 -0.0333972 -0.025648 0.028076
2.22 -0.00774412 0.0714519 0.0200344 0.021479
2.23 -0.0191529 0.0205849 0.0131384 0.023226
2.24 -0.00743737 0.071424 -0.00556905 0.00929133
2.25 -0.0192105 0.082942 0.014165 0.0238682
2.26 -0.00783999 0.0848659 0.0139602 0.016011
2.27 0.00389641 0.109419 0.00722253 0.00820652
2.28 -0.00554385 0.18663 -0.0124385 0.0136181
2.29 -0.00611812 -0.00987785 -0.02544 0.0261653
2.3 -0.0199571 0.106461 -0.0698411 0.0726365
2.31 -0.0670508 0.0603706 -0.701115 0.704314
2.32 -0.0869861 -0.00883074 -1.24264 1.24568
2.33 -0.0557936 -0.0770835 -1.2914 1.29261
2.34 0.0222055 -0.112676 -1.06994 1.07017
2.35 0.0565359 -0.0774892 -0.838479 0.840382
2.36 0.0793358 -0.0700421 -0.741535 0.745767
2.37 0.0290728 -0.00203159 -0.854003 0.854497
2.38 -0.0655401 -0.0132501 -1.2042 1.20599
2.39 -0.147796 -0.0494147 -1.65277 1.65937
2.4 -0.189738 0.0138598 -1.94216 1.95141
2.41 -0.133853 0.0159839 -2.05905 2.0634
2.42 -0.0863436 -0.00564777 -2.02824 2.03008
2.43 0.0204515 0.0578944 -2.01235 2.01245
2.44 0.103053 0.122687 -2.13766 2.14014
2.45 0.140307 -0.0118776 -2.2949 2.29919
2.46 0.177842 -0.0884071 -2.54179 2.548
2.47 0.198423 -0.172546 -2.62172 2.62922
2.48 0.21734 -0.104171 -2.72002 2.72869
2.49 0.284836 -0.087083 -2.79974 2.81419
2.5 0.301425 -0.154985 -2.9565 2.97183
2.51 0.307763 -0.203348 -3.2154 3.23009
2.52 0.307522 -0.1574 -3.44255 3.45625
2.53 0.30437 -0.293377 -3.59188 3.60476
2.54 0.290021 -0.160053 -3.71277 3.72408
2.55 0.291465 -0.281047 -3.72608 3.73746
2.56 0.27469 -0.137829 -3.71068 3.72083
2.57 0.27616 -0.16979 -3.71684 3.72709
2.58 0.27951 -0.109313 -3.67751 3.68812
2.59 0.260654 -0.142295 -3.73477 3.74385
2.6 0.253333 -0.114757 -3.79807 3.80651
2.61 0.2445 -0.0877209 -3.8741 3.88181
2.62 0.232197 -0.116033 -3.89925 3.90616
2.63 0.236318 -0.230273 -3.90769 3.91483
2.64 0.273219 -0.11049 -3.94116 3.95062
2.65 0.319323 -0.183509 -3.97525 3.98805
2.66 0.329067 -0.154119 -4.09797 4.11116
2.67 0.337164 -0.208473 -4.03417 4.04823
2.68 0.348641 -0.17045 -4.08554 4.10038
2.69 0.353631 -0.169087 -4.22256 4.23734
2.7 0.358653 -0.166976 -4.42476 4.43928
2.71 0.385804 -0.0946842 -4.5303 4.54669
2.72 0.413133 -0.281662 -4.62928 4.64768
2.73 0.447157 -0.378805 -4.65763 4.67904
2.74 0.485108 -0.30863 -4.66598 4.69113
2.75 0.507917 -0.398575 -4.75157 4.77864
2.76 0.55547 -0.334034 -4.82401 4.85588
2.77 0.568695 -0.333244 -4.9482 4.98078
2.78 0.588216 -0.416375 -5.02029 5.05463
2.79 0.585025 -0.396754 -4.99368 5.02783
2.8 0.552971 -0.399217 -5.05091 5.08109
2.81 0.546011 -0.372484 -5.11393 5.14299
2.82 0.525606 -0.328541 -5.17789 5.2045
2.83 0.525998 -0.247989 -5.13823 5.16508
2.84 0.514018 -0.244759 -5.22092 5.24617
2.85 0.5011 -0.356632 -5.318 5.34155
2.86 0.51021 -0.263287 -5.45414 5.47796
2.87 0.504094 -0.312799 -5.59024 5.61292
2.88 0.504627 -0.402268 -5.62979 5.65236
2.89 0.498672 -0.349241 -5.62974 5.65178
2.9 0.486468 -0.360109 -5.59522 5.61633
2.91 0.481527 -0.405594 -5.68601 5.70636
2.92 0.449404 -0.327929 -5.78834 5.80576
2.93 0.452212 -0.320098 -5.92999 5.94721
2.94 0.4259 -0.366314 -5.98708 6.00221
2.95 0.410611 -0.379406 -5.94819 5.96234
2.96 0.38875 -0.344256 -5.93445 5.94717
2.97 0.390229 -0.336402 -6.01915 6.03179
2.98 0.418306 -0.336863 -6.13751 6.15175
2.99 0.452139 -0.505243 -6.21889 6.23531
3 0.501711 -0.429647 -6.15624 6.17665
3.01 0.559158 -0.433611 -6.15266 6.17802
3.02 0.568503 -0.497086 -6.19158 6.21763
3.03 0.570447 -0.542514 -6.44434 6.46954
3.04 0.553468 -0.459803 -6.71643 6.73919
3.05 0.553099 -0.580154 -6.76986 6.79242
3.06 0.530114 -0.625332 -6.32285 6.34503
3.07 0.317864 -0.271765 -3.6991 3.71273
3.08 0.356622 -0.365887 -3.16001 3.18007
3.09 0.416705 -0.00725397 -3.57223 3.59645
3.1 -0.527712 -0.0805049 -8.88866 8.90431
3.11 0.172751 -0.540555 -9.10878 9.11042
3.12 0.520689 -0.461597 -7.87815 7.89534
3.13 0.884006 -0.569255 -5.52288 5.59318
3.14 1.19946 -0.664595 -4.00377 4.17958
3.15 1.4012 -0.746885 -3.20905 3.50162
3.16 1.38658 -0.849601 -3.04603 3.34678
3.17 1.18179 -0.864736 -3.1879 3.3999
3.18 0.95857 -0.650348 -2.98489 3.13503
3.19 0.751465 -0.482217 -2.52327 2.63279
3.2 0.629926 -0.354167 -2.06198 2.15605
3.21 0.522304 -0.252648 -1.72027 1.79781
3.22 0.451725 -0.392001 -1.43741 1.50672
3.23 0.394562 -0.495067 -1.10691 1.17513
3.24 0.241147 -0.231035 -0.840393 0.874307
3.25 0.124867 -0.097892 -0.501096 0.51642
3.26 0.0656112 -0.0260538 -0.209995 0.220006
3.27 -0.00381275 0.0285327 0.034325 0.0345361
3.28 -0.0190112 0.0606511 0.0129547 0.0230054
3.29 -0.00920412 0.103722 -0.0126562 0.0156491
3.3 -0.00328103 -0.00184041 -0.0195328 0.0198064
3.31 0.00776887 0.0670679 0.0250753 0.0262512
3.32 0.0066334 0.183646 0.0135433 0.0150805
3.33 -0.00522996 0.0482882 0.00584229 0.00784123
3.34 -0.0191478 0.00298529 -0.0392125 0.0436378
3.35 0.0148135 0.0535564 -0.0069416 0.0163593
3.36 -0.00115897 0.023279 0.00609626 0.00620545
3.37 0.000458366 0.0268148 -0.0066758 0.00669152
3.38 -0.0227838 -0.0124102 0.0382061 0.0444838
3.39 -0.0113112 0.0472771 0.032374 0.0342931
3.4 -0.00888219 0.0951695 -0.000192579 0.00888428
3.41 -0.00878805 0.148377 0.0326781 0.0338391
3.42 0.000210728 0.0762244 -0.000294726 0.000362311
3.43 -0.00406257 0.0518433 0.0576932 0.0578361
3.44 -0.00573481 0.164093 0.0200452 0.0208494
3.45 -0.00318791 0.00218376 0.00657788 0.00730967
3.46 -0.0131429 0.186579 0.046433 0.0482572
3.47 -0.0142682 -0.0580828 0.0765525 0.0778709
3.48 -0.00803773 0.0807342 0.0260962 0.027306
3.49 -0.00747888 0.0319106 0.0450218 0.0456388
3.5 -0.00422277 0.00743422 0.006195 0.00749732
3.51 -0.0133183 0.0439784 8.06561e-05 0.0133185
3.52 -0.000784141 0.0901796 0.018979 0.0189952
3.53 -0.0144283 -0.1344 0.00601621 0.0156323
3.54 -0.0108698 0.00670964 0.0191641 0.0220321
3.55 -0.0122516 0.0257618 0.0446425 0.0462931
3.56 -0.00490826 0.11044 0.0131473 0.0140336
3.57 -0.0222392 -0.0488049 0.0385018 0.0444631
3.58 -0.0232123 0.0186956 0.0325115 0.0399475
3.59 -0.0225085 -0.0262162 0.0318546 0.0390045
3.6 -0.0270062 0.0790814 0.0326659 0.0423839
3.61 -0.00332561 -0.0248728 0.0192614 0.0195464
3.62 -0.0206834 0.102034 0.00671757 0.021747
3.63 -0.0078311 -0.00392357 -0.0130406 0.0152113
3.64 -0.0238174 0.152644 0.0208081 0.0316267
3.65 -0.0163645 0.0767993 0.00735117 0.0179398
3.66 -0.000958412 0.089926 0.0192823 0.0193061
3.67 -0.0180156 0.2919 0.0337901 0.0382927
3.68 -0.00841586 0.0499882 0.0326123 0.0336807
3.69 -0.0170524 0.166756 0.0520807 0.0548013
3.7 -0.00401446 0.0652652 0.0125995 0.0132236
3.71 -0.014719 -0.070893 0.018716 0.0238105
3.72 -0.0118306 0.0473115 0.0328008 0.0348691
3.73 -0.0116941 0.0785944 0.0456158 0.0470909
3.74 -0.00538747 0.092616 0.0452712 0.0455907
3.75 -0.00816447 0.00968405 0.0192933 0.0209497
3.76 0.010585 0.145533 0.0258948 0.0279747
3.77 -0.0202866 0.0837139 0.0196248 0.0282255
3.78 -0.0293923 -0.120375 0.0383897 0.0483495
3.79 -0.00931979 0.0950147 0.0457651 0.0467045
3.8 -0.00338264 0.0467516 0.0456653 0.0457905
3.81 0.00392367 0.0383253 0.0253264 0.0256286
3.82 -0.0188362 -0.0379459 0.0193233 0.0269851
3.83 -0.00380265 0.0331906 0.0449904 0.0451508
3.84 -0.0113987 0.0784381 0.00747821 0.0136328
3.85 -0.00890566 0.0856055 0.0582071 0.0588844
3.86 -0.0116249 0.0922739 0.0255903 0.028107
3.87 0.00409415 0.0604043 0.0443052 0.0444939
3.88 -0.0126159 0.0881467 0.0712733 0.0723812
3.89 -0.012287 0.003059 0.0194401 0.0229976
3.9 -0.0129383 0.0571258 -0.000218265 0.0129402
3.91 -0.001586 0.19297 0.0265051 0.0265525
3.92 -0.00362118 0.0244867 0.0390205 0.0391882
3.93 -0.00827683 0.0677568 0.01969 0.0213589
3.94 -0.00645232 -0.125588 0.00616827 0.00892637
3.95 -0.00715624 0.00480238 0.0318695 0.0326631
3.96 -0.0110932 -0.0108695 0.0451235 0.046467
3.97 -0.000133833 0.0537111 0.0324208 0.0324211
3.98 -0.0157753 0.0272446 0.0582991 0.0603958
3.99 -0.00993388 -0.136761 0.0251465 0.0270375
4 -0.0110855 -0.0423252 0.0446804 0.0460351
4.01 -0.00714233 0.0177993 0.0580179 0.0584559
4.02 -0.0171579 0.157562 0.0135579 0.021868
4.03 -0.0193273 0.0295991 0.0388183 0.0433637
4.04 -0.0184204 0.00688916 0.0132654 0.0226998
4.05 -0.0126391 0.0657331 0.032352 0.0347333
4.06 -0.00808448 0.0538182 0.0203141 0.0218637
4.07 -0.00477655 0.0834347 0.0261401 0.026573
4.08 -0.0300343 -0.0220176 0.0130082 0.0327303
4.09 -0.00596975 0.106631 0.025834 0.0265148
4.1 -0.0171704 0.1843 0.0201838 0.0264993
4.11 -0.0118987 0.0339536 0.000320262 0.011903
4.12 -0.0108116 -0.118506 0.0118931 0.0160728
4.13 0.000508515 0.0356681 0.000376326 0.00063262
4.14 -0.00825556 0.0587467 0.0193811 0.0210661
4.15 -0.000166251 0.0360293 0.0322356 0.032236
4.16 -0.00678291 -0.0227401 0.0255307 0.0264163
4.17 -0.00404348 0.0830912 0.01969 0.0201009
4.18 0.000337613 0.0577116 0.0134176 0.0134218
4.19 -0.00955199 0.0947238 0.0457973 0.0467828
4.2 -0.00549492 0.132928 0.0195694 0.0203262
4.21 -0.00142931 0.0193244 -0.0136495 0.0137241
4.22 -0.0108272 -0.0689661 0.044495 0.0457933
4.23 -0.00888562 0.0502327 -0.00659258 0.0110642
4.24 -0.00506621 0.118937 0.039239 0.0395647
4.25 -0.0102595 -0.015824 0.00661018 0.0122046
4.26 -0.0161982 0.0498571 0.0518844 0.0543541
4.27 -0.00475067 0.168706 0.0127376 0.0135947
4.28 -0.0192569 0.0522632 -0.0121692 0.0227797
4.29 -0.0140309 -0.10746 0.0313843 0.034378
4.3 -0.0156502 0.0320164 0.0192285 0.0247924
4.31 -0.0125675 0.0657373 0.0128416 0.017968
4.32 -0.0113779 0.0068724 0.032125 0.0340804
4.33 -0.0222635 0.00875483 0.0197992 0.0297938
4.34 -0.00411409 0.10963 0.0522983 0.0524599
4.35 0.00444227 0.0288624 0.0257754 0.0261554
4.36 -0.0119723 0.0608159 0.0389901 0.0407868
4.37 -0.00918772 0.161495 0.0461458 0.0470516
4.38 -0.0122532 0.0340926 0.0130487 0.0179
4.39 -0.00312224 0.0733587 0.0454241 0.0455312
4.4 0.0148428 0.0714002 0.0255587 0.029556
4.41 -0.0280264 0.0346318 0.0259348 0.038185
4.42 -0.00117185 0.12999 0.0329414 0.0329623
4.43 -0.00427343 0.101033 0.0392765 0.0395083
4.44 -0.0166878 0.148211 0.00113192 0.0167262
4.45 -0.0306191 -0.0706991 0.0196419 0.0363776
4.46 -0.0127427 0.0879628 0.0330594 0.0354303
4.47 -0.00427387 0.0652017 0.0259393 0.0262891
4.48 -0.016162 0.099284 0.0387937 0.0420258
4.49 -0.0109927 -0.0288524 0.0447761 0.0461058
4.5 -0.00821974 0.0451549 0.0262991 0.0275537
4.51 -0.0121159 0.0743408 0.020041 0.0234187
4.52 -0.000816919 0.152471 0.039013 0.0390216
4.53 -0.0230569 0.0452149 0.0453775 0.0508994
4.54 -0.0127231 -0.00996557 -0.00678452 0.014419
4.55 -0.0129774 0.123826 0.0524904 0.0540708
4.56 -0.0298016 0.0178473 0.0720041 0.0779277
4.57 -0.0130002 0.0214391 -0.00665015 0.0146024
4.58 -0.00543819 0.0930501 0.0384571 0.0388397
4.59 -0.0194958 0.0164653 0.0391554 0.0437404
4.6 -0.00132704 0.0769071 0.0321147 0.0321421
4.61 -0.0108728 -0.00239627 0.0261013 0.0282754
4.62 -0.00374412 0.0692199 0.0323452 0.0325612
4.63 -0.00786163 0.0633891 0.0320106 0.0329619
4.64 -0.022936 0.0050503 -9.30845e-05 0.0229362
4.65 -0.0128434 0.066191 0.0257704 0.0287935
4.66 -0.00784671 0.0493589 0.065252 0.0657221
4.67 -0.00817358 0.0587187 0.0386584 0.039513
4.68 -0.0152233 0.0582639 0.0263417 0.0304243
4.69 -0.00806199 0.0674277 0.0388052 0.0396338
4.7 -0.0276941 0.119553 0.0394354 0.0481883
4.71 -0.00424198 0.172124 0.0717204 0.0718457
4.72 -0.000992434 0.0323486 0.0125751 0.0126142
4.73 -0.0120958 0.0921968 0.0388921 0.0407296
4.74 -0.00130632 0.0771844 0.0320444 0.032071
4.75 -0.0150653 0.05351 0.0459408 0.0483479
4.76 -0.0154791 0.0497276 0.013823 0.0207528
4.77 -0.0155105 0.0585892 0.0267364 0.0309097
4.78 -0.0113329 0.0204563 0.0193457 0.0224208
4.79 -0.00484425 0.0164866 0.0127919 0.0136785
4.8 -0.0186122 -0.0193906 5.78048e-05 0.0186123
4.81 -0.0184724 -0.0605757 0.000328993 0.0184753
4.82 -0.0160092 0.0898319 0.0394371 0.0425626
4.83 -0.000904837 0.143716 0.0327344 0.0327469
4.84 0.00768687 0.0576669 0.0066737 0.0101797
4.85 -0.0158967 0.0451309 0.0073252 0.0175032
4.86 -0.000380535 0.0270709 0.0128818 0.0128874
4.87 -0.007388 0.0403424 0.0452389 0.0458382
4.88 -0.0142921 -0.0672852 0.0321685 0.0352005
4.89 -0.0117688 -0.0422348 0.00655252 0.01347
4.9 -0.0134887 0.101853 0.0264591 0.029699
4.91 -0.0125706 0.0658993 0.0451567 0.0468738
4.92 -0.020472 0.0794081 0.0130942 0.0243015
4.93 -0.0142008 -0.116187 0.0058284 0.0153504
4.94 -0.0229321 0.0539104 0.000605423 0.02294
4.95 -0.0123653 0.114625 0.0584978 0.0597904
4.96 0.0067003 0.22387 0.0651838 0.0655273
4.97 -0.0239505 0.116934 0.0590246 0.0636987
4.98 -0.00875725 0.103523 0.0326804 0.0338334
4.99 -0.0123252 0.043537 0.00654357 0.0139545
5 -0.00707848 0.0266195 0.0452897 0.0458395
5.01 -0.0247719 0.171542 0.0391875 0.0463606
5.02 -0.00720122 -0.00878148 0.0446488 0.0452258
5.03 0.00231147 0.0304006 -0.0197146 0.0198496
5.04 -0.00411512 0.0604473 0.0455383 0.0457239
5.05 -0.00829143 -0.00387181 0.0127952 0.0152468
5.06 0.00796043 0.013233 0.019178 0.0207645
5.07 -0.00214267 0.00633006 0.0448715 0.0449227
5.08 -0.00829357 0.103129 0.0259216 0.0272161
5.09 -0.00876755 0.0590719 0.0646565 0.0652482
5.1 -0.0158317 0.0539309 0.0197356 0.0253009
5.11 -0.0121234 0.0565932 0.0388625 0.0407096
5.12 -0.00499385 0.0521597 0.0191857 0.019825
5.13 -0.0165969 0.108416 0.0264221 0.0312023
5.14 -0.0225491 0.022593 -0.0126364 0.0258484
5.15 -0.00496913 0.101297 0.0198146 0.0204282
5.16 -0.0192 0.0340483 -0.00631383 0.0202115
5.17 -0.0116673 -0.0151194 0.0449196 0.0464101
5.18 0.0037035 0.123177 0.05799 0.0581081
5.19 -0.00766314 0.0448806 0.0262132 0.0273103
5.2 -0.0194724 -0.0459748 0.0317257 0.0372249
5.21 -0.00975676 0.0329681 -0.0134732 0.0166349
5.22 0.000481632 -0.00940359 0.0514997 0.0515019
5.23 -0.000482976 0.0492806 0.0387277 0.0387307
5.24 -0.00573922 0.102042 -0.000329707 0.00574868
5.25 -0.010974 0.0155871 0.0264487 0.028635
5.26 -0.0042112 0.0341065 0.0318284 0.0321057
5.27 -0.013246 0.0796328 0.0452997 0.0471966
5.28 -0.01463 0.080209 0.0716503 0.0731287
5.29 -0.00743996 0.0490878 0.0319696 0.0328239
5.3 -0.0110786 0.0381194 0.0583561 0.0593984
5.31 -0.0115893 0.0521382 0.0194098 0.0226065
5.32 -0.00860867 0.0680313 -0.0251055 0.0265404
5.33 -0.0144604 0.00916308 0.000456846 0.0144676
5.34 -0.0140296 0.124713 0.0255647 0.0291614
5.35 -0.000969559 0.0764449 0.0133254 0.0133606
5.36 -0.00441944 0.0788686 0.0644432 0.0645945
5.37 -0.0110045 0.0246094 0.0131091 0.0171157
5.38 -0.00404691 0.0381545 0.01329 0.0138925
5.39 -0.00772979 0.0271156 0.0196256 0.021093
5.4 -0.01406 -0.0896341 0.0384749 0.0409634
5.41 -0.00861501 0.0766464 0.0582068 0.0588409
5.42 0.00700398 0.0762926 0.0193003 0.0205318
5.43 -0.00536085 0.0790364 0.0385407 0.0389118
