0 0.0138083 0.107137 0.00743498 0.0156828
0.01 0.00380149 0.00684753 0.018984 0.0193609
0.02 0.00846654 0.124257 -0.0319225 0.0330262
0.03 0.0220552 0.0360073 0.0128156 0.0255083
0.04 0.0168224 0.0527109 0.00568073 0.0177557
0.05 0.011425 -0.0871172 -0.0132156 0.0174695
0.06 0.0232075 0.164477 -0.0379151 0.0444538
0.07 0.0136325 0.00555075 0.0317516 0.0345544
0.08 0.0173194 0.0654497 0.0261151 0.0313362
0.09 0.0151311 0.0131168 0.0199128 0.0250094
0.1 0.0260761 0.0021449 0.00601747 0.0267614
0.11 0.00292481 0.0339267 0.00102218 0.00309828
0.12 0.030017 -0.00418929 0.0248736 0.0389836
0.13 0.0264425 -0.038084 -0.00675972 0.0272928
0.14 0.0142937 -0.0172559 -0.000241809 0.0142958
0.15 0.00374119 -0.042514 0.0130678 0.0135928
0.16 0.013642 0.0405735 0.00065192 0.0136576
0.17 0.0218035 0.0312127 -0.0125805 0.0251727
0.18 0.0153991 0.0977719 0.0192604 0.0246596
0.19 0.0136976 0.0542863 0.000406796 0.0137036
0.2 0.0037118 -0.0152395 -0.00585593 0.00693321
0.21 0.013058 0.0775309 0.00607626 0.0144025
0.22 0.0095382 0.0347097 -0.0194636 0.0216751
0.23 0.00463647 0.0643501 0.0127342 0.013552
0.24 0.0216412 0.0670795 -0.0126594 0.0250719
0.25 0.00644096 0.0225242 0.0199234 0.0209387
0.26 -0.00190158 0.0994014 -0.0315207 0.031578
0.27 0.025536 0.0471814 -0.00616252 0.0262691
0.28 0.0184435 0.082306 0.0261987 0.0320396
0.29 0.0257143 0.0962951 -0.00576673 0.026353
0.3 0.00857574 0.0437069 0.00633441 0.0106615
0.31 0.0104541 0.0963278 0.0132354 0.0168661
0.32 0.0198429 0.157443 -0.0252117 0.0320838
0.33 0.0172617 0.181377 0.0331474 0.0373727
0.34 0.0144537 0.0179051 0.000740578 0.0144726
0.35 0.0257918 0.0557178 0.00635623 0.0265635
0.36 0.00706699 -0.0442047 0.00584638 0.00917184
0.37 -0.00891839 0.0457425 0.0128987 0.0156816
0.38 0.0141218 -0.0443955 0.00604005 0.0153593
0.39 0.00387232 -0.073443 0.0317616 0.0319968
0.4 0.0105541 -0.0110565 -0.00645476 0.0123715
0.41 0.013881 0.0854586 0.0260968 0.0295589
0.42 0.0200315 0.0866354 0.0123698 0.023543
0.43 0.0066123 0.0231009 0.0256823 0.0265198
0.44 0.0102412 0.00300909 -0.0255833 0.027557
0.45 0.0224889 0.00425569 0.00638731 0.0233783
0.46 0.0039759 -0.0783771 -0.00636306 0.00750309
0.47 0.0181445 0.0162042 -0.00667583 0.0193337
0.48 -0.00103325 -0.00842454 0.000133477 0.00104183
0.49 0.0176639 -0.0639944 -0.000988286 0.0176915
0.5 0.0211031 0.0679538 -0.00658289 0.022106
0.51 0.0219506 0.0626244 0.0127687 0.0253942
0.52 0.0256766 0.0113399 0.0251867 0.0359675
0.53 0.0258656 0.0513145 0.0127394 0.0288326
0.54 0.013588 0.121304 0.0201186 0.0242774
0.55 0.014916 -0.0263088 -0.00683879 0.016409
0.56 0.0204784 0.0548703 -0.0389774 0.0440296
0.57 0.0172904 0.163571 0.000918298 0.0173147
0.58 0.0145927 -0.0311076 -0.0127245 0.0193613
0.59 0.00354271 -0.0107947 0.0134025 0.0138628
0.6 0.0273111 -0.00730511 0.0258581 0.0376103
0.61 0.0122193 0.197837 0.000982951 0.0122588
0.62 0.0267214 -0.00679219 -0.0329649 0.0424348
0.63 0.0183079 0.0295206 0.000163737 0.0183086
0.64 0.0101603 0.132174 0.00725725 0.012486
0.65 0.017901 0.015785 -0.0191771 0.0262337
0.66 0.0169208 0.124009 0.00065213 0.0169333
0.67 0.0213349 0.0587966 0.0193999 0.0288364
0.68 0.0328714 0.0873686 0.0445954 0.055401
0.69 0.0112146 -0.0379476 -0.0064937 0.012959
0.7 0.00755922 0.00909567 0.0197859 0.0211807
0.71 0.0156912 -0.0409098 0.00664532 0.0170404
0.72 0.0122305 -0.110097 -0.032837 0.0350408
0.73 0.0176153 0.00289852 -0.0133204 0.0220847
0.74 0.0108625 0.0247264 0.00641755 0.0126166
0.75 0.0171349 0.0613047 -0.00666851 0.0183868
0.76 -0.00272849 -0.172465 -0.00730663 0.00779946
0.77 0.0193924 -0.00270741 -0.00573912 0.0202239
0.78 0.0183809 0.0692594 0.0134283 0.0227635
0.79 0.00851252 0.0840896 0.00068405 0.00853996
0.8 0.0155009 -0.00481511 0.0198741 0.0252043
0.81 0.0246711 0.12794 0.019554 0.0314805
0.82 0.0157694 -0.076426 -0.00649164 0.0170533
0.83 -7.57715e-05 -0.0223009 0.00677128 0.0067717
0.84 0.022206 0.0270387 -0.00673253 0.0232042
0.85 0.0139134 0.0541178 -0.00673102 0.015456
0.86 0.0106091 -0.010696 -0.000122693 0.0106098
0.87 0.0165352 0.0530362 0.00607536 0.017616
0.88 0.0103972 0.0428806 -0.0192938 0.0219169
0.89 0.0252984 0.05146 0.000291187 0.0253001
0.9 0.0184915 0.0514251 0.000476517 0.0184976
0.91 0.0140805 0.000329221 -0.00649646 0.0155069
0.92 0.0292586 0.0271705 -0.00047802 0.0292625
0.93 0.0205571 0.135138 0.00658004 0.0215845
0.94 0.0338706 0.0423005 0.00580092 0.0343637
0.95 0.0132719 0.0544014 0.0577836 0.0592882
0.96 0.00876042 0.137434 0.00706933 0.011257
0.97 0.00867183 -0.000476756 -0.0261886 0.027587
0.98 0.0286849 0.0587515 0.0126554 0.0313526
0.99 0.00864906 -0.143506 -0.0260943 0.0274904
1 0.0451158 0.0355485 0.0252296 0.0516911
1.01 0.00734331 -0.00882748 0.00625487 0.00964612
1.02 0.00908425 0.079375 0.00671074 0.0112941
1.03 0.0141492 0.11646 0.0136111 0.0196332
1.04 0.0111392 -0.0198694 -0.0133926 0.0174196
1.05 0.0260449 0.0470182 -0.0191235 0.0323116
1.06 0.02578 0.0156736 0.0124393 0.0286242
1.07 0.00557283 0.0370052 -0.000233524 0.00557772
1.08 0.0254793 -0.00644656 0.0126998 0.0284689
1.09 0.0134489 0.0677234 -0.00543499 0.0145056
1.1 0.0103047 0.0745065 0.019325 0.0219008
1.11 0.0306964 0.05732 0.0647808 0.0716856
1.12 0.0165594 0.0437029 -0.000295107 0.0165621
1.13 0.0103604 0.0563117 4.11728e-05 0.0103605
1.14 0.0204317 0.130547 -0.00574083 0.0212229
1.15 0.0192475 0.0243117 0.0261876 0.0325
1.16 0.010159 -0.0329746 -0.0068063 0.0122283
1.17 0.0121213 0.188934 0.00730879 0.0141543
1.18 0.0139659 0.00515403 -0.0060452 0.0152181
1.19 0.00643348 0.156734 0.0331322 0.033751
1.2 0.0184521 0.0557307 0.0518873 0.0550706
1.21 0.0237144 0.217563 0.00763622 0.0249136
1.22 0.0255145 0.0428197 0.0258622 0.0363297
1.23 0.0192596 0.0511642 0.000428679 0.0192643
1.24 0.00662394 -0.00851724 -0.00707531 0.00969209
1.25 0.0257134 -0.00209127 0.00585176 0.0263709
1.26 0.0174622 0.0654778 -0.0380437 0.0418599
1.27 -0.0014892 -0.0168461 0.000110084 0.00149326
1.28 0.0246637 0.0567829 0.00611631 0.0254107
1.29 0.0217055 0.0449491 -0.0125932 0.0250942
1.3 0.00699962 0.0538348 0.0328147 0.033553
1.31 0.00102201 0.124344 0.000462921 0.00112196
1.32 0.0328435 0.0519458 -0.00682636 0.0335454
1.33 0.00735655 -0.107691 -0.0319926 0.0328275
1.34 0.019618 0.0104642 -0.00580556 0.020459
1.35 0.0302405 0.00412205 -0.026463 0.0401843
1.36 0.0262935 0.033581 -0.0132817 0.0294576
1.37 0.0165551 0.074816 0.019225 0.0253707
1.38 0.00359739 0.0244205 0.0263773 0.0266215
1.39 0.017529 0.0566792 -0.0194162 0.0261583
1.4 0.0206895 0.0454358 -0.012925 0.0243949
1.41 0.0140437 0.0364001 0.00649993 0.015475
1.42 0.0148054 0.0179084 0.0454652 0.0478151
1.43 0.00675532 0.0229483 0.0129157 0.0145756
1.44 0.0221234 0.0137145 -0.0194333 0.0294465
1.45 0.0265132 0.0379699 -0.000349386 0.0265155
1.46 0.00218844 0.123995 0.0328768 0.0329495
1.47 0.0064937 0.0272922 0.000362593 0.00650381
1.48 0.011042 0.0296783 0.0250705 0.0273945
1.49 0.0189872 -0.00213425 0.000175883 0.0189881
1.5 0.0141866 -0.0889854 -0.0389474 0.0414507
1.51 0.0135462 0.130198 -0.00575514 0.014718
1.52 0.0104764 0.0829303 0.0136809 0.0172314
1.53 0.0297061 0.0403234 0.0382814 0.0484553
1.54 0.00498916 0.0818097 -0.00621148 0.00796707
1.55 0.00257661 -0.0371245 -0.0194674 0.0196371
1.56 0.0152814 -0.0357676 0.0189818 0.0243687
1.57 0.0178711 0.092365 0.0512507 0.0542772
1.58 0.025361 0.0428434 0.0260946 0.0363883
1.59 0.0112106 -0.0200263 -0.00664939 0.0130343
1.6 0.0216002 0.058214 -0.00606297 0.022435
1.61 0.0189484 -0.0334988 0.0119964 0.0224267
1.62 0.0227292 0.00892192 0.0192493 0.0297851
1.63 0.0232669 0.0174962 -0.0128421 0.0265757
1.64 0.0145981 0.0178935 -0.0131404 0.0196411
1.65 0.00717205 -0.0309061 -0.0127238 0.014606
1.66 0.0323412 0.0701592 0.018513 0.0372651
1.67 0.00925124 0.177846 0.0325331 0.0338229
1.68 0.0185108 -0.0600363 0.0186019 0.0262427
1.69 0.0249179 0.101171 0.00683442 0.0258382
1.7 0.0301047 -0.00468271 -0.0193636 0.0357944
1.71 0.0148375 0.0450387 0.0196361 0.0246115
1.72 0.0206814 0.117271 -0.0261521 0.0333414
1.73 0.0202493 0.108623 0.0190849 0.0278257
1.74 0.0163854 0.159414 0.00731113 0.0179425
1.75 0.0131105 0.063583 -0.0128475 0.018356
1.76 0.013811 0.0453965 0.00677076 0.0153814
1.77 0.0332381 0.0380329 -0.0198127 0.0386951
1.78 0.00756133 -0.0402494 -0.0192886 0.0207177
1.79 -0.00151136 0.148167 0.071697 0.0717129
1.8 0.0221901 0.0314793 -0.0128451 0.0256398
1.81 0.0297988 0.0537961 0.0383771 0.0485878
1.82 0.00762961 -0.0402443 0.0197691 0.0211903
1.83 0.00573994 0.049998 0.000544487 0.00576571
1.84 0.0131133 0.0725277 0.00646823 0.0146218
1.85 0.0252088 0.0430083 0.0252127 0.0356533
1.86 0.0053071 0.188427 0.014037 0.0150068
1.87 0.00847352 0.101928 -0.00587395 0.0103104
1.88 0.0169956 0.146149 0.0201345 0.0263486
1.89 0.00744065 -0.00400874 0.0318835 0.0327402
1.9 0.000947201 0.102203 -0.0190188 0.0190424
1.91 0.0103562 0.0340151 -0.0126973 0.0163852
1.92 0.0323626 0.0518812 -0.00717315 0.033148
1.93 0.0224015 0.00885323 -0.00646848 0.0233167
1.94 0.0249412 0.0879337 -0.0189738 0.031338
1.95 0.00464887 -0.154646 -0.00668939 0.00814616
1.96 0.0297411 0.044491 0.0127293 0.0323507
1.97 0.00738889 -0.035462 -0.0191073 0.0204862
1.98 0.0210741 0.0499293 0.012309 0.0244055
1.99 0.00557624 0.072513 0.00704282 0.00898308
2 0.0103653 -0.0150196 -0.0320624 0.0336963
2.01 0.0216981 0.0273627 -0.0200252 0.0295265
2.02 0.00275394 0.0653991 0.0131877 0.0134722
2.03 0.00726915 0.0314071 0.013209 0.0150771
2.04 0.0152652 -0.0181352 0.032545 0.0359472
2.05 0.0122891 0.0419804 -0.0323517 0.0346071
2.06 0.0205696 0.0857611 0.00629265 0.0215106
2.07 0.022541 -0.0269683 -0.000257814 0.0225424
2.08 0.0226319 0.0267429 -0.0127178 0.0259605
2.09 0.00795063 -0.129888 0.00643392 0.0102278
2.1 0.0220851 0.0672033 0.0387381 0.0445914
2.11 0.0111414 -0.0469167 0.0188389 0.0218868
2.12 0.00559428 0.041367 -0.0322582 0.0327397
2.13 0.0333643 0.118371 -0.0127711 0.035725
2.14 0.0109274 0.0118634 0.031861 0.0336828
2.15 0.0182108 0.0245211 0.0259267 0.0316832
2.16 0.0140717 0.058812 -0.013147 0.0192576
2.17 0.0108742 0.0111999 -0.00567116 0.0122642
2.18 0.0142697 0.0854026 0.0197707 0.0243825
2.19 0.014725 -0.0221213 -0.012648 0.0194113
2.2 0.0100457 -0.00144513 -0.0195088 0.0219433
2.21 0.0110622 -0.0153042 0.0125387 0.016721
2.22 0.0184835 -0.00215353 0.00596085 0.0194209
2.23 0.0108738 -0.0246309 -0.0190084 0.0218988
2.24 -0.00172464 0.108439 0.013746 0.0138537
2.25 0.0181603 0.0383272 -0.0126026 0.0221048
2.26 0.01626 0.0349347 -0.00661182 0.0175529
2.27 0.0190408 0.00637636 0.0263051 0.0324732
2.28 0.0364163 0.0715316 -0.000448269 0.0364191
2.29 0.0161563 -0.0362435 -0.0253735 0.0300806
2.3 0.00582849 0.0947448 -0.00609265 0.00843159
2.31 0.0207361 0.0948305 0.0127715 0.0243536
2.32 0.0295758 0.0271103 0.0127063 0.0321897
2.33 0.00743943 -0.0266283 0.0130835 0.0150507
2.34 0.0244557 -0.170686 0.0057149 0.0251145
2.35 0.0171596 0.0210209 -0.000244566 0.0171613
2.36 0.0106315 -0.0732969 0.0187013 0.021512
2.37 0.00894855 0.0480916 -0.00610431 0.0108323
2.38 0.0411228 0.0825357 0.0121429 0.0428781
2.39 0.0186888 0.0156408 0.00695773 0.019942
2.4 0.0178438 0.0966772 0.032604 0.0371675
2.41 0.00213904 0.0389311 0.0261575 0.0262448
2.42 0.020852 0.0724266 -0.00660181 0.0218722
2.43 0.01851 0.00674552 0.0191448 0.0266297
2.44 0.0262919 0.00311424 -0.0206794 0.03345
2.45 0.0373991 0.0729439 -0.207624 0.210966
2.46 0.11212 -0.193999 -0.483314 0.496149
2.47 0.170199 -0.134571 -0.809964 0.827653
2.48 0.241433 -0.173075 -0.91935 0.950523
2.49 0.291633 -0.267124 -0.915854 0.961165
2.5 0.306024 -0.245883 -0.813988 0.869613
2.51 0.345837 -0.252672 -0.769018 0.843203
2.52 0.316326 -0.0964249 -0.799461 0.859768
2.53 0.326942 -0.0484326 -1.01139 1.06292
2.54 0.289375 -0.103822 -1.18536 1.22017
2.55 0.238856 -0.210009 -1.38473 1.40518
2.56 0.279217 -0.457575 -1.60734 1.63141
2.57 0.192962 -0.313266 -1.85022 1.86025
2.58 0.172479 -0.254927 -2.04219 2.04946
2.59 0.226778 -0.327746 -2.32362 2.33466
2.6 0.20442 -0.363156 -2.44307 2.45161
2.61 0.207866 -0.355788 -2.53928 2.54778
2.62 0.212986 -0.260848 -2.52575 2.53471
2.63 0.226114 -0.264808 -2.5183 2.52843
2.64 0.246801 -0.343842 -2.69271 2.704
2.65 0.256356 -0.344636 -2.90665 2.91793
2.66 0.250246 -0.349031 -3.1463 3.15624
2.67 0.257123 -0.348328 -3.23758 3.24777
2.68 0.251716 -0.371414 -3.41228 3.42156
2.69 0.243198 -0.387593 -3.60611 3.6143
2.7 0.251003 -0.436188 -3.74217 3.75058
2.71 0.218796 -0.460442 -3.94924 3.9553
2.72 0.202208 -0.356055 -4.14198 4.14692
2.73 0.193904 -0.457104 -4.22619 4.23064
2.74 0.186201 -0.501516 -4.34933 4.35332
2.75 0.190043 -0.498776 -4.51686 4.52086
2.76 0.205346 -0.633268 -4.65438 4.65891
2.77 0.221948 -0.575951 -4.82338 4.82848
2.78 0.260588 -0.572912 -4.93419 4.94107
2.79 0.26731 -0.5018 -4.97789 4.98506
2.8 0.248315 -0.472558 -5.02714 5.03327
2.81 0.247975 -0.364759 -5.07072 5.07678
2.82 0.196942 -0.560657 -5.26992 5.2736
2.83 0.184477 -0.454554 -5.33302 5.33621
2.84 0.153272 -0.475842 -5.42178 5.42395
2.85 0.179512 -0.439079 -5.31918 5.3222
2.86 0.203314 -0.365001 -5.22894 5.2329
2.87 0.235421 -0.438519 -5.29472 5.29995
2.88 0.213502 -0.442477 -5.44418 5.44837
2.89 0.194661 -0.502379 -5.51524 5.51867
2.9 0.215824 -0.386522 -5.44384 5.44812
2.91 0.22734 -0.421427 -5.34717 5.352
2.92 0.217659 -0.403038 -5.28763 5.29211
2.93 0.233626 -0.310365 -5.18224 5.1875
2.94 0.19533 -0.348839 -5.24017 5.24381
2.95 0.168999 -0.314432 -5.45269 5.4553
2.96 0.14168 -0.386274 -5.53803 5.53984
2.97 0.167233 -0.437473 -5.6612 5.66367
2.98 0.169046 -0.380873 -5.72666 5.72916
2.99 0.207642 -0.587696 -5.77457 5.77831
3 0.22123 -0.534806 -5.82089 5.8251
3.01 0.256408 -0.587376 -5.91449 5.92004
3.02 0.273428 -0.611997 -6.00817 6.01439
3.03 0.345767 -0.629828 -6.04371 6.05359
3.04 0.380287 -0.804287 -6.07159 6.08349
3.05 0.408589 -0.70152 -6.11147 6.12512
3.06 0.438551 -0.617694 -6.2627 6.27803
3.07 0.450198 -0.750785 -6.25847 6.27464
3.08 0.437716 -0.68776 -5.48134 5.49879
3.09 0.187098 -0.220793 -2.93803 2.94398
3.1 0.350296 -0.21916 -2.64126 2.66439
3.11 0.352319 -0.206822 -3.07666 3.09677
3.12 -0.0916017 -0.360092 -8.24884 8.24935
3.13 0.108191 -0.870916 -8.7473 8.74797
3.14 0.53157 -1.36053 -7.33836 7.35759
3.15 0.653549 -1.1391 -5.54783 5.58619
3.16 1.0151 -1.02098 -4.21952 4.33991
3.17 1.26782 -0.952557 -3.63334 3.84819
3.18 1.13636 -1.03666 -3.54642 3.72403
3.19 0.876065 -0.881627 -3.68838 3.791
3.2 0.576075 -0.676966 -3.59148 3.63739
3.21 0.345526 -0.653274 -3.36499 3.38268
3.22 0.188273 -0.41693 -2.8187 2.82498
3.23 0.153402 -0.391258 -2.28852 2.29366
3.24 0.142897 -0.322091 -1.94603 1.95127
3.25 0.0672361 -0.391777 -1.63493 1.63631
3.26 -0.00875285 -0.158222 -1.30604 1.30607
3.27 -0.045543 -0.105103 -0.86816 0.869354
3.28 -0.0697772 -0.0685749 -0.573852 0.578078
3.29 -0.0715862 0.0422853 -0.227587 0.23858
3.3 -0.0455379 0.113522 -0.0134347 0.0474783
3.31 0.0331823 0.0428559 0.0311876 0.0455382
3.32 0.00227762 -0.0459125 -0.000645478 0.00236731
3.33 0.0334915 0.00667405 -0.0138153 0.0362291
3.34 0.0403963 0.0473587 0.0249652 0.0474881
3.35 0.0146168 -0.00853323 -5.62618e-05 0.0146169
3.36 0.0179072 0.0429418 0.0448315 0.0482756
3.37 0.0257105 0.0208716 0.00557411 0.0263078
3.38 0.0255274 0.00289044 -0.000440158 0.0255312
3.39 0.0250607 0.0386236 -0.00723005 0.0260828
3.4 0.00638187 -0.0211715 -0.00742061 0.00978742
3.41 0.0203144 0.166787 -0.0131362 0.0241916
3.42 0.0297546 0.0669365 0.0128634 0.0324161
3.43 0.0188458 0.0115313 -0.0198884 0.0273991
3.44 0.0217155 0.0543655 0.00017899 0.0217162
3.45 0.0101265 -0.00553798 0.00658441 0.0120789
3.46 0.0102364 -0.00170886 -0.0194004 0.0219353
3.47 0.0045016 0.162384 0.000644799 0.00454755
3.48 0.0117587 -0.0559678 0.0708094 0.0717791
3.49 -0.00257213 0.0779175 0.00619577 0.00670846
3.5 0.024087 0.0660474 0.0316497 0.039773
3.51 0.0290466 0.0138046 0.00606105 0.0296722
3.52 0.0288677 -0.0392324 0.0113668 0.031025
3.53 0.0144976 -0.0576297 0.024957 0.0288624
3.54 0.02613 -0.020295 0.0449411 0.0519854
3.55 0.0187763 -0.0381599 0.038192 0.042558
3.56 0.0361603 0.0458804 -0.026942 0.0450937
3.57 0.010384 -0.0105154 -0.00663408 0.0123223
3.58 0.00996574 0.00344313 0.012484 0.015974
3.59 0.0137925 0.0633514 0.0263954 0.0297817
3.6 0.00949306 0.0209647 0.0195692 0.0217503
3.61 0.0288515 0.0451812 0.0254734 0.0384877
3.62 0.0285755 0.0497198 0.0064471 0.0292938
3.63 0.0136604 0.0545262 6.53279e-05 0.0136605
3.64 0.0128215 0.0547823 0.0196229 0.0234403
3.65 0.0136747 0.103354 0.0395516 0.0418488
3.66 -0.000834093 -0.0618074 0.0128319 0.0128589
3.67 0.0208223 0.0729574 0.037906 0.0432485
3.68 0.014361 0.027072 -0.00569366 0.0154485
3.69 0.0141509 -0.00373133 -0.019191 0.0238441
3.7 0.00991298 -0.0277075 -0.00730666 0.0123148
3.71 0.0217833 0.0494705 0.0382442 0.0440129
3.72 0.0177093 0.0653737 0.0449275 0.0482918
3.73 0.0156096 0.0938818 -0.0001386 0.0156102
3.74 0.0294854 0.00939113 0.0122499 0.0319288
3.75 0.0150524 -0.084447 0.0117719 0.019109
3.76 0.0225713 -0.0267228 0.0384591 0.0445933
3.77 0.00887437 0.0619434 -0.0385018 0.0395113
3.78 0.0255728 0.109619 0.0518142 0.0577813
3.79 0.00588553 0.0190355 -0.000542779 0.0059105
3.8 0.00301713 -0.00572718 0.0251979 0.0253779
3.81 0.0216588 0.000737407 0.0190413 0.0288388
3.82 0.0181627 0.0073561 0.0253303 0.031169
3.83 0.0306361 -0.00899537 0.0186367 0.0358594
3.84 0.0146327 -0.0396985 0.0443493 0.0467009
3.85 0.0212036 0.0499709 -0.00693022 0.0223074
3.86 0.0226036 -0.0580635 0.00563122 0.0232945
3.87 0.0144877 -0.0349773 0.00496935 0.0153162
3.88 0.0366283 0.0365098 0.044338 0.0575108
3.89 0.0159324 0.137459 0.00668905 0.0172796
3.9 0.00792116 -0.161104 0.00565004 0.00972973
3.91 0.0129898 0.0236134 0.0386575 0.0407815
3.92 0.0280635 0.00102263 0.0187095 0.0337284
3.93 0.0297825 0.0224059 0.0189273 0.0352879
3.94 0.00185708 0.0392351 -0.00687747 0.00712378
3.95 0.0173367 0.0970007 0.0193119 0.0259521
3.96 0.0176958 0.0655679 0.0384549 0.0423311
3.97 0.0171695 0.106486 0.0384483 0.0421078
3.98 0.00639965 -0.00361723 0.0387985 0.0393228
3.99 0.00162119 0.0751181 -0.0125851 0.0126891
4 0.0230219 -0.165528 0.0242632 0.0334472
4.01 0.0202279 0.197767 0.0133602 0.0242417
4.02 0.0171016 0.119673 0.0190664 0.0256123
4.03 0.0091386 0.119954 0.0256256 0.0272064
4.04 0.0181048 0.00731878 0.0250598 0.0309156
4.05 0.0175917 0.0519669 0.025825 0.0312474
4.06 0.00996333 -0.0149502 0.0191832 0.0216163
4.07 0.0261787 0.00239422 0.0252245 0.0363539
4.08 0.0188031 -0.0383676 -0.000254237 0.0188049
4.09 0.0154375 -0.0719453 -0.000649353 0.0154512
4.1 0.0128935 0.144188 0.0194566 0.023341
4.11 0.00522143 0.184694 0.0327757 0.033189
4.12 0.0194721 -0.0157847 0.0513155 0.0548857
4.13 0.0112087 0.100248 0.0319797 0.0338871
4.14 0.00983166 0.0346952 -0.00014817 0.00983277
4.15 0.0161071 0.150904 0.0260627 0.0306383
4.16 0.0246184 0.0790304 0.0322335 0.0405594
4.17 0.0180115 -0.0195063 0.0315413 0.0363217
4.18 -0.000741806 -0.00795521 -0.000743179 0.00105004
4.19 0.0257274 0.0561851 0.0193231 0.0321758
4.2 0.0143186 -0.0173217 0.0187656 0.0236044
4.21 0.0294232 0.0631064 0.0251616 0.0387147
4.22 0.0214208 0.0586062 0.00636275 0.0223458
4.23 0.0182147 -0.0465076 0.0250237 0.030951
4.24 0.0200148 0.0684368 0.0125958 0.0236483
4.25 0.00817533 0.142504 -0.0316836 0.0327213
4.26 0.0209116 0.0414934 0.0316017 0.0378941
4.27 0.0368274 0.0539932 0.0256255 0.0448656
4.28 0.0135481 0.00982516 0.0128343 0.018662
4.29 0.0136733 -0.0789091 0.0115137 0.0178752
4.3 0.0141905 -0.00821775 -0.0192102 0.0238831
4.31 0.017171 0.0437891 0.00595101 0.018173
4.32 0.0218987 0.0363541 0.0191096 0.0290642
4.33 0.0212368 0.0235107 -0.0136264 0.0252325
4.34 0.0262046 -0.0152697 0.0504485 0.0568483
4.35 0.0138257 0.067822 0.0320434 0.0348988
4.36 0.0299633 -0.012861 0.0249967 0.039021
4.37 0.0199976 -0.0830856 0.0119699 0.0233062
4.38 0.0201547 0.144656 0.0318108 0.0376582
4.39 0.0164546 0.066416 -0.0197792 0.0257288
4.4 0.0152704 -0.0134369 0.0515007 0.0537169
4.41 0.010515 0.0292608 0.00690166 0.0125777
4.42 0.00611552 0.0274769 0.0192229 0.0201722
4.43 0.0173198 0.0786409 0.0457908 0.0489569
4.44 0.0224378 0.0137967 0.0512041 0.0559045
4.45 -0.000929792 -0.074957 0.018797 0.01882
4.46 0.0180804 0.0432154 0.0193903 0.0265119
4.47 0.0133423 0.0503408 0.0450897 0.0470223
4.48 0.0101866 0.0477473 0.00679976 0.0122476
4.49 0.0254479 0.0250548 0.0192747 0.0319235
4.5 0.00726262 0.00927202 0.0327849 0.0335797
4.51 0.00639591 0.0634877 0.0454029 0.0458512
4.52 -0.00114304 0.0188384 0.0122095 0.0122629
4.53 0.0249364 0.0564911 0.0255027 0.0356681
4.54 0.0253184 0.0476529 0.0321754 0.0409424
4.55 0.0160046 0.0667773 -0.0328014 0.0364976
4.56 0.0244714 0.146127 0.0778574 0.0816127
4.57 0.00430914 -0.109441 0.0249732 0.0253422
4.58 0.0149045 0.0269723 0.0128863 0.0197028
4.59 0.0126816 0.130983 -0.000257887 0.0126842
4.6 0.0104692 -0.0147903 0.0122832 0.0161394
4.61 0.00619174 0.0320381 0.0197832 0.0207295
4.62 0.00595561 0.0281665 0.00643911 0.00877106
4.63 0.0251871 0.06521 0.0451974 0.0517416
4.64 0.0171075 0.052245 0.00640056 0.0182656
4.65 0.00663077 0.0183568 0.000594751 0.00665739
4.66 0.0176989 0.0118353 0.00013411 0.0176994
4.67 0.0129354 0.0592449 0.0194097 0.0233251
4.68 0.018169 0.02933 0.0320073 0.0368047
4.69 0.013329 0.121221 0.058597 0.0600939
4.7 0.00983923 0.0257182 0.0193232 0.021684
4.71 0.0156312 0.0754231 0.0255667 0.0299666
4.72 0.0283517 0.0498805 0.0250749 0.0378493
4.73 0.0273559 0.0599319 0.0249121 0.0369994
4.74 0.0219247 0.00942221 0.0189563 0.0289833
4.75 0.0100382 0.0298298 0.0323264 0.0338491
4.76 0.0249814 0.070075 0.0127228 0.0280346
4.77 0.0173956 0.0341603 0.0384767 0.0422264
4.78 0.00744454 -0.0935922 0.00536467 0.0091761
4.79 0.0214694 0.014353 0.0123557 0.0247709
4.8 0.00989731 0.0259167 -0.0066592 0.011929
4.81 0.00645258 0.094476 0.0328791 0.0335063
4.82 -0.00122955 -0.00375235 0.0326996 0.0327227
4.83 0.0101005 0.101347 0.0520955 0.0530657
4.84 0.00912111 0.168537 0.0263951 0.0279266
4.85 0.0111817 -0.118185 0.0182768 0.021426
4.86 0.0341316 0.0246043 0.0249312 0.0422674
4.87 0.0157755 0.0978902 0.0316002 0.0353191
4.88 0.0167182 0.0615883 0.0129653 0.0211565
4.89 0.0172633 0.0478137 0.0320617 0.0364139
4.9 0.0178808 0.0566826 0.0253091 0.0309882
4.91 0.0294512 0.00930803 0.00584755 0.0300261
4.92 0.0219401 0.0142691 0.0253069 0.0334934
4.93 0.0323408 0.0475391 -0.000287015 0.032342
4.94 0.0187943 -0.0241876 0.0124675 0.0225536
4.95 0.0182307 -0.0283085 0.0247972 0.0307775
4.96 0.0206651 0.0546079 0.0196984 0.0285495
4.97 0.0184573 -0.042164 0.0318243 0.0367893
4.98 0.0132339 0.0414698 0.0126278 0.018292
4.99 0.0333697 0.0655745 0.00587974 0.0338838
5 0.0148136 -0.0040991 0.0190078 0.0240985
5.01 0.0239036 0.160108 0.0386399 0.0454359
5.02 0.0103687 0.0204882 -0.0247861 0.0268675
5.03 0.0179337 0.0521827 -0.0196297 0.0265884
5.04 0.0315079 0.0886466 -0.000942432 0.0315219
5.05 0.010623 0.0249406 0.0196872 0.0223704
5.06 0.00318282 -0.0287259 0.038891 0.0390211
5.07 0.0144902 0.0230096 0.0321602 0.0352738
5.08 0.00998461 -0.00132051 0.0125351 0.0160257
5.09 0.0187489 -0.0509626 0.00557038 0.0195589
5.1 0.0173584 0.0476111 0.0326731 0.0369979
5.11 0.00981217 0.00346696 0.0127165 0.016062
5.12 0.0243487 0.145942 -0.0189245 0.0308383
5.13 0.0449624 0.0357334 -0.000791521 0.0449694
5.14 0.0185152 0.0114438 0.0381005 0.042361
5.15 0.0133958 0.0591932 -0.00642623 0.0148574
5.16 0.00535438 -0.0209743 0.00596708 0.00801719
5.17 0.0131614 0.00565431 -0.00633823 0.0146081
5.18 0.0222727 -0.00876701 -0.00615064 0.0231063
5.19 0.0249876 0.101317 0.0447777 0.0512779
5.2 0.0253284 0.0344296 0.0512867 0.0572001
5.21 0.00892973 0.132809 0.0392025 0.0402066
5.22 -0.00206544 0.108544 0.0066941 0.0070055
5.23 0.0217921 0.0362672 0.0322171 0.0388952
5.24 -0.0131086 -0.0092757 0.0253132 0.028506
5.25 0.0208919 0.0903992 0.0384326 0.043744
5.26 0.0132151 0.0369657 -0.0128005 0.0183982
5.27 -0.00984284 0.0329974 0.025817 0.0276297
5.28 0.0215085 -0.0222212 0.04469 0.0495965
5.29 0.0296289 0.125023 0.0581784 0.0652886
5.3 0.010881 -0.0241594 -0.0255519 0.0277722
5.31 0.0160711 -0.223862 0.00507785 0.0168542
5.32 0.0147084 0.0318055 0.0191995 0.0241859
5.33 0.00269508 0.0746688 -0.0119828 0.0122821
5.34 0.0103007 0.0256465 0.0186259 0.0212845
5.35 0.0374441 0.0402228 0.0252114 0.0451406
5.36 0.0123756 0.0106587 0.0187971 0.0225052
5.37 0.0236694 0.0840904 0.0188134 0.0302355
5.38 0.00546781 0.143595 0.0199388 0.0206749
5.39 0.0228476 -0.0177284 -0.000484016 0.0228527
5.4 0.0173896 -0.0236449 0.0184618 0.0253621
5.41 0.027793 0.0731172 0.0248838 0.0373048
5.42 0.0077132 0.0222631 0.0392292 0.0399803
5.43 0.00848452 0.137888 0.0199974 0.0217229
5.44 0.00883141 0.124086 -0.00586389 0.0106009
5.45 0.00352573 -0.0913877 0.0123312 0.0128254
5.46 0.0182993 -0.0600499 0.0185638 0.0260668
5.47 0.0202605 0.0685335 0.0190362 0.0278005
5.48 0.0180654 0.0251771 -0.00663744 0.0192461
5.49 0.0130395 0.0192754 0.0260338 0.0291168
5.5 0.0147813 -0.0442596 -0.00109244 0.0148216
5.51 0.0132532 0.072537 0.0260168 0.0291979
5.52 0.011159 0.0028869 0.0064516 0.0128898
5.53 0.0313641 0.637283 0.0149367 0.0347391
5.54 0.0128776 0.0818473 0.0128006 0.0181573
5.55 0.0286627 0.121172 0.0452236 0.0535418
5.56 0.019031 0.0194191 0.0585859 0.0615994
5.57 0.0224521 0.0403266 0.0193837 0.0296618
5.58 0.0289513 0.0364858 0.0253641 0.0384905
5.59 0.0188283 0.0333899 0.019174 0.0268728
5.6 0.0024599 0.0520612 0.000449457 0.00250062
5.61 0.0024919 -0.0369542 0.0187084 0.0188736
5.62 0.0115409 -0.126978 0.0310813 0.0331547
5.63 0.00716492 0.0139018 -0.018858 0.0201732
5.64 0.0153771 -0.0358286 0.0184788 0.02404
5.65 0.00776135 0.10271 -0.025747 0.0268914
5.66 0.0207743 0.0543526 0.0256687 0.033022
5.67 0.0295545 0.0229097 0.0184774 0.0348552
