0 -0.012415 -0.0954917 -0.0322932 0.0345974
0.01 -0.002407 -0.0657464 -0.0649372 0.0649818
0.02 0.00775995 -0.111704 -0.0523983 0.0529698
0.03 -0.00118691 -0.0574231 -0.0326478 0.0326693
0.04 -0.00155773 -0.0660347 -0.0457077 0.0457342
0.05 0.00413021 -0.104784 -0.0459477 0.046133
0.06 -0.00853378 -0.0842647 -0.0199247 0.0216753
0.07 -0.00540971 0.0208772 -0.0578637 0.058116
0.08 0.00309254 -0.131118 -0.0593072 0.0593878
0.09 -0.0126878 -0.0952 -0.0516795 0.0532142
0.1 -0.00918472 -0.0932171 -0.0195745 0.0216222
0.11 -0.00535598 -0.0507463 -0.0256995 0.0262517
0.12 -0.0042111 -0.0777545 -0.0325676 0.0328387
0.13 -0.0111471 -0.189712 -0.052401 0.0535735
0.14 -0.00352782 -0.153713 -0.0717519 0.0718386
0.15 6.01769e-05 -0.152082 -0.0264311 0.0264312
0.16 0.00345524 -0.100499 -0.0197893 0.0200886
0.17 -0.00962387 0.0458778 -0.0190975 0.0213854
0.18 -0.0198546 -0.103737 -0.0268814 0.0334187
0.19 -0.00465297 -0.0956577 -0.0263564 0.0267639
0.2 -0.0131539 -0.0234747 -0.0713852 0.0725869
0.21 0.0146443 -0.0804037 -0.0651777 0.0668026
0.22 -0.0103795 -0.0296216 -0.0586893 0.0596
0.23 -0.0142847 -0.201153 -0.0586848 0.0603983
0.24 -0.0201169 -0.135043 -0.104163 0.106088
0.25 -0.0152634 -0.178267 -0.0650143 0.0667819
0.26 -0.0126621 -0.0327299 -0.0324893 0.0348695
0.27 -0.00865857 -0.101886 -0.078175 0.0786531
0.28 -0.00914032 -0.0835566 -0.0266529 0.0281767
0.29 -0.000971507 -0.124353 -0.065467 0.0654742
0.3 -0.00454383 -0.122296 -0.0597389 0.0599115
0.31 -0.00153783 -0.0216152 -0.0388965 0.0389269
0.32 -0.0117906 -0.0954383 -0.045828 0.0473204
0.33 -0.0156759 -0.0846592 -0.0903065 0.0916569
0.34 -0.00191877 -0.00773551 -0.0456905 0.0457308
0.35 -0.00130851 -0.0755485 -0.0455674 0.0455861
0.36 -0.00686785 0.128713 -0.0444421 0.0449696
0.37 0.00175469 -0.14358 -0.0853224 0.0853405
0.38 -0.0170023 -0.0746951 -0.032481 0.0366619
0.39 0.0100837 0.0467021 -0.0704934 0.0712109
0.4 -0.00523069 -0.0420704 -0.0453331 0.0456338
0.41 0.00261755 -0.0508987 -0.0197246 0.0198975
0.42 -0.0129086 -0.139504 -0.0459946 0.0477717
0.43 0.00231169 -0.103939 -0.104026 0.104051
0.44 -0.00898601 -0.0794958 -0.0588398 0.059522
0.45 -0.0067415 -0.205709 -0.065681 0.066026
0.46 -0.00414632 -0.0687737 -0.0715494 0.0716694
0.47 -0.0125315 0.0164949 -0.0449685 0.0466819
0.48 0.00463392 -0.150044 -0.039055 0.0393289
0.49 -0.000803202 -0.0620163 -0.0841825 0.0841864
0.5 -0.0126539 -0.00571489 -0.0259336 0.0288561
0.51 -0.00377187 0.00188947 -0.0381146 0.0383007
0.52 -0.00967027 -0.00744068 -0.0390932 0.0402715
0.53 -0.00893826 -0.079607 -0.0459648 0.0468258
0.54 -0.0152783 -0.124643 -0.0643669 0.0661553
0.55 -0.00417257 -0.131424 -0.0393474 0.0395681
0.56 -0.0163096 -0.106363 -0.0773878 0.0790878
0.57 -0.00957705 -0.105849 -0.0782548 0.0788387
0.58 0.00615104 -0.0616812 -0.0199713 0.0208971
0.59 -0.0091755 -0.0170189 -0.00625882 0.0111069
0.6 -0.00717272 -0.17446 -0.0139219 0.015661
0.61 0.00169946 -0.0586237 -0.0403566 0.0403923
0.62 -0.000395414 -0.0933996 -0.0784176 0.0784186
0.63 -0.00653191 0.00808541 -0.0647632 0.0650918
0.64 -0.0148571 -0.245641 -0.0463335 0.0486573
0.65 0.000279031 -0.0809109 -0.0129559 0.0129589
0.66 -0.00690094 -0.0181248 -0.0716066 0.0719383
0.67 -0.00840158 -0.200511 -0.052529 0.0531966
0.68 -0.00623169 -0.0272883 -0.0653279 0.0656244
0.69 -0.00535641 -0.0639375 -0.0453759 0.045691
0.7 -0.00129816 -0.168745 -0.0466746 0.0466927
0.71 -0.012242 -0.0642872 -0.0453902 0.0470121
0.72 -0.0128889 -0.094904 -0.0905751 0.0914875
0.73 0.00398345 -0.113737 -0.0262432 0.0265438
0.74 0.00340168 -0.131649 -0.0395806 0.0397265
0.75 0.00769252 -0.178833 -0.0143537 0.016285
0.76 -0.00983499 -0.0341089 -0.0393549 0.0405652
0.77 -0.0146435 -0.169901 -0.0264362 0.030221
0.78 -0.015981 -0.102391 -0.0322323 0.0359765
0.79 -0.0180202 -0.0337893 -0.0967601 0.0984238
0.8 -0.00830697 -0.102044 -0.00719681 0.0109909
0.81 0.00258212 -0.0908972 -0.00751039 0.00794187
0.82 -0.00170153 0.000899808 -0.0323982 0.0324429
0.83 0.0100139 -0.0907896 -0.0463685 0.0474375
0.84 -0.00500626 0.020607 -0.032578 0.0329604
0.85 -0.0104104 -0.270532 -0.0337391 0.0353087
0.86 -0.00397699 -0.0733992 -0.0394156 0.0396158
0.87 0.00643723 -0.11119 -0.027126 0.0278793
0.88 0.00743016 -0.129209 -0.0395844 0.0402757
0.89 -0.000268963 -0.214525 -0.0785853 0.0785858
0.9 0.00262585 -0.126316 -0.0784412 0.0784852
0.91 -8.20528e-05 -0.102565 -0.0582967 0.0582967
0.92 -0.0106354 -0.154547 -0.00669401 0.0125667
0.93 -0.0147183 -0.192042 -0.0459179 0.0482191
0.94 0.00658742 -0.13351 -0.040097 0.0406345
0.95 -0.0039364 -0.104913 -0.0323419 0.0325806
0.96 -0.00895177 -0.0662019 -0.0579003 0.0585882
0.97 -0.0132621 -0.090182 -0.0265061 0.0296388
0.98 0.010369 -0.0775763 -0.0656742 0.0664877
0.99 -0.00130805 -0.0397177 -0.0322295 0.032256
1 -0.0091871 0.0139643 -0.0578403 0.0585654
1.01 0.0112791 -0.0781504 -0.0522356 0.0534395
1.02 -0.0004316 -0.120187 -0.0716655 0.0716668
1.03 -0.00446898 -0.131087 -0.0526014 0.0527909
1.04 -0.000715673 -0.146748 -0.0652924 0.0652963
1.05 0.00649292 -0.106745 -0.0527484 0.0531465
1.06 -0.00955572 0.000945313 -0.0450079 0.0460111
1.07 -0.00284366 -0.123337 -0.0262263 0.02638
1.08 -0.0194178 -0.109229 -0.0765492 0.0789736
1.09 0.0139553 -0.0839326 -0.00783661 0.0160051
1.1 -0.0235388 -0.195847 -0.071483 0.0752589
1.11 -0.00681106 -0.196768 -0.0268548 0.027705
1.12 -0.00774172 -0.106889 -0.0722724 0.0726858
1.13 0.00446337 -0.207974 -0.046233 0.046448
1.14 -0.00919268 -0.0747915 -0.0650608 0.065707
1.15 -0.0166689 -0.0656629 -0.0711535 0.0730799
1.16 -0.0157325 -0.115647 -0.0777827 0.0793578
1.17 -0.00922533 -0.0349789 -0.0649418 0.0655938
1.18 -0.0159706 -0.102081 -0.0710903 0.0728621
1.19 0.00153217 -0.295943 -0.0467173 0.0467424
1.2 0.00822485 -0.165689 -0.0400236 0.0408599
1.21 -0.013252 -0.0323779 -0.0650593 0.0663952
1.22 -0.00499258 -0.0329967 -0.0583646 0.0585778
1.23 -0.0113486 -0.202949 -0.0333278 0.035207
1.24 -0.0137795 -0.0408038 -0.0455723 0.04761
1.25 -0.00543318 -0.0592111 -0.0456976 0.0460194
1.26 9.06158e-05 -0.111276 -0.0527765 0.0527766
1.27 -0.00440834 -0.171127 -0.0660281 0.0661751
1.28 -0.0125322 -0.0194972 -0.0320527 0.0344156
1.29 -0.00513242 -0.037091 -0.0459581 0.0462438
1.3 0.00361735 -0.109339 -0.0268033 0.0270463
1.31 -0.00847276 -0.0843893 -0.0519693 0.0526554
1.32 -0.00530848 -0.0638875 -0.0587539 0.0589932
1.33 -0.00520283 -0.0639613 -0.0456084 0.0459042
1.34 0.0101796 -0.037578 -0.0330083 0.0345423
1.35 0.00383637 -0.114218 -0.0392482 0.0394353
1.36 0.00285003 -0.0823543 -0.0650491 0.0651115
1.37 0.00221692 0.0118869 -0.0196883 0.0198127
1.38 0.0100436 -0.0594128 -0.0718376 0.0725363
1.39 -0.0121562 -0.10878 -0.0390565 0.0409045
1.4 -0.0092076 -0.0438075 -0.0580749 0.0588002
1.41 0.00222024 -0.0684093 -0.0459691 0.0460227
1.42 0.00191233 0.0746305 -0.0452943 0.0453346
1.43 0.00563533 -0.101564 -0.0594948 0.0597611
1.44 -0.00628017 -0.272723 -0.0406682 0.0411502
1.45 -0.00254986 -0.0654326 -0.0784242 0.0784656
1.46 0.00417579 -0.0741048 -0.0196135 0.0200531
1.47 -0.0199778 -0.0908921 -0.0777339 0.0802601
1.48 -0.00384816 -0.198771 -0.039944 0.040129
1.49 -0.000277194 -0.0938281 -0.0325458 0.0325469
1.5 -0.0120759 -0.0910487 -0.0522492 0.0536266
1.51 -0.00374872 -0.176516 -0.0528471 0.0529799
1.52 -0.0155688 -0.231669 -0.0465309 0.0490664
1.53 -0.00541626 0.0563976 -0.0642359 0.0644638
1.54 -0.0288974 0.00435625 -0.0520137 0.059502
1.55 -0.000739704 -0.0667293 -0.0389413 0.0389484
1.56 -0.01615 -0.0753066 -0.0193124 0.0251752
1.57 0.00668652 -0.075424 -0.0396628 0.0402224
1.58 -0.00782405 -0.173964 -0.0395866 0.0403524
1.59 -0.00454716 -0.0955704 -0.0394644 0.0397255
1.6 -0.0022874 -0.0433943 -0.026519 0.0266174
1.61 -0.00833168 -0.0576754 -0.0455752 0.0463305
1.62 0.00392889 -0.0473355 -0.00689391 0.00793487
1.63 -0.0147054 -0.152017 -0.0268624 0.0306242
1.64 -0.00405811 -0.0911306 -0.0262228 0.026535
1.65 -0.00701276 -0.11666 -0.0192787 0.0205146
1.66 0.00608021 0.0186094 -0.0327489 0.0333085
1.67 -0.00338524 -0.216422 -0.0595628 0.0596589
1.68 -0.00943633 -0.0700279 -0.0202311 0.0223236
1.69 -0.0020835 -0.0344037 -0.0459522 0.0459994
1.7 -0.00557101 0.0391458 -0.0517254 0.0520245
1.71 -0.00922356 -0.132531 -0.104082 0.10449
1.72 -0.00181917 -0.0615296 -0.0845137 0.0845333
1.73 -0.000636308 -0.0850352 -0.0453502 0.0453547
1.74 0.00624333 -0.0840393 -0.0332129 0.0337946
1.75 -0.00480604 -0.131304 -0.0657148 0.0658903
1.76 0.00402461 -0.0783275 -0.0197411 0.0201471
1.77 0.00342651 -0.0608489 -0.0519848 0.0520976
1.78 -0.00932968 0.0499478 -0.0317365 0.0330794
1.79 -0.00123506 -0.0705033 -0.0651985 0.0652102
1.8 -0.0154237 -0.120244 -0.0512396 0.0535106
1.81 -0.0213645 0.0488557 -0.0647834 0.0682153
1.82 -0.00824151 -0.0306883 -0.0197422 0.0213934
1.83 -0.00494146 -0.0907642 -0.0781083 0.0782645
1.84 0.0089502 -0.134577 -0.0460307 0.0468927
1.85 -0.0123812 -0.1086 -0.0455672 0.0472193
1.86 0.00750786 -0.156415 -0.0591772 0.0596516
1.87 -0.00205005 0.0324613 -0.039007 0.0390609
1.88 -0.00536756 -0.0906294 -0.0458701 0.046183
1.89 0.0136948 -0.0528842 -0.0335441 0.0362319
1.9 -0.0242686 -0.0704329 -0.0646672 0.0690711
1.91 0.0112574 -0.127611 -0.0589254 0.059991
1.92 -0.00734817 -0.0984836 -0.0390907 0.0397753
1.93 -0.00367718 -0.10501 -0.0194288 0.0197737
1.94 -0.00870208 -0.030456 -0.0452985 0.0461268
1.95 0.0024574 -0.0153545 -0.025865 0.0259815
1.96 -0.00902499 -0.141952 -0.0331105 0.0343185
1.97 -0.00111114 -0.0351224 -0.039419 0.0394347
1.98 -0.0151459 -0.254281 -0.0401161 0.0428801
1.99 -0.0202045 -0.0281751 -0.0254938 0.0325293
2 -0.000397576 -0.0893339 -0.0266654 0.0266683
2.01 -0.0121926 -0.0821581 -4.51278e-05 0.0121927
2.02 -0.00104646 -0.0667013 -0.0133379 0.0133789
2.03 -0.00332712 -0.18984 -0.0461937 0.0463133
2.04 0.00716377 -0.106943 -0.0522931 0.0527815
2.05 0.0100887 -0.0686494 -0.0268868 0.0287173
2.06 0.00557669 -0.0657503 -0.0715667 0.0717837
2.07 -0.00411306 -0.091491 -0.0325549 0.0328137
2.08 -0.0117442 -0.0421198 -0.0258323 0.0283766
2.09 -0.0054268 -0.0145975 -0.0453591 0.0456826
2.1 0.00321016 -0.0646038 -0.0391455 0.0392769
2.11 -0.00834639 -0.0841857 -0.038894 0.0397795
2.12 0.00909769 -0.291256 -0.0596066 0.0602969
2.13 -0.00310482 -0.0293475 -0.0398618 0.0399826
2.14 -0.00449981 -0.0956618 -0.051728 0.0519234
2.15 -0.00396764 -0.09589 -0.0456815 0.0458535
2.16 0.00569328 0.0945726 -0.0579557 0.0582347
2.17 -0.00814908 -0.0623144 -0.0583609 0.0589271
2.18 -0.00385035 -0.104942 -0.0716327 0.0717361
2.19 -0.000654975 -0.0841953 -0.0397005 0.0397059
2.2 -0.0138874 -0.0901368 -0.0701911 0.0715517
2.21 0.0139943 -0.0533682 -0.242696 0.243099
2.22 0.0627715 -0.13916 -0.699006 0.701819
2.23 0.183131 0.0241523 -1.16716 1.18144
2.24 0.26208 -0.0211821 -1.16199 1.19118
2.25 0.297575 -0.0178652 -0.880116 0.929061
2.26 0.282784 0.0136294 -0.72634 0.779446
2.27 0.159815 -0.0373515 -1.03426 1.04653
2.28 0.0979248 -0.0807638 -1.42717 1.43052
2.29 -0.00704193 -0.103237 -1.87403 1.87404
2.3 -0.0482464 0.0349967 -2.20523 2.20576
2.31 -0.0340569 -0.0633989 -2.32701 2.32726
2.32 0.0466671 -0.047113 -2.28363 2.28411
2.33 0.131362 -0.0416444 -2.46775 2.47124
2.34 0.212573 -0.0333533 -2.68591 2.69431
2.35 0.264184 -0.0736104 -2.94901 2.96082
2.36 0.309527 -0.226183 -3.14666 3.16185
2.37 0.344732 -0.235142 -3.27788 3.29596
2.38 0.384971 -0.234307 -3.35012 3.37216
2.39 0.442433 -0.269264 -3.58621 3.6134
2.4 0.489783 -0.40604 -3.80929 3.84065
2.41 0.540504 -0.387457 -4.00014 4.03649
2.42 0.561752 -0.295305 -3.47093 3.51609
2.43 0.68253 -0.531294 -4.45797 4.50992
2.44 0.689605 -0.475235 -4.83114 4.88011
2.45 0.758826 -0.483532 -4.72855 4.78905
2.46 0.817667 -0.657933 -4.76079 4.83049
2.47 0.771839 -0.620916 -4.82366 4.88503
2.48 0.792012 -0.570083 -4.88879 4.95253
2.49 0.731849 -0.514314 -4.99512 5.04845
2.5 0.677852 -0.511476 -5.09563 5.14052
2.51 0.641953 -0.456984 -5.28781 5.32663
2.52 0.665589 -0.631987 -5.50323 5.54333
2.53 0.73895 -0.606385 -5.6155 5.66391
2.54 0.797818 -0.652803 -5.50168 5.55922
2.55 0.826543 -0.572849 -5.45861 5.52083
2.56 0.85752 -0.605224 -5.51092 5.57724
2.57 0.830782 -0.615364 -5.7311 5.791
2.58 0.833764 -0.608095 -5.906 5.96456
2.59 0.852792 -0.753633 -6.04366 6.10353
2.6 0.858699 -0.720787 -6.10224 6.16236
2.61 0.821713 -0.573664 -6.19176 6.24605
2.62 0.815591 -0.743467 -6.22421 6.27742
2.63 0.849255 -0.697278 -6.25758 6.31494
2.64 0.867808 -0.726927 -6.31606 6.3754
2.65 0.871856 -0.725166 -6.34796 6.40756
2.66 0.877811 -0.711148 -6.39303 6.45302
2.67 0.848447 -0.657848 -6.4573 6.5128
2.68 0.859234 -0.785252 -6.50515 6.56165
2.69 0.880641 -0.762918 -6.60294 6.66141
2.7 0.923153 -0.785437 -6.62942 6.69339
2.71 0.966714 -0.808218 -6.59171 6.66222
2.72 0.988912 -0.638798 -6.59058 6.66436
2.73 0.975465 -0.74168 -6.62299 6.69444
2.74 0.954419 -0.749677 -6.91389 6.97946
2.75 0.921141 -0.785859 -7.16686 7.22581
2.76 0.894778 -0.850234 -7.14752 7.20331
2.77 0.814624 -0.7265 -6.49069 6.54162
2.78 0.701135 -0.373326 -4.13277 4.19183
2.79 0.643799 -0.487076 -3.38787 3.4485
2.8 0.411027 -0.390059 -3.47173 3.49597
2.81 0.489916 -0.756721 -7.43197 7.4481
2.82 0.495022 -0.954976 -10.3038 10.3157
2.83 1.21219 -0.41678 -7.63093 7.72661
2.84 1.57429 -0.430226 -4.79947 5.05107
2.85 1.53066 -0.72062 -4.13154 4.40597
2.86 1.29935 -0.993994 -3.96399 4.17151
2.87 0.940414 -0.916743 -3.9163 4.02763
2.88 0.617691 -0.893446 -3.76279 3.81316
2.89 0.425134 -0.488531 -3.32397 3.35105
2.9 0.359396 -0.404978 -2.35993 2.38714
2.91 0.274478 -0.120377 -1.86746 1.88753
2.92 0.188006 -0.14496 -1.87888 1.88826
2.93 0.0863584 -0.233425 -1.68388 1.6861
2.94 0.0555101 -0.252138 -1.01549 1.01701
2.95 -0.00367299 -0.237424 -0.61356 0.613571
2.96 -0.065832 -0.14649 -0.219706 0.229357
2.97 -0.0411491 0.0208697 -0.0578864 0.0710218
2.98 -0.00875542 -0.14174 -0.0590548 0.0597003
2.99 -0.00999231 0.0330199 -0.0325181 0.0340187
3 0.00181396 -0.143402 -0.0861663 0.0861854
3.01 0.011453 -0.113728 -0.0658755 0.0668637
3.02 0.00241138 -0.0818646 -0.0655365 0.0655808
3.03 0.00019534 0.102591 -0.0650044 0.0650047
3.04 -0.00769138 -0.151445 -0.0974789 0.0977818
3.05 0.00334179 -0.117992 -0.0655054 0.0655906
3.06 -0.00106518 -0.0176349 -0.0327606 0.0327779
3.07 -0.00622653 0.0215517 -0.0394908 0.0399787
3.08 -0.00501708 -0.162268 -0.0529585 0.0531956
3.09 -0.0125625 -0.0638843 -0.0776516 0.0786612
3.1 -0.0056037 -0.117141 -0.0528749 0.0531711
3.11 -0.0213703 -0.0721299 -0.038536 0.0440649
3.12 -0.014798 -0.0268028 -0.0201662 0.0250131
3.13 -0.00897024 -0.0614578 -0.0328128 0.0340168
3.14 -0.00473973 -0.0777079 -0.04579 0.0460346
3.15 -0.00410352 -0.117906 -0.0331199 0.0333732
3.16 -0.0118618 -0.175416 -0.0465368 0.0480248
3.17 -0.00644197 -0.0582528 -0.0525723 0.0529655
3.18 0.00169211 -0.00989209 -0.0521922 0.0522196
3.19 0.000917556 -0.250588 -0.033326 0.0333387
3.2 0.0097637 -0.104076 -0.0139173 0.0170006
3.21 -0.00802373 -0.12859 -0.0146291 0.0166851
3.22 -0.00212189 -0.0835079 -0.0268001 0.026884
3.23 -0.00370692 -0.19862 -0.0215106 0.0218276
3.24 -0.014061 -0.0808793 -0.0649365 0.0664414
3.25 -0.00617363 -0.0764543 -0.0466788 0.0470853
3.26 -0.0124282 -0.1217 -0.0529794 0.0544176
3.27 -0.00762335 -0.213834 -0.0597184 0.0602031
3.28 -0.00125499 -0.137562 -0.0656711 0.0656831
3.29 0.00789733 -0.165597 -0.091995 0.0923333
3.3 -0.00922872 -0.0572759 -0.0776803 0.0782266
3.31 -0.0118596 -0.108957 -0.0520555 0.0533894
3.32 0.00016542 -0.165346 -0.0329613 0.0329617
3.33 -0.0122899 -0.0549083 -0.0328886 0.0351099
3.34 -0.00497245 -0.0460717 -0.0518577 0.0520955
3.35 -0.0123116 -0.081729 -0.0459169 0.0475388
3.36 -0.00424539 -0.10422 -0.0783221 0.0784371
3.37 -0.0292404 -0.0582147 -0.0581341 0.0650736
3.38 -0.0108183 -0.288171 -0.0725177 0.0733202
3.39 -0.00455229 -0.0949247 -0.0273414 0.0277178
3.4 0.000169251 -0.107219 -0.00688554 0.00688762
3.41 -0.00110275 -0.0615168 -0.065122 0.0651313
3.42 -0.00817411 -0.102345 -0.00735896 0.0109987
3.43 -0.00190344 -0.0255284 -0.0330007 0.0330556
3.44 -0.0154513 -0.191537 -0.0657214 0.0675132
3.45 -0.00877232 -0.0303192 -0.0269031 0.0282972
3.46 -0.00219254 -0.0566269 -0.0718363 0.0718698
3.47 -0.0131169 -0.0144469 -0.0456671 0.0475135
3.48 -0.00179726 -0.114843 -0.0654511 0.0654757
3.49 -0.0128157 -0.0327062 -0.0322568 0.0347094
3.5 -0.0171147 -0.109787 -0.07198 0.0739867
3.51 -0.00536373 -0.0325015 -0.0197943 0.0205081
3.52 -0.0236256 -0.0660365 -0.0265195 0.0355169
3.53 -0.00889701 -0.0792135 -0.0198524 0.0217549
3.54 -0.00968761 -0.0653744 -0.0716416 0.0722936
3.55 -0.00868003 -0.106248 -0.0461503 0.0469595
3.56 0.000107517 -0.165384 -0.0332319 0.033232
3.57 -0.000911585 -0.0485894 -0.0453378 0.045347
3.58 -0.0122839 -0.07285 -0.00759378 0.0144416
3.59 -0.00490443 -0.0817364 -0.0523902 0.0526193
3.6 0.00607081 -0.124531 -0.0203544 0.0212405
3.61 -0.00368238 -0.122919 -0.0329217 0.033127
3.62 -0.00470028 -0.00614512 -0.0198885 0.0204363
3.63 -5.48279e-05 -0.183088 -0.039317 0.0393171
3.64 -0.00913216 -0.0791813 -0.0137587 0.0165136
3.65 -0.00516801 -0.0505259 -0.0457832 0.046074
3.66 0.00361795 -0.0733472 -0.0397197 0.0398841
3.67 0.00248269 -0.0463708 0.00593615 0.00643441
3.68 0.0030118 -0.0820876 -0.0204329 0.0206537
3.69 -0.0199692 -0.121552 -0.0200909 0.0283269
3.7 0.00575057 -0.0081634 -0.0453123 0.0456757
3.71 -0.00532607 0.0125183 -0.00699195 0.00878945
3.72 -0.00755466 -0.120343 -0.0332717 0.0341186
3.73 -0.00978149 -0.0255982 -0.0132257 0.0164498
3.74 -0.000817338 -0.13775 -0.0339837 0.0339935
3.75 -0.0119089 -0.068788 -0.026094 0.0286831
3.76 -0.0188793 -0.274154 -0.0659712 0.0686194
3.77 -0.0211899 -0.0855721 -0.0717519 0.0748154
3.78 -0.0124049 -0.131194 -0.0330969 0.0353452
3.79 -0.000665923 -0.0937722 -0.0262197 0.0262281
3.8 -0.00102199 -0.110889 -0.0263517 0.0263715
3.81 -0.00249594 -0.114255 -0.0788522 0.0788916
3.82 -0.00906931 -0.0969045 -0.0395855 0.0406111
3.83 -0.00965242 -0.0613875 -0.0458021 0.0468082
3.84 0.0180458 -0.0777135 -0.0204473 0.0272716
3.85 -0.00179238 -0.248993 -0.0270344 0.0270937
3.86 0.0184161 -0.104933 -0.0207246 0.0277248
3.87 -0.00415092 -0.153626 -0.0593322 0.0594772
3.88 -0.000894672 -0.0302298 -0.0718168 0.0718223
3.89 -0.0119307 -0.121992 -0.0784745 0.0793762
3.9 -0.00792406 -0.133361 -0.0204392 0.0219215
3.91 -0.0188972 -0.265486 -0.0465852 0.0502721
3.92 -0.0122258 -0.126222 -0.0395825 0.0414276
3.93 -0.00216089 -0.0524585 -0.038821 0.0388811
3.94 -0.0015396 -0.0748828 -0.0137021 0.0137883
3.95 0.00656736 -0.0751561 -0.0592809 0.0596436
3.96 -0.0117255 -0.117569 -0.0457618 0.0472401
3.97 -0.0127451 -0.0818851 -0.0585273 0.0598989
3.98 -0.000241829 -0.146994 -0.0846557 0.084656
3.99 -0.0114472 -0.131698 -0.0581742 0.0592898
4 -0.00474826 -0.0993593 -0.0464055 0.0466478
4.01 -0.00723794 -0.129851 0.00592632 0.00935463
4.02 0.000477185 -0.107267 -0.00735045 0.00736593
4.03 -0.0042822 -0.113429 -0.0526487 0.0528225
4.04 -0.00953921 -0.0704383 -0.0131852 0.0162741
4.05 0.0029089 -0.175662 -0.0532814 0.0533608
4.06 0.00644026 -0.0794441 -0.0404018 0.0409118
4.07 0.00749176 -0.165346 -0.0335741 0.0343998
4.08 -0.0234404 -0.119206 -0.0454329 0.0511234
4.09 0.000348613 -0.156633 -0.0523243 0.0523254
4.1 -0.00889705 -0.101853 -0.0135139 0.0161797
4.11 0.0136572 -0.0752643 -0.052685 0.0544263
4.12 0.00305063 -0.0197922 -0.0199086 0.020141
4.13 0.00702551 -0.071142 -0.0333653 0.0340969
4.14 -0.00239619 -0.0431586 -0.00735003 0.00773076
4.15 -0.000711255 -0.0752677 -0.0457938 0.0457994
4.16 -0.00843913 -0.120298 -0.0326506 0.0337236
4.17 -0.00745317 -0.120073 -0.0392038 0.039906
4.18 0.0139252 -0.0576343 -0.0334549 0.0362373
4.19 -0.0174821 -0.0828902 -0.0777642 0.079705
4.2 0.0100114 -0.0772753 -0.0206312 0.022932
4.21 -0.00397862 -0.202716 -0.0401419 0.0403386
4.22 -0.00797957 -0.147074 -0.0201935 0.0217129
4.23 -0.00287698 0.00205635 -0.0203739 0.020576
4.24 -0.0211271 0.0217763 -0.0386456 0.0440436
4.25 -0.00852201 -0.0215808 -0.0323463 0.0334501
4.26 -0.0212248 -0.0135293 -0.0465327 0.0511448
4.27 -0.00875739 -0.114874 -0.0398947 0.0408446
4.28 0.00227574 -0.0641254 -0.0453385 0.0453956
4.29 -0.00429036 -0.131015 -0.06008 0.060233
4.3 -0.0112726 -0.140893 -0.0324626 0.0343641
4.31 -0.00145168 -0.0661281 -0.00742352 0.00756413
4.32 -0.0103863 -0.0874265 -0.0787041 0.0793865
4.33 -0.00762653 -0.209587 -0.0593584 0.0598463
4.34 -0.00904785 -0.0925428 -0.0716102 0.0721796
4.35 0.0109188 -0.109273 -0.0464228 0.0476896
4.36 -0.0195485 -0.126546 -0.0450319 0.0490919
4.37 -0.00108509 -0.115625 -0.045578 0.0455909
4.38 -0.00140951 -0.0614889 -0.0395185 0.0395437
4.39 -0.0136703 -0.00520865 -0.051404 0.0531907
4.4 -0.0134004 -0.130249 -0.0848905 0.0859416
4.41 -0.0129128 -0.13087 -0.0463889 0.0481526
4.42 -0.0113167 -0.198619 -0.0265647 0.0288748
4.43 -0.0284176 -0.0900418 -0.0457499 0.0538573
4.44 -0.0126064 -0.13122 -0.0194858 0.0232082
4.45 -0.00921115 -0.0568366 -0.0454361 0.0463604
4.46 -0.00113602 -0.151202 -0.0143371 0.0143821
4.47 0.00284331 -0.117861 -0.0137574 0.0140481
4.48 -0.0053862 0.00745958 -0.0322791 0.0327254
4.49 0.005709 -0.0567639 -0.0714902 0.0717178
4.5 -0.0131875 -0.0678611 -0.0584159 0.059886
4.51 0.00691588 -0.106718 -0.0526721 0.0531242
4.52 -0.0062138 -0.0359558 -0.0847145 0.0849421
4.53 0.00435087 0.019898 -0.0780923 0.0782134
4.54 0.00663915 -0.151543 -0.0270663 0.0278687
4.55 -0.000860252 -0.106538 -0.01369 0.013717
4.56 -0.0102033 -0.239405 -0.0141809 0.0174701
4.57 0.000329133 -0.165222 -0.0457988 0.0458
4.58 -0.00479657 -0.108857 -0.00701258 0.00849608
4.59 -0.00610441 0.12453 0.0197797 0.0207002
4.6 0.0034745 -0.109025 -0.0402903 0.0404399
4.61 -0.00412018 -0.140189 -0.000938912 0.00422581
