0 0.00732141 -0.00908471 -0.0188134 0.0201878
0.01 0.00304609 -0.00625744 -0.0193105 0.0195493
0.02 0.00161412 -0.0988954 -0.0194769 0.0195437
0.03 -0.0229716 0.0048261 -0.00538103 0.0235935
0.04 -0.0040473 -0.0286074 -0.0123914 0.0130356
0.05 6.03032e-05 -0.0042091 -8.94773e-05 0.000107901
0.06 -0.00745276 -0.173664 -0.0200709 0.0214099
0.07 -0.0127541 0.0614516 -0.0188269 0.0227402
0.08 -0.00899323 0.0141734 -0.00570734 0.0106514
0.09 -0.00512629 0.0923765 0.000731313 0.00517819
0.1 -0.00623682 -0.120856 2.35455e-05 0.00623686
0.11 0.0103445 -0.00602907 -0.00661489 0.0122786
0.12 0.00330014 -0.0110533 -0.0253525 0.0255663
0.13 -0.0119978 -0.0777035 -0.00611957 0.0134683
0.14 -0.0045542 -0.00173994 -0.0125849 0.0133836
0.15 -0.00135372 0.014618 -0.0384664 0.0384902
0.16 0.00315038 0.100669 0.00696138 0.00764105
0.17 -0.00382231 -0.028788 -0.00588066 0.00701372
0.18 0.0036638 -0.0737797 0.0256619 0.0259222
0.19 -0.00398306 -0.00659599 -0.00544385 0.00674539
0.2 -0.00564476 0.0925716 -0.0250955 0.0257225
0.21 -0.00193546 -0.0744044 3.38284e-05 0.00193575
0.22 -0.000319635 -0.0173565 0.000209442 0.000382142
0.23 -0.00480609 -0.103945 -0.0196687 0.0202474
0.24 -0.0053209 0.0345124 -0.0254535 0.0260037
0.25 -0.0113014 -0.0592718 0.0378439 0.0394954
0.26 -0.00507165 -0.112893 0.0259816 0.0264719
0.27 -0.000887826 0.000387207 -0.018456 0.0184773
0.28 -0.00406463 -0.00658762 0.0004174 0.004086
0.29 -0.0114063 -0.01552 0.0266327 0.0289724
0.3 -0.0104681 -0.0604635 0.0198821 0.0224696
0.31 -0.0077135 0.0362079 -0.0322305 0.0331407
0.32 -0.000444224 -0.0577985 -0.000310111 0.00054176
0.33 -0.0185425 -0.0555194 -0.00542119 0.0193188
0.34 0.00294486 0.0558675 -0.0120811 0.0124349
0.35 0.0110009 -0.0376385 -0.000470981 0.011011
0.36 0.0065961 0.0586531 -0.0194784 0.0205649
0.37 -0.0110043 -0.0514399 -0.012811 0.0168884
0.38 -0.00372941 -0.0381356 0.0519451 0.0520788
0.39 -0.0102525 -0.0340684 0.000704353 0.0102767
0.4 -0.000475025 0.000265961 -0.00577529 0.0057948
0.41 -0.00398684 -0.0326553 -0.0387345 0.0389391
0.42 -0.0113142 -0.0376973 -0.0380004 0.039649
0.43 -0.0111405 0.0291574 0.0136313 0.0176046
0.44 -0.00426075 -0.00175435 0.00673055 0.00796582
0.45 -0.00779049 -0.0354371 -0.00596629 0.00981266
0.46 -0.0223905 -0.0264642 0.0263342 0.0345663
0.47 -0.00409791 -0.100016 0.00551154 0.00686803
0.48 -0.000974169 0.0183174 -0.0127504 0.0127875
0.49 -0.000489798 0.00877144 -0.0187038 0.0187102
0.5 -0.00719822 -0.0400355 0.0262431 0.0272124
0.51 -0.00291025 -0.092079 0.000199194 0.00291706
0.52 0.0035074 -0.0597192 -0.077405 0.0774845
0.53 -0.00733412 0.00881529 0.0073937 0.0104142
0.54 -0.00810342 -0.0440113 -0.0187563 0.0204319
0.55 -0.0110604 -0.0558652 -0.0123272 0.0165618
0.56 -0.00695556 -0.0713425 -0.0316852 0.0324397
0.57 -0.000159753 -0.0753597 -0.0387038 0.0387041
0.58 -0.00858321 0.0813177 -0.0126753 0.015308
0.59 -0.0139605 -0.0715854 -0.0250653 0.0286909
0.6 -0.0345494 -0.0189565 0.000642807 0.0345554
0.61 -0.0103076 -0.0824747 -0.0319462 0.0335679
0.62 6.26892e-05 -0.0620261 -0.00645579 0.00645609
0.63 -0.0115895 0.056062 0.0137083 0.0179509
0.64 0.0065349 0.0853412 0.000526227 0.00655605
0.65 -0.00446049 0.0382762 0.000609361 0.00450192
0.66 -0.0155651 -0.0217443 0.000185674 0.0155662
0.67 -0.0111406 -0.0734358 -0.0253874 0.0277242
0.68 -0.00352768 -0.00209785 0.000280402 0.0035388
0.69 -0.00769638 -0.0527542 -0.0193298 0.0208057
0.7 0.000151829 0.0665975 0.0265634 0.0265639
0.71 -0.0105951 -0.0513796 0.00704556 0.0127238
0.72 -0.00642556 -0.0448653 0.0197737 0.0207915
0.73 -0.00280364 -0.0652676 -0.0512012 0.0512779
0.74 0.00722354 -0.0219118 -0.00678674 0.00991158
0.75 -0.00956292 0.104043 0.00724886 0.0119998
0.76 0.00237946 0.0120316 -0.0576644 0.0577134
0.77 -0.0116582 -0.0242187 -0.0182006 0.0216142
0.78 -0.00334529 -0.0295377 0.0200861 0.0203628
0.79 0.00728621 -0.0130716 -0.0446535 0.045244
0.8 -0.00324802 -0.0470167 -0.0255913 0.0257965
0.81 -0.0186475 0.0604998 0.0138747 0.023243
0.82 -0.0104885 -0.163353 0.00607235 0.0121195
0.83 -0.00918758 0.0817031 -0.0254649 0.0270717
0.84 0.000682683 -0.111951 -0.026268 0.0262769
0.85 -0.00925049 -0.00316663 -0.0386569 0.0397483
0.86 -0.0158457 -0.0127978 0.0138345 0.0210352
0.87 -0.00313805 -0.100843 -0.0256273 0.0258187
0.88 -0.0081967 -0.0614074 -0.0131505 0.0154958
0.89 -0.0219568 -0.0355759 0.0135674 0.0258104
0.9 -0.00750562 -0.053018 -0.0192214 0.0206348
0.91 -0.014794 -0.0891096 -0.0064665 0.0161456
0.92 0.000228982 -0.0181019 0.00666644 0.00667038
0.93 -5.50542e-05 -0.0220236 0.006701 0.00670122
0.94 -0.00680214 -0.0620985 -0.00654038 0.0094364
0.95 -0.00761579 -0.0219925 0.0134068 0.0154189
0.96 -0.00373778 -0.0423303 -0.0123406 0.0128942
0.97 -0.0211176 -0.147874 -0.0189946 0.0284033
0.98 -0.00995393 -0.131978 -4.31589e-05 0.00995402
0.99 0.000134923 0.0444946 0.00735226 0.0073535
1 -0.00679006 -0.0578857 -0.0259607 0.026834
1.01 -0.0183701 -0.0603069 -0.00560254 0.0192054
1.02 -0.0117741 -0.0150256 0.00663553 0.0135152
1.03 -0.0146729 -0.116244 -0.00600841 0.0158554
1.04 -0.00800254 -0.0393741 -0.000303552 0.0080083
1.05 0.011217 0.0245873 -0.00631092 0.0128705
1.06 -0.00698721 -0.0984925 0.0192825 0.0205094
1.07 -0.00780683 -0.0441877 -0.0317553 0.0327008
1.08 0.00842313 -0.000494064 -0.00614217 0.0104247
1.09 -0.00109988 -0.00354966 -0.0127932 0.0128404
1.1 -0.00411138 0.020067 0.000640976 0.00416105
1.11 0.00308033 -0.00617433 -0.0129081 0.0132706
1.12 -0.0041293 -0.0285793 -0.0316694 0.0319375
1.13 -0.00857741 0.0590084 -0.0117653 0.01456
1.14 -0.0156745 0.0586451 -0.0118183 0.0196306
1.15 -0.00269618 -0.08294 -0.0318385 0.0319525
1.16 -0.0052075 0.0256226 -0.0190895 0.0197871
1.17 0.00765347 -0.040129 -0.0126157 0.0147557
1.18 -0.00509071 0.0390301 1.29727e-05 0.00509072
1.19 -0.00540678 0.101484 -0.0118728 0.013046
1.2 -0.0035385 -0.118192 -0.0195573 0.0198748
1.21 0.00630266 0.00509698 -0.0447995 0.0452406
1.22 -0.0143411 -0.0897938 0.000493484 0.0143496
1.23 -0.0163944 0.0991738 -0.0125656 0.0206561
1.24 -0.000691245 0.0943845 -0.00630195 0.00633975
1.25 -0.0083762 -0.07957 -0.0263406 0.0276404
1.26 -0.00654261 -0.0807317 -0.0443818 0.0448614
1.27 -0.000709589 0.0136504 -0.00625881 0.0062989
1.28 -0.00408786 0.029289 0.0198864 0.0203022
1.29 -0.0052644 0.158846 -0.0494738 0.0497531
1.3 -0.00467714 0.056204 -0.024723 0.0251615
1.31 -0.00314197 -0.0338993 0.00723005 0.00788325
1.32 -0.0141749 -0.0939156 -0.0127034 0.0190343
1.33 -0.00208904 -0.0476561 -0.0380267 0.038084
1.34 -0.0029377 -0.104882 -0.0324225 0.0325553
1.35 0.00881319 -0.0766193 -0.0132498 0.0159132
1.36 -0.00707928 -0.0533335 -6.74661e-05 0.0070796
1.37 -0.0148867 -0.0799425 -0.0129007 0.0196988
1.38 -0.0071111 -0.0444523 -0.0122927 0.0142013
1.39 -0.0076455 -0.0624563 -0.037893 0.0386566
1.4 -0.0126819 -0.00548716 -0.0126265 0.0178958
1.41 -0.00650658 -0.0409335 0.0199335 0.0209685
1.42 0.00939988 -0.0727242 0.0196797 0.0218093
1.43 -0.0108799 -0.011159 0.0139615 0.0177002
1.44 0.00442215 -0.0116334 0.0132628 0.0139806
1.45 0.00334256 0.0160447 -0.0123945 0.0128373
1.46 -0.00734928 -0.0761657 0.00707677 0.0102026
1.47 0.00101775 -0.0942957 0.00688121 0.00695607
1.48 -0.00702603 -0.0672819 -0.0189913 0.0202493
1.49 -0.0234662 -0.0883695 -0.0258425 0.034907
1.5 -0.00688611 -0.0446329 -0.00578193 0.00899162
1.51 -2.84305e-05 -0.0356031 -2.94928e-05 4.09649e-05
1.52 0.00967985 0.0879866 -0.0251102 0.0269113
1.53 -0.00380458 -0.0508272 0.00644911 0.00748772
1.54 -0.0190972 -0.019112 -0.019366 0.0271982
1.55 -0.0125259 -0.0191863 -0.0123433 0.0175857
1.56 -0.00121871 -0.0391131 -0.0457487 0.0457649
1.57 -0.00898905 0.0858342 -0.037601 0.0386605
1.58 0.00390883 -0.109333 -0.032627 0.0328603
1.59 -0.00779068 0.0446969 -0.0120006 0.0143077
1.6 -0.00573554 -0.108299 0.0132813 0.0144669
1.61 -0.00763588 0.0137222 0.000561307 0.00765648
1.62 -0.0202816 -0.0102571 -0.00613961 0.0211906
1.63 -0.000959628 0.0673064 0.000482298 0.00107401
1.64 -0.00861863 -0.0122514 -0.00646669 0.0107749
1.65 -0.00716605 -0.0448127 -0.0186247 0.0199558
1.66 0.00081857 -0.0672957 -0.0451687 0.0451762
1.67 0.00124115 -0.0540768 -0.0254167 0.025447
1.68 -0.0183566 -0.0774549 -0.0393578 0.0434281
1.69 -0.0045176 -0.00590323 -0.00654322 0.00795125
1.7 -0.0122426 0.00329052 0.0132387 0.0180318
1.71 -0.0163628 -0.0660323 -0.0191124 0.02516
1.72 -0.00887345 0.0498974 0.000995102 0.00892907
1.73 -0.00380341 -0.0109119 -0.0121681 0.0127487
1.74 -0.00843603 -0.0168903 -0.0192525 0.0210196
1.75 -0.00514681 0.0119651 0.00683593 0.00855684
1.76 0.00103911 0.021927 0.0392524 0.0392662
1.77 -0.00732415 -0.00440814 0.026505 0.0274984
1.78 -0.00070723 -0.0705495 -0.0519767 0.0519815
1.79 -0.00327228 -0.0471125 -0.0183451 0.0186346
1.8 -0.00728478 0.0448568 -0.0189 0.0202554
1.81 -0.00926214 0.072593 0.000982682 0.00931413
1.82 -0.0351862 0.0305286 -0.0117886 0.0371085
1.83 -0.0189553 -0.0686088 -0.012639 0.0227827
1.84 -0.00650911 -0.0274194 0.0456714 0.0461329
1.85 0.0108811 0.0784337 0.0134674 0.0173138
1.86 0.00388144 -0.0289717 -0.025353 0.0256484
1.87 -0.00706872 -0.0399939 0.00700386 0.00995092
1.88 -0.00462581 -0.00174422 0.00692486 0.00832777
1.89 -1.76765e-06 -0.0133322 -0.0185614 0.0185614
1.9 -0.0149713 -0.0890401 -0.000102267 0.0149716
1.91 0.000812839 -0.0495346 -0.0190714 0.0190887
1.92 -0.00680635 -0.0402533 -0.0123975 0.014143
1.93 -0.031142 -0.119345 -0.0320221 0.0446681
1.94 0.00684493 -0.0176225 -0.0450195 0.0455369
1.95 -0.00478754 -0.0060957 -0.00573689 0.00747211
1.96 -0.00591297 -0.0854089 -0.0380845 0.0385408
1.97 0.0046541 -0.0338015 -0.0318223 0.0321609
1.98 -0.0123627 0.0701793 0.0204163 0.0238676
1.99 -0.0172421 0.014921 0.000131481 0.0172426
2 -0.0114332 -0.0243994 -0.0116899 0.0163515
2.01 0.000837726 -0.0269607 -0.00640317 0.00645774
2.02 -0.00263906 -0.0560562 0.0127307 0.0130013
2.03 0.00737474 -0.0176891 -0.00665851 0.00993592
2.04 0.00330039 0.0114057 0.0197006 0.0199751
2.05 -0.00670453 -0.098455 -0.0253277 0.0262001
2.06 -0.00869824 -0.0258987 -0.0252284 0.0266858
2.07 -0.00468971 -0.0102225 -0.0579921 0.0581814
2.08 0.00453354 -0.0962497 -0.000231807 0.00453946
2.09 -0.000427683 -0.0130363 -0.0125761 0.0125833
2.1 -0.00415495 -0.0243068 -3.83348e-05 0.00415513
2.11 -0.0191747 -0.0505388 0.0194817 0.0273351
2.12 -0.0105997 -0.0427257 -0.0184873 0.0213104
2.13 -0.000138245 -0.0845506 0.0123794 0.0123802
2.14 -0.000569172 0.000629175 -0.0326403 0.0326453
2.15 0.00335807 0.0651944 -0.0254148 0.0256357
2.16 -0.0123402 -0.0239873 -0.0574436 0.0587541
2.17 -0.00617395 0.249617 0.0145165 0.0157749
2.18 -0.00758717 -0.0397988 -0.0188224 0.020294
2.19 -0.0103752 -0.0468296 -0.0062751 0.0121253
2.2 -0.0247791 0.0149063 0.000705437 0.0247892
2.21 0.0118703 -0.00277524 0.000193061 0.0118718
2.22 -0.0112399 -0.0513881 -0.0318559 0.0337807
2.23 -0.0189412 -0.0328111 -0.0190821 0.0268867
2.24 -0.0187172 -0.0463244 -0.0311328 0.0363261
2.25 0.00474084 -0.0517513 -0.0123894 0.0132654
2.26 0.000709593 -0.0404964 -0.0380398 0.0380464
2.27 -0.00699671 -0.0267984 0.00716985 0.010018
2.28 -0.0202633 0.0169063 -0.012189 0.0236469
2.29 -0.0156341 -0.0352628 -0.00604184 0.0167609
2.3 -0.0152488 -0.0708266 -0.0196443 0.0248681
2.31 0.00436724 0.0106458 0.000592216 0.00440721
2.32 -0.00774116 0.00434748 0.0134301 0.0155014
2.33 -0.00895053 0.00952505 -0.0380416 0.0390804
2.34 -0.0106289 -0.0778652 -0.0135698 0.017237
2.35 -0.00530077 0.0214374 -0.0189466 0.0196741
2.36 -0.00444958 -0.0509969 -0.0061994 0.00763095
2.37 -0.0191054 -0.0555559 -0.0250453 0.0315005
2.38 -0.00306302 -0.0826267 -0.00044412 0.00309505
2.39 -0.00289091 -0.0383721 0.00724897 0.00780416
2.4 -0.00477445 -0.0194812 -0.0189406 0.0195331
2.41 -0.0153431 -0.0310308 0.0136337 0.0205253
2.42 5.37527e-05 0.0576941 0.0328893 0.0328893
2.43 -0.0112836 -0.0197126 -0.00661516 0.0130798
2.44 -0.015553 -0.0484623 -0.0315795 0.0352017
2.45 -0.0207743 0.110898 -0.0309167 0.0372481
2.46 -0.0114356 -0.010724 -0.0122055 0.0167256
2.47 -0.0109434 -0.0290859 -0.0249405 0.0272358
2.48 -0.0162727 0.0544607 -0.0310289 0.035037
2.49 -0.0035725 -0.0249496 -0.0123176 0.0128252
2.5 -0.011743 -0.0689859 -0.044993 0.0465002
2.51 -0.00483236 -0.0195185 -0.0192112 0.0198096
2.52 -0.0113956 -0.0020192 0.00745102 0.0136153
2.53 -0.0152829 -0.0486118 0.04526 0.0477706
2.54 -0.0114975 -0.0690503 -0.0122989 0.0168361
2.55 -0.0202338 0.0349112 -0.00594233 0.0210884
2.56 -0.00689199 -0.124917 -0.0457113 0.0462279
2.57 -0.00233866 -0.0743149 0.0261403 0.0262447
2.58 -0.0139961 -0.147595 0.0252038 0.0288292
2.59 -0.00362915 -0.0332981 -0.00613229 0.00712571
2.6 0.00375291 -0.00621285 -0.038706 0.0388875
2.61 0.00284418 -0.0194748 -0.0253759 0.0255347
2.62 -0.0233835 -0.0843131 -0.0385196 0.0450616
2.63 0.00157282 0.0392373 -0.0125444 0.0126426
2.64 0.00717044 -0.0172311 -0.0132402 0.0150571
2.65 -0.0061658 0.0263275 -0.0705423 0.0708113
2.66 -0.00705844 -0.0849638 -0.0191765 0.0204342
2.67 -0.0109387 -0.0602184 -0.019322 0.0222035
2.68 0.0562847 -0.116814 -0.470411 0.473766
2.69 0.141912 -0.105646 -1.03149 1.04121
2.7 0.257406 -0.198338 -1.31077 1.33581
2.71 0.291982 -0.421702 -1.2971 1.32956
2.72 0.311343 -0.33661 -1.20099 1.24069
2.73 0.323634 -0.250277 -1.0703 1.11816
2.74 0.272478 -0.362069 -1.14062 1.17272
2.75 0.246972 -0.323146 -1.32567 1.34848
2.76 0.17898 -0.306991 -1.58653 1.59659
2.77 0.136313 -0.325081 -1.75841 1.76368
2.78 0.115167 -0.284808 -1.93161 1.93504
2.79 0.145224 -0.379537 -2.02308 2.02828
2.8 0.211712 -0.43388 -2.09573 2.1064
2.81 0.260355 -0.262368 -2.09706 2.11316
2.82 0.237375 -0.132601 -2.60513 2.61592
2.83 0.207259 -0.251419 -2.85611 2.86362
2.84 0.171861 -0.371997 -3.06901 3.07382
2.85 0.170913 -0.299956 -3.21698 3.22152
2.86 0.207463 -0.215173 -3.3007 3.30722
2.87 0.253336 -0.233916 -3.40577 3.41518
2.88 0.26503 -0.277114 -3.59892 3.60866
2.89 0.265163 -0.30271 -3.8404 3.84955
2.9 0.265509 -0.320084 -4.19604 4.20443
2.91 0.234472 -0.362799 -4.55183 4.55787
2.92 0.231567 -0.422983 -4.88242 4.88791
2.93 0.245221 -0.494314 -5.07159 5.07752
2.94 0.314626 -0.44739 -5.20413 5.21363
2.95 0.368293 -0.476299 -5.29661 5.3094
2.96 0.384663 -0.441893 -5.48438 5.49785
2.97 0.389297 -0.476343 -5.64603 5.65944
2.98 0.403845 -0.530596 -5.83334 5.8473
2.99 0.407074 -0.56379 -5.93675 5.95069
3 0.422635 -0.466045 -6.03485 6.04963
3.01 0.411559 -0.539426 -6.20224 6.21588
3.02 0.420803 -0.575862 -6.3716 6.38548
3.03 0.406223 -0.57609 -6.5209 6.53354
3.04 0.407354 -0.62632 -6.61113 6.62367
3.05 0.395333 -0.565534 -6.5839 6.59576
3.06 0.398315 -0.429773 -6.60167 6.61368
3.07 0.386072 -0.511316 -6.65993 6.67111
3.08 0.40757 -0.546929 -6.9111 6.92311
3.09 0.431373 -0.547492 -7.10127 7.11436
3.1 0.431195 -0.539092 -7.1265 7.13953
3.11 0.43013 -0.574125 -7.22958 7.24236
3.12 0.436224 -0.449353 -7.19628 7.20949
3.13 0.456547 -0.466525 -7.21502 7.22945
3.14 0.484528 -0.434787 -7.18282 7.19914
3.15 0.482473 -0.397917 -7.18915 7.20532
3.16 0.44962 -0.396431 -7.05807 7.07238
3.17 0.326585 -0.237989 -5.28161 5.29169
3.18 0.399876 -0.311043 -3.5598 3.58218
3.19 0.34056 -0.14594 -3.26735 3.28505
3.2 0.2556 0.234606 -8.35975 8.36365
3.21 -0.184117 -0.25611 -9.20312 9.20496
3.22 0.14487 -0.674254 -8.60671 8.60793
3.23 0.593687 -0.755008 -6.5794 6.60613
3.24 1.04618 -0.956701 -4.7935 4.90634
3.25 1.35231 -0.982848 -3.99637 4.21897
3.26 1.2989 -1.12338 -3.86294 4.07547
3.27 0.955287 -1.0378 -3.97897 4.09204
3.28 0.59334 -0.879225 -4.01621 4.0598
3.29 0.277889 -0.648535 -3.74456 3.75485
3.3 0.132377 -0.655298 -3.24235 3.24505
3.31 0.0985859 -0.640029 -2.6988 2.7006
3.32 0.0798171 -0.638747 -2.18735 2.1888
3.33 0.0682678 -0.588006 -1.75942 1.76075
3.34 0.00882916 -0.464126 -1.3242 1.32423
3.35 -0.0553797 -0.233822 -0.899747 0.901449
3.36 -0.110944 -0.0939464 -0.522266 0.53392
3.37 -0.0990106 0.128945 -0.206636 0.229132
3.38 -0.027093 -0.0232821 -0.0435934 0.0513265
3.39 0.00716582 -0.00857724 -0.0387731 0.0394297
3.4 -0.0197298 -0.0367515 -0.0132632 0.0237735
3.41 -0.00606016 0.0130429 -0.0519339 0.0522863
3.42 -0.0168824 -0.0831129 -0.03266 0.0367653
3.43 -0.00445151 -0.00149062 0.00662215 0.00797927
3.44 -0.0122773 -0.0590063 -0.0458531 0.0474683
3.45 -0.00950682 0.131108 0.000425897 0.00951635
3.46 -0.0038415 -0.0917627 -0.0383077 0.0384998
3.47 -0.0072001 -0.0447346 -0.0512801 0.0517831
3.48 -0.00732554 -0.0441428 -0.00626928 0.00964196
3.49 -0.0120328 -0.0110047 -0.0119791 0.016979
3.5 -0.0123785 0.074781 -0.0119492 0.0172049
3.51 -0.00841928 0.0050513 0.0262123 0.0275312
3.52 -0.011742 -0.113309 -0.000482807 0.0117519
3.53 -0.00424287 -0.0330616 -0.00631693 0.00760957
3.54 -0.0147341 -0.0359853 0.0200012 0.0248423
3.55 -0.0163459 -0.101243 -0.051597 0.0541243
3.56 -0.00855821 -0.048368 -0.0255949 0.0269878
3.57 -0.0116124 -0.010674 0.0192973 0.0225218
3.58 -0.0159459 -0.0171324 -0.0319862 0.0357406
3.59 -0.0111794 -0.059521 -0.0262446 0.0285264
3.6 -0.010373 -0.198949 -0.0329774 0.0345703
3.61 0.000997256 -0.0717723 -0.02564 0.0256594
3.62 -0.00562964 -0.0185466 -0.0260472 0.0266486
3.63 -0.018101 -0.189432 -0.00713456 0.0194563
3.64 -0.00784165 -0.0708338 -0.0261176 0.0272694
3.65 0.00338571 -0.0462787 0.00635858 0.00720379
3.66 -0.0156076 -0.0263638 0.00714209 0.0171641
3.67 -0.00697942 -0.0846687 0.0061624 0.00931061
3.68 -0.0193784 -0.0461574 0.00719915 0.0206725
3.69 -0.0334631 -0.081994 0.00641995 0.0340734
3.7 -0.00731265 -0.080329 0.0131191 0.0150195
3.71 0.003738 -0.0420102 -0.0322628 0.0324786
3.72 0.00795006 -0.0403054 -0.0256147 0.0268201
3.73 0.00339748 -0.00623455 0.000276147 0.00340868
3.74 -0.0193333 -0.0550522 -0.0254952 0.0319966
3.75 -0.0137438 -0.0895132 0.000267009 0.0137464
3.76 0.000475832 -0.0979787 -0.00711238 0.00712828
3.77 -0.0004183 -0.0396121 0.0131125 0.0131192
3.78 -0.00804995 -0.0750943 -0.0265158 0.0277108
3.79 -0.0169855 0.0192506 -0.0379869 0.0416115
3.8 -0.00469587 -0.0418061 -0.0124018 0.0132611
3.81 -0.0195119 -0.0147638 -0.00654743 0.0205812
3.82 -0.00444258 0.0296088 -0.0187767 0.0192951
3.83 -0.00779049 -0.0354371 -0.00596629 0.00981266
3.84 0.012628 -0.0697853 -0.0391847 0.0411692
3.85 -0.00876887 -0.0925238 -0.0325144 0.0336761
3.86 -0.0224947 -0.111728 -0.0129701 0.025966
3.87 -0.00423791 -0.0281825 -0.0387534 0.0389844
3.88 -0.00849983 0.0674536 0.0333707 0.0344362
3.89 -0.000131863 -0.0399368 0.0127179 0.0127186
3.9 -0.00121704 0.0498052 -0.00621364 0.00633171
3.91 -0.0121563 -0.0504901 0.0193345 0.0228385
3.92 -0.0124635 0.0298527 -0.012488 0.0176433
3.93 -0.0191906 -0.0460981 0.0133691 0.0233883
3.94 -0.0110693 -0.0643248 0.00673305 0.0129562
3.95 -0.000444798 -0.048511 -7.20846e-05 0.000450601
3.96 -0.000729786 0.000977432 0.0322218 0.03223
3.97 -0.0196497 0.0165087 0.0142492 0.0242725
3.98 -0.00978718 0.0148025 0.00653314 0.0117674
3.99 -0.00878816 -0.0304266 -0.00600834 0.0106457
4 -0.00841874 -0.0615498 -0.0257228 0.0270654
4.01 -0.000691869 -0.0657026 -0.0456254 0.0456307
4.02 -0.0057836 0.0614502 -0.0055961 0.00804776
4.03 -0.00123023 -0.0394026 -0.0320298 0.0320534
4.04 0.00794352 -0.00886982 -3.31262e-05 0.00794359
4.05 -0.016809 -0.00754313 -0.00605818 0.0178674
4.06 -0.0111123 -0.104775 0.000352244 0.0111179
4.07 -0.00119234 0.0989426 -0.00558541 0.00571126
4.08 -0.0159119 -0.110375 -0.0392253 0.0423298
4.09 -0.0157444 -0.0265351 -0.0447203 0.0474109
4.1 -0.0221816 0.147595 -0.00552303 0.0228588
4.11 0.000934811 -0.0446008 -0.0258276 0.0258445
4.12 -0.015393 -0.00421428 0.0461717 0.04867
4.13 -0.016622 0.059298 0.000655235 0.0166349
4.14 -0.0183788 -0.0912452 -0.00645669 0.01948
4.15 -0.00777516 -0.0532301 0.00672351 0.010279
4.16 -0.0167866 0.0233621 -0.0249843 0.0300999
4.17 0.000799541 -0.0495211 0.0258475 0.0258599
4.18 -0.0129989 0.110377 0.00774629 0.015132
4.19 -0.00105332 -0.0435761 0.018699 0.0187286
4.2 -0.0232495 0.00950655 0.0330463 0.0404054
4.21 -0.00604165 0.0882522 -0.0316636 0.0322348
4.22 -0.0165533 -0.235406 -0.0132184 0.0211834
4.23 -0.0162098 -0.0567686 -0.0191062 0.025056
4.24 -0.00156436 0.0504158 -2.87208e-05 0.00156462
4.25 -0.00452474 0.0162649 -0.0063382 0.00778756
4.26 0.00429401 -0.0688476 -0.0203087 0.0207577
4.27 0.000486628 -0.0580952 0.0130582 0.0130672
4.28 -0.0217031 0.116055 0.00698515 0.0227995
4.29 -0.0128552 0.0302316 -0.000100963 0.0128556
4.3 -0.0060529 0.0131727 0.0191683 0.0201013
4.31 -0.0121092 -0.0862514 -0.03252 0.0347013
4.32 -0.00880957 0.0813572 -0.0180716 0.0201045
4.33 -0.00334356 -0.16294 -0.0072532 0.00798676
4.34 4.03844e-05 -0.0486285 -0.00690123 0.00690135
4.35 -0.00444139 -0.0239819 0.000356248 0.00445565
4.36 -0.0119074 0.0652485 0.0270163 0.029524
4.37 -0.0200755 0.00753675 -0.00514277 0.0207238
4.38 -0.0194734 -0.0325829 -0.0251287 0.0317909
4.39 -0.00509487 -0.00999116 0.0255674 0.0260701
4.4 -0.00522078 0.0256361 0.02583 0.0263524
4.41 -0.017901 -0.136137 0.0126287 0.0219073
4.42 -0.00325084 -0.149467 -0.00715749 0.00786115
4.43 -0.00742602 -0.0487996 0.000416595 0.00743769
4.44 -0.0103301 -0.13602 -0.00668151 0.0123026
4.45 -8.92859e-05 -0.0221067 0.000298647 0.000311708
4.46 -0.0155609 -0.0530183 0.00691852 0.0170296
4.47 0.000108832 -0.071102 0.0122426 0.0122431
4.48 0.00326103 0.0119683 0.0254212 0.0256295
4.49 -0.00431625 0.00717259 0.000637139 0.00436302
4.5 -0.0119858 0.00743941 0.0265118 0.0290953
4.51 -0.00720339 -0.0353049 0.00641167 0.00964357
4.52 0.000516467 -0.053282 -0.000370915 0.000635859
4.53 -0.00855913 0.0276817 0.000325857 0.00856533
4.54 -0.0225826 -0.0978426 -0.0255872 0.0341274
4.55 -0.00681273 -0.0848671 -0.012736 0.0144436
4.56 -0.00101989 0.0941551 -0.00576676 0.00585625
4.57 -0.0179327 0.0423625 0.0195396 0.0265213
4.58 0.00747185 -0.0089465 0.0132686 0.0152278
4.59 -0.00569506 0.106197 -0.0122332 0.0134939
4.6 -0.0126968 0.0122862 -0.000177749 0.0126981
4.61 0.00252252 0.0918324 -0.0250731 0.0251997
4.62 0.0071504 0.0448663 0.0132666 0.0150708
4.63 -0.0180317 0.225655 0.00769692 0.0196058
4.64 -0.0102497 0.135407 -0.0376126 0.0389841
4.65 -0.0126895 -0.0191498 -0.0257594 0.0287153
4.66 0.00377841 -0.0201142 0.00707014 0.00801644
4.67 -0.0142142 -0.192042 -0.0265649 0.0301287
4.68 0.00119803 0.0579761 -0.0266363 0.0266632
4.69 -0.0209128 0.0797572 0.0137219 0.0250127
4.7 -0.00832207 -0.0350675 -0.0131272 0.0155428
4.71 -0.0120677 -0.00574337 0.0126973 0.0175172
4.72 0.0110377 -0.02843 -0.0261444 0.0283789
4.73 -0.00896478 0.00563479 -0.0125598 0.015431
4.74 -0.0156554 -0.00361294 -0.0120714 0.0197689
4.75 -0.0095848 0.0864905 0.0195972 0.0218155
4.76 -0.0134337 -0.0228587 -0.0261419 0.0293915
4.77 -0.00276333 0.055561 -0.0127127 0.0130096
4.78 -0.00818319 -0.0616016 -0.00667785 0.0105621
4.79 -0.0127966 0.056832 -0.0118698 0.0174541
4.8 -0.00418452 0.0122356 0.00641451 0.00765873
4.81 -0.0164267 -0.0522127 -0.0127228 0.0207775
4.82 -0.00779463 0.0184766 -0.0190377 0.0205716
4.83 0.0186235 -0.00198302 -0.00074485 0.0186384
4.84 -0.0163988 0.0767162 0.000948819 0.0164262
4.85 -0.00883819 0.0859529 0.0196203 0.0215191
4.86 -0.00411533 -0.00615339 -0.00639607 0.00760563
4.87 -0.0196908 -0.0413793 -0.012168 0.0231471
4.88 -0.0133417 -0.0361101 0.0122468 0.0181104
4.89 -0.00719449 -0.0136344 -0.0181114 0.0194881
4.9 -0.00802724 -0.0753007 -0.00639461 0.0102629
4.91 -0.00356785 -0.0109638 0.0068768 0.00774725
4.92 -0.0134879 0.128577 -0.0118332 0.0179429
4.93 -0.00810383 -0.0572025 -0.038432 0.0392771
4.94 -0.00487924 0.0164039 0.00639026 0.00804005
4.95 0.000151034 -0.0400801 0.0194992 0.0194998
4.96 -0.00302081 -0.0516049 0.00681243 0.00745215
4.97 -0.0150598 -0.0534916 -0.0257524 0.0298326
4.98 -0.0106492 -0.0958822 -0.00616791 0.0123064
4.99 -0.00393949 0.0245669 0.000698291 0.0040009
5 -0.00276163 -0.0743421 0.0260641 0.02621
5.01 -0.00306896 -0.064685 -0.0257383 0.0259206
5.02 -0.00740017 -0.0891033 0.0319791 0.0328241
5.03 -0.0130493 0.00819831 -0.0129479 0.0183829
5.04 0.00364119 -0.00191097 0.0322152 0.0324204
5.05 0.0100481 0.110112 0.0136877 0.0169799
5.06 -0.0045204 -0.0148481 -0.0258589 0.0262511
5.07 -0.00407574 -0.0106398 -0.00641526 0.00760048
5.08 -0.0164304 0.0148922 -0.00611839 0.0175326
5.09 -0.015168 -0.0266928 -0.0186235 0.0240188
5.1 -0.011807 -0.0458985 -0.013226 0.0177294
5.11 -0.00466633 0.0787919 0.0328642 0.0331938
5.12 -0.00731527 -0.0759019 -0.0379124 0.0386117
5.13 -0.0118289 -0.0193098 0.00600491 0.0132658
5.14 0.00441717 -0.0202555 8.56931e-06 0.00441718
5.15 -0.00131254 -0.0434786 0.00578588 0.00593289
5.16 0.000594576 -0.134078 -0.0008308 0.00102164
5.17 -0.0168086 0.00564811 0.0136182 0.0216329
5.18 -0.00330529 -0.0913574 -0.00649024 0.00728342
5.19 -0.00534018 0.0260849 -0.0451803 0.0454948
5.2 0.00262108 0.0657002 0.0133499 0.0136047
5.21 -0.00552241 0.0212754 -0.00638025 0.00843828
5.22 0.00393159 -0.0333292 -0.012838 0.0134266
5.23 -0.0130417 -0.000778596 0.00652348 0.0145823
5.24 0.00166699 -0.196901 -0.0266655 0.0267176
5.25 -0.0128291 0.0391503 -0.0120556 0.0176046
5.26 0.00293654 0.0607601 0.000401936 0.00296392
5.27 -0.00200962 0.0102156 -0.00655605 0.00685713
5.28 -0.0044569 -0.0195609 0.0193822 0.0198881
5.29 -0.00427725 -0.0238768 0.012658 0.0133611
5.3 -0.0148915 -0.04881 -0.0185192 0.0237638
5.31 -0.00328938 -0.095798 -0.000377634 0.00331098
5.32 -0.00679501 -0.106906 -0.000406217 0.00680714
5.33 -0.00451717 0.0072879 0.0131332 0.0138883
5.34 -0.00366633 -0.0330581 -0.00647312 0.00743931
5.35 -0.00867074 0.0189727 0.000178428 0.00867258
5.36 -0.00381995 -0.0556741 9.78436e-05 0.0038212
5.37 0.00363695 -0.00644868 -0.0129935 0.0134929
5.38 -0.00174204 0.0278652 -0.0124645 0.0125857
5.39 -0.00559143 0.0303965 -0.0189463 0.0197541
5.4 -0.00327923 -0.0420789 -0.00697642 0.00770868
5.41 -8.15847e-06 -0.00437531 -0.0128942 0.0128942
