0 -0.0202207 -0.277591 0.0123842 0.0237117
0.01 -0.00539041 -0.205836 0.00521727 0.00750176
0.02 -0.00978428 -0.172434 0.0187527 0.0211517
0.03 -0.0135856 -0.272627 0.0112652 0.0176486
0.04 -0.00194763 -0.177004 0.0310726 0.0311336
0.05 -0.0113326 -0.16211 -0.0398922 0.0414707
0.06 -0.00883555 -0.204038 0.0190735 0.0210206
0.07 -0.0136108 -0.196673 0.0444321 0.0464701
0.08 -0.000608836 -0.284733 0.0242858 0.0242934
0.09 -0.0128648 -0.210563 0.0510318 0.0526284
0.1 -0.0095888 -0.283784 -0.0208783 0.0229749
0.11 -0.0084363 -0.226605 0.0316201 0.0327262
0.12 -0.0208179 -0.268443 0.011735 0.0238976
0.13 -0.0186343 -0.162337 0.00597959 0.0195702
0.14 0.00135966 -0.156655 0.0115214 0.0116014
0.15 -0.0172634 -0.185622 0.02506 0.0304308
0.16 -0.00889685 -0.226373 0.00606443 0.0107671
0.17 -0.0113733 -0.104375 0.0186386 0.0218346
0.18 -0.0130858 -0.254686 0.00532456 0.0141276
0.19 0.00162048 -0.157217 0.0194874 0.0195547
0.2 -0.0168865 -0.235152 0.0256927 0.0307452
0.21 -0.0138099 -0.14329 0.0317337 0.0346084
0.22 -0.015703 -0.146211 0.0311816 0.0349124
0.23 -0.00122889 -0.186582 0.0190256 0.0190652
0.24 -0.0206372 -0.210365 0.00630791 0.0215797
0.25 -0.021955 -0.204971 -0.00085627 0.0219717
0.26 -0.0110656 -0.100499 0.0124728 0.0166739
0.27 -0.0066952 -0.0940998 0.012705 0.0143611
0.28 -0.0130983 -0.227949 0.0119511 0.0177312
0.29 -0.0167859 -0.252973 -0.000907592 0.0168104
0.3 -0.00863803 -0.239661 -0.00069822 0.0086662
0.31 0.00151527 -0.134523 0.0251419 0.0251876
0.32 -0.0283478 -0.313265 0.0184431 0.0338193
0.33 -0.0149099 -0.195862 -0.0140725 0.0205022
0.34 -0.0358161 -0.196847 0.0117573 0.0376965
0.35 -0.0102878 -0.180584 -0.0203986 0.0228461
0.36 -0.0163978 -0.195515 -0.0320681 0.0360174
0.37 -0.0141252 -0.160829 0.0247673 0.0285121
0.38 -0.01336 -0.223605 -0.000601954 0.0133735
0.39 -0.00648253 -0.147677 0.031876 0.0325285
0.4 -0.0195745 -0.260146 0.012754 0.0233629
0.41 -0.0129939 -0.197071 0.0123023 0.0178938
0.42 -0.0229445 -0.26261 0.031879 0.0392775
0.43 -0.0145911 -0.258459 -0.0596398 0.0613987
0.44 -0.0335516 -0.0731701 0.0190627 0.0385889
0.45 -0.00969495 -0.181259 0.00610987 0.0114596
0.46 -0.00790797 -0.365256 0.0438775 0.0445844
0.47 -0.0116464 -0.309713 0.018171 0.0215829
0.48 -0.0233751 -0.164157 0.0123633 0.0264433
0.49 -0.0089498 -0.244171 -0.0203034 0.0221885
0.5 -0.0177313 -0.176594 0.0314245 0.0360819
0.51 -0.0129971 -0.219549 0.0509553 0.0525868
0.52 -0.0280561 -0.250401 0.0188643 0.0338084
0.53 -0.00660172 -0.170049 0.0185964 0.0197334
0.54 -0.0130701 -0.188422 0.00627917 0.0145002
0.55 -0.0165827 -0.270707 0.0179521 0.024439
0.56 -0.00626216 -0.085633 0.0188595 0.019872
0.57 -0.00284873 -0.0736684 0.0189097 0.0191231
0.58 -0.00557661 -0.139617 0.0449203 0.0452651
0.59 -0.0164845 -0.248432 -0.0200895 0.025987
0.6 -0.0211718 -0.219101 0.00608488 0.0220288
0.61 -0.0140325 -0.147356 0.024863 0.0285496
0.62 -0.00884475 -0.204026 0.00542495 0.0103759
0.63 -0.0100115 -0.114276 -0.00764533 0.0125969
0.64 -0.0271013 -0.389207 0.0240221 0.0362152
0.65 -0.0091662 -0.203784 -0.000582771 0.0091847
0.66 -0.0138718 -0.125406 0.0313075 0.0342431
0.67 -0.0107264 -0.176351 0.0248047 0.0270246
0.68 -0.0157839 -0.311736 -0.0140478 0.0211298
0.69 -0.0334708 -0.211764 -0.0129021 0.0358714
0.7 -0.00791471 -0.226962 0.0251318 0.0263487
0.71 -0.0127426 -0.336226 0.00565537 0.0139412
0.72 -0.00993624 -0.203381 0.0569181 0.0577789
0.73 -0.0175873 -0.207517 -0.0199399 0.0265878
0.74 -0.0242123 -0.270822 -0.0132854 0.0276177
0.75 -0.0165763 -0.212882 0.0128278 0.0209601
0.76 -0.0127556 -0.290772 0.0116443 0.0172712
0.77 -0.00583261 -0.187908 0.0247658 0.0254433
0.78 -0.0176914 -0.190529 0.0574196 0.0600833
0.79 -0.0177628 -0.154521 0.0388751 0.042741
0.8 -0.0142734 -0.142735 0.0122396 0.0188026
0.81 -0.0109001 -0.140613 0.0121917 0.0163539
0.82 -0.0104664 -0.127085 -0.00691435 0.0125441
0.83 -0.00205161 -0.0748013 0.0519993 0.0520397
0.84 -0.00129653 -0.23089 -0.00066052 0.00145509
0.85 -0.00810691 -0.222291 -0.000869544 0.00815341
0.86 -0.0125232 -0.219795 0.0315921 0.0339837
0.87 -0.0141143 -0.151252 0.0112864 0.018072
0.88 -0.0189329 -0.157592 -0.0331673 0.0381906
0.89 -0.00824952 -0.275729 0.03103 0.0321079
0.9 -0.00755298 -0.00878485 -7.58192e-05 0.00755336
0.91 -0.0183468 -0.136119 0.0186842 0.026186
0.92 -0.0131045 -0.179237 0.0252541 0.0284516
0.93 -0.0062106 -0.174351 0.0119102 0.0134322
0.94 -0.00867976 -0.20847 0.044734 0.0455683
0.95 -0.00529374 -0.179353 0.0178128 0.0185828
0.96 -0.0134179 -0.223642 -0.000872504 0.0134462
0.97 -0.0103801 -0.180865 -0.000818584 0.0104123
0.98 -0.0145927 -0.0933293 0.0381305 0.0408274
0.99 -0.0136437 -0.179319 -0.000501863 0.0136529
1 -0.0177107 -0.185745 0.03223 0.0367755
1.01 -0.023792 -0.279921 0.0188666 0.0303646
1.02 -0.0167033 -0.217009 0.00545401 0.0175711
1.03 -0.0141846 -0.18739 -0.0137411 0.0197489
1.04 -0.0164813 -0.226296 0.018902 0.0250782
1.05 -0.0139124 -0.201034 0.0122225 0.0185187
1.06 -0.0211353 -0.14313 0.00609287 0.021996
1.07 -0.0051899 -0.215399 0.0187356 0.0194411
1.08 -0.0207488 -0.241713 0.0124997 0.024223
1.09 -0.0187918 -0.0377144 0.0131212 0.0229194
1.1 -0.0151303 -0.294 0.0311707 0.0346488
1.11 -0.0105356 -0.153975 0.0185746 0.0213545
1.12 -0.00602834 -0.0763773 0.0130045 0.0143338
1.13 -0.0154852 -0.240271 0.0247662 0.0292089
1.14 0.00187616 -0.183554 0.0505021 0.0505369
1.15 -0.0141807 -0.151902 0.0186739 0.0234479
1.16 -0.00118042 -0.302497 -0.00165532 0.0020331
1.17 -0.0121125 -0.202137 -0.013336 0.0180156
1.18 -0.0196565 -0.250689 -0.00739902 0.0210029
1.19 -0.0145898 -0.186817 -0.00782607 0.0165562
1.2 -0.014245 -0.183342 0.012602 0.0190192
1.21 -0.0143531 -0.169593 -0.00105986 0.0143921
1.22 -0.0208525 -0.165913 0.0192127 0.0283541
1.23 -0.0248588 -0.198866 0.00568769 0.0255012
1.24 -0.0168356 -0.212785 -8.53255e-05 0.0168358
1.25 -0.011678 -0.202162 0.0506659 0.0519943
1.26 -0.0149591 -0.325492 0.0441437 0.0466095
1.27 0.00276451 -0.166465 -0.0198508 0.0200424
1.28 -0.0130689 -0.232583 0.0245364 0.0277998
1.29 -0.0165232 -0.208134 0.0184055 0.0247342
1.3 -0.0161756 -0.244576 -0.00111731 0.0162141
1.31 -0.0151707 -0.155707 0.0118502 0.0192504
1.32 -0.00984558 -0.194769 0.00574362 0.0113984
1.33 -0.0211659 -0.12484 0.0181305 0.0278696
1.34 -0.00112626 -0.235355 0.00521961 0.00533974
1.35 -0.00955792 -0.226045 0.0181434 0.020507
1.36 -0.0238755 -0.217195 0.0320866 0.0399948
1.37 0.00273487 -0.291348 0.0433684 0.0434546
1.38 -0.0122163 -0.220004 0.0573801 0.0586662
1.39 -0.0191618 -0.282907 0.0317732 0.0371041
1.4 -0.0152566 -0.298289 0.0500498 0.0523235
1.41 -0.0125431 -0.241575 0.0184424 0.0223036
1.42 0.00308917 -0.211353 0.0246056 0.0247988
1.43 -0.00447912 -0.255916 0.00583434 0.00735541
1.44 -0.0144254 -0.102815 0.0189934 0.0238504
1.45 -0.00264965 -0.172331 0.0442852 0.0443644
1.46 -0.0119688 -0.246593 -0.00673101 0.0137317
1.47 -0.0166957 -0.248626 0.0312639 0.0354426
1.48 0.00101691 -0.170042 0.0121612 0.0122036
1.49 -0.0288728 -0.325776 0.0113165 0.0310113
1.5 -0.00477691 -0.242084 0.0434562 0.043718
1.51 -0.00649623 -0.160855 0.0571192 0.0574874
1.52 -0.0163677 -0.235024 -0.000987003 0.0163974
1.53 -0.0214902 -0.156182 -0.000854423 0.0215072
1.54 -0.0310394 -0.373928 0.0244817 0.0395322
1.55 -0.00624983 -0.183056 -0.00774701 0.00995372
1.56 -0.0215493 -0.182924 0.0120294 0.0246795
1.57 -0.0241978 -0.235044 0.00541009 0.0247952
1.58 -0.0176562 -0.221216 0.0252248 0.0307901
1.59 -0.00234053 -0.199245 0.0246602 0.0247711
1.6 -0.0136468 -0.179157 0.0318126 0.0346161
1.61 -0.0143111 -0.111544 -0.00089563 0.0143391
1.62 -0.0285131 -0.2145 -0.0256686 0.038365
1.63 -0.0156511 -0.266919 -0.000634023 0.015664
1.64 -0.0117528 -0.300513 0.0315171 0.0336371
1.65 -0.0242746 -0.239747 0.00596415 0.0249965
1.66 -0.0115958 -0.278239 0.0440232 0.0455248
1.67 -0.0108595 -0.0732761 0.012594 0.0166294
1.68 -0.00921357 -0.213121 0.0125565 0.0155742
1.69 -0.00488569 -0.201913 0.0188694 0.0194916
1.7 -0.0142796 -0.0713832 0.019204 0.0239312
1.71 -0.0202624 -0.166104 0.0255291 0.032593
1.72 -0.0101972 -0.163045 0.0314493 0.0330612
1.73 -0.0173255 -0.141175 0.0125938 0.0214191
1.74 -0.0191363 -0.323191 0.0381971 0.0427226
1.75 -0.00102519 -0.217346 -0.00804346 0.00810853
1.76 -0.0205079 -0.223695 0.0187845 0.0278106
1.77 -0.0138485 -0.192214 -0.0005057 0.0138578
1.78 -0.0240687 -0.204052 -0.0266235 0.0358903
1.79 -0.0125804 -0.286614 0.0307786 0.0332504
1.8 -0.0145887 -0.0444692 0.038829 0.0414791
1.81 -0.00923342 -0.154948 0.0447641 0.0457065
1.82 -0.00452092 -0.340528 0.0177107 0.0182786
1.83 -0.0165837 -0.204086 0.0447479 0.0477221
1.84 -0.00519824 -0.233146 0.0375572 0.0379152
1.85 -0.0154385 -0.266926 0.0245426 0.0289946
1.86 -0.0209014 -0.205717 0.0249549 0.0325518
1.87 -0.0160104 -0.248858 0.0119388 0.0199717
1.88 -0.00243139 -0.185037 0.018104 0.0182665
1.89 -0.0236626 -0.293251 0.0313432 0.0392723
1.9 -0.0277038 -0.362279 0.0243316 0.0368718
1.91 -0.0109571 -0.403614 0.00428147 0.0117639
1.92 -0.0247744 -0.189929 0.0191422 0.0313081
1.93 -0.0173705 -0.154759 0.0253731 0.0307494
1.94 -0.0064819 -0.111685 0.0189603 0.0200376
1.95 -0.0203042 -0.214865 0.0256042 0.0326777
1.96 -0.0284205 -0.214399 0.00614289 0.0290768
1.97 -0.0208 -0.29975 -0.0013125 0.0208414
1.98 -0.0192722 -0.367504 -0.0205466 0.0281706
1.99 -0.00593664 -0.112088 0.00634021 0.00868574
2 -0.000923313 -0.226525 0.0120393 0.0120747
2.01 -0.0133339 -0.227897 -0.00709442 0.0151038
2.02 -0.00964721 -0.18137 0.0189849 0.0212954
2.03 0.00117084 -0.183258 -0.0077477 0.00783567
2.04 -0.00548732 -0.241605 -0.00761756 0.00938818
2.05 -0.0165439 -0.195201 0.013013 0.0210485
2.06 -0.00130351 -0.235286 0.0115838 0.011657
2.07 -0.0028227 -0.1006 0.0187564 0.0189676
2.08 -0.0141294 -0.18721 0.0439832 0.046197
2.09 -0.0133566 -0.201308 0.0121366 0.018047
2.1 -0.00535459 -0.219428 0.0121353 0.0132642
2.11 -0.0070554 -0.374975 0.00541533 0.00889407
2.12 -0.0173825 -0.217262 -0.0135968 0.0220686
2.13 -0.0143956 -0.174212 0.0058972 0.0155567
2.14 -0.00983683 -0.163831 0.00659777 0.0118446
2.15 -0.0255336 -0.185294 0.0320841 0.0410043
2.16 -0.00590506 -0.170153 0.0118054 0.0131999
2.17 -0.0250621 -0.194504 0.0185437 0.0311766
2.18 -0.023199 -0.316285 0.0309229 0.0386577
2.19 -0.00937766 -0.123844 0.0447363 0.0457086
2.2 -0.00256074 -0.194346 0.011966 0.0122369
2.21 -0.00973762 -0.248111 -0.0144845 0.0174535
2.22 0.00170003 -0.192592 0.00523605 0.00550511
2.23 -0.00653051 -0.18732 0.0113646 0.0131073
2.24 -0.0316477 -0.256771 0.00486552 0.0320195
2.25 -0.0135332 -0.187886 0.0119236 0.0180367
2.26 -0.0112869 -0.305315 0.0506512 0.0518935
2.27 -0.0315848 -0.248112 0.0183903 0.0365487
2.28 -0.0139836 -0.22744 0.0175187 0.0224153
2.29 -0.00284126 -0.154308 0.0117066 0.0120465
2.3 -0.0281488 -0.263874 0.0187686 0.0338322
2.31 -0.0220496 -0.178366 0.0127459 0.0254685
2.32 -0.0166318 -0.203955 0.00673437 0.0179435
2.33 -0.0215688 -0.214152 0.0248941 0.0329382
2.34 -0.00874327 -0.226396 0.005832 0.0105099
2.35 -0.0156658 -0.236116 0.0577441 0.0598314
2.36 -0.015794 -0.253395 -0.0195832 0.0251585
2.37 -0.0170824 -0.176587 0.0117585 0.0207382
2.38 -0.00997948 -0.19008 0.00515139 0.0112306
2.39 -0.024672 -0.22535 -0.00124159 0.0247032
2.4 -0.0192097 -0.296167 0.050614 0.0541368
2.41 -0.00961145 -0.243984 -0.00711009 0.0119555
2.42 -0.0272894 -0.264014 0.0253937 0.0372767
2.43 -0.0173639 -0.16764 0.0254074 0.030774
2.44 -0.0139601 -0.0983295 0.0383662 0.040827
2.45 -0.0136539 -0.134349 0.0256785 0.0290829
2.46 -0.0295222 -0.0441865 0.0321574 0.0436539
2.47 -0.00603198 -0.161069 -0.00103124 0.0061195
2.48 -0.0129866 -0.228508 -0.0132793 0.018574
2.49 -0.0166113 -0.230261 0.0438427 0.0468841
2.5 -0.00591025 -0.218993 -0.0140323 0.0152262
2.51 -0.0202433 -0.228362 0.025276 0.0323832
2.52 -0.00469932 -0.197446 -0.000853651 0.00477623
2.53 -0.00828696 -0.231167 -0.013821 0.0161151
2.54 -0.0217938 -0.236611 0.0247218 0.0329566
2.55 -0.0179434 -0.16732 0.0316251 0.0363608
2.56 -0.0179557 -0.140421 0.0119981 0.0215954
2.57 -0.013276 -0.250499 -0.000484697 0.0132849
2.58 -0.0185356 -0.0601285 0.0384344 0.0426705
2.59 -0.00972339 -0.163291 0.012086 0.0155118
2.6 -0.0204573 -0.214861 0.0509752 0.054927
2.61 -0.00832792 -0.240032 -0.0072246 0.0110249
2.62 -0.00873415 -0.22186 -0.00752682 0.0115299
2.63 -0.0306331 -0.29325 0.0181125 0.0355872
2.64 -0.0121558 -0.233481 0.0319134 0.0341501
2.65 -0.0194949 -0.246498 0.0315157 0.0370579
2.66 -0.00760083 -0.271798 0.00566253 0.00947823
2.67 -0.0172679 -0.257103 0.00556148 0.0181414
2.68 -0.0204612 -0.272989 0.0248994 0.032228
2.69 -0.0287367 -0.187796 0.00605779 0.0293682
2.7 -0.017388 -0.190214 0.0127391 0.0215552
2.71 -0.0125332 -0.206572 0.0124807 0.0176875
2.72 -0.00634151 -0.200916 -0.00708834 0.00951101
2.73 -0.00645524 -0.102625 0.00589125 0.0087394
2.74 -0.00533724 -0.161494 0.0446837 0.0450014
2.75 -0.0136153 -0.165379 0.0125607 0.0185243
2.76 -0.0202346 -0.259657 -0.00142001 0.0202844
2.77 -0.0166875 -0.221611 0.0378196 0.0413376
2.78 -0.0149377 -0.0581675 0.0197586 0.0247697
2.79 -0.0145122 -0.0848654 -0.000439579 0.0145188
2.8 0.00653831 -0.217861 0.00544222 0.0085069
2.81 -0.00964101 -0.150128 0.0510391 0.0519417
2.82 -0.0252997 -0.167586 0.0186589 0.0314361
2.83 -0.0202649 -0.264451 -0.0131295 0.0241464
2.84 -0.0163467 -0.128211 0.00712131 0.0178306
2.85 -0.0210211 -0.218801 0.011914 0.0241626
2.86 -0.0130242 -0.210528 -0.0209517 0.0246699
2.87 -0.0171687 -0.0964231 0.0450143 0.0481773
2.88 -0.0056534 -0.214844 -0.000758566 0.00570406
2.89 -0.0105181 -0.105309 0.0257457 0.0278114
2.9 -0.0259729 -0.113776 -0.0260678 0.0367983
2.91 -0.00519722 -0.183963 0.0443172 0.0446209
2.92 -0.00768473 -0.177878 -0.0143372 0.0162669
2.93 -0.0150162 -0.298806 0.00558021 0.0160195
2.94 -0.0133344 -0.286367 -0.0140931 0.0194016
2.95 -0.0187735 -0.249175 -0.205781 0.206636
2.96 -0.0485884 -0.30398 -1.19783 1.19882
2.97 -0.0179407 -0.342773 -1.80884 1.80893
2.98 0.078433 -0.337368 -1.66795 1.66979
2.99 0.21369 -0.395045 -1.33067 1.34772
3 0.246691 -0.453687 -1.09181 1.11933
3.01 0.228055 -0.575464 -1.15089 1.17327
3.02 0.139732 -0.36747 -1.55259 1.55887
3.03 0.00174476 -0.261414 -2.08923 2.08923
3.04 -0.105362 -0.439305 -2.44051 2.44278
3.05 -0.0979069 -0.527961 -2.66014 2.66194
3.06 -0.0261441 -0.532102 -2.77974 2.77986
3.07 0.0717148 -0.392185 -2.77196 2.77289
3.08 0.207789 -0.410177 -2.44159 2.45042
3.09 0.205584 -0.680303 -3.35977 3.36606
3.1 0.182367 -0.628524 -3.74153 3.74598
3.11 0.175304 -0.548861 -3.92252 3.92643
3.12 0.265564 -0.559594 -3.97148 3.98035
3.13 0.345485 -0.641961 -3.82588 3.84144
3.14 0.414034 -0.698277 -3.88802 3.91
3.15 0.454257 -0.588929 -4.02455 4.05011
3.16 0.484091 -0.677813 -4.27101 4.29835
3.17 0.482847 -0.707866 -4.49751 4.52335
3.18 0.491693 -0.672512 -4.72293 4.74845
3.19 0.487839 -0.763739 -4.84535 4.86985
3.2 0.518743 -0.648226 -4.87695 4.90446
3.21 0.529303 -0.560898 -4.95359 4.98179
3.22 0.538883 -0.74001 -5.1087 5.13704
3.23 0.492041 -0.729113 -5.27454 5.29744
3.24 0.496325 -0.552183 -5.4477 5.47027
3.25 0.492127 -0.633694 -5.57088 5.59258
3.26 0.505212 -0.632874 -5.7649 5.787
3.27 0.537742 -0.568332 -5.88301 5.90753
3.28 0.577355 -0.641656 -6.05989 6.08733
3.29 0.604586 -0.805289 -6.21115 6.24051
3.3 0.645862 -0.888843 -6.35399 6.38673
3.31 0.639446 -0.777909 -6.43058 6.4623
3.32 0.644843 -0.678914 -6.53375 6.56549
3.33 0.655024 -0.823575 -6.58571 6.6182
3.34 0.661999 -0.810225 -6.63762 6.67055
3.35 0.668863 -0.729978 -6.69385 6.72718
3.36 0.691366 -0.699192 -6.71928 6.75476
3.37 0.676777 -0.754047 -6.71141 6.74545
3.38 0.70046 -0.549921 -6.76217 6.79835
3.39 0.705779 -0.700358 -6.7943 6.83086
3.4 0.680092 -0.434676 -6.82315 6.85696
3.41 0.646062 -0.658673 -6.95236 6.98231
3.42 0.622471 -0.639573 -7.00266 7.03027
3.43 0.626049 -0.556818 -6.97033 6.99839
3.44 0.590397 -0.544289 -6.96866 6.99362
3.45 0.570967 -0.60414 -7.04492 7.06802
3.46 0.595536 -0.418814 -7.04539 7.07051
3.47 0.623816 -0.757788 -7.10032 7.12767
3.48 0.634654 -0.688713 -7.10714 7.13542
3.49 0.625197 -0.633585 -7.17115 7.19835
3.5 0.608692 -0.659569 -7.17098 7.19676
3.51 0.596802 -0.586122 -7.19668 7.22139
3.52 0.570296 -0.596877 -7.26631 7.28865
3.53 0.557284 -0.682879 -7.3769 7.39792
3.54 0.582276 -0.632186 -7.40909 7.43194
3.55 0.58781 -0.565651 -7.27386 7.29757
3.56 0.607904 -0.600771 -7.21094 7.23652
3.57 0.603601 -0.643157 -7.15919 7.1846
3.58 0.529521 -0.807425 -7.19113 7.2106
3.59 0.510489 -0.653282 -7.26142 7.27934
3.6 0.452677 -0.712093 -7.37086 7.38475
3.61 0.395081 -0.439443 -5.87385 5.88712
3.62 0.365285 -0.244208 -3.52221 3.5411
3.63 0.387947 -0.321728 -3.14554 3.16938
3.64 0.437602 -0.480879 -7.0458 7.05938
3.65 -0.166179 -0.484213 -10.9834 10.9846
3.66 0.445015 -0.907793 -9.82881 9.83888
3.67 0.930126 -0.793034 -6.45844 6.52507
3.68 1.25488 -0.794785 -4.58236 4.75108
3.69 1.41967 -1.19312 -3.65196 3.91819
3.7 1.40336 -1.25361 -3.37397 3.65419
3.71 1.12944 -1.20775 -3.45726 3.63707
3.72 0.823845 -0.98545 -3.40522 3.50346
3.73 0.565318 -0.944578 -3.28565 3.33393
3.74 0.390868 -0.768882 -2.66547 2.69398
3.75 0.26187 -0.662225 -2.27088 2.28593
3.76 0.124194 -0.559606 -1.81407 1.81832
3.77 0.0419797 -0.554311 -1.46236 1.46296
3.78 -0.105836 -0.580551 -1.02018 1.02566
3.79 -0.204915 -0.265563 -0.634771 0.667026
3.8 -0.22037 -0.102595 -0.238979 0.325076
3.81 -0.0760635 -0.0635933 0.00470326 0.0762088
3.82 -0.00970389 -0.212358 0.0315087 0.0329691
3.83 -0.0253012 -0.207481 0.0121376 0.0280619
3.84 -0.0128931 -0.228246 -0.00772084 0.0150281
3.85 -0.0202246 -0.250241 0.0113528 0.0231931
3.86 -0.0102335 -0.238855 0.0051877 0.0114733
3.87 -0.0140868 -0.19202 0.0379025 0.0404356
3.88 -0.0174272 -0.21213 -0.00145529 0.0174879
3.89 -0.0140472 -0.120296 0.0375504 0.0400918
3.9 -0.0146994 -0.165078 0.0245634 0.0286258
3.91 -0.00601161 -0.0713894 0.0182414 0.0192065
3.92 -0.0134933 -0.205564 -0.00777202 0.0155715
3.93 -0.0064758 -0.205676 0.0183344 0.0194444
3.94 -0.0295837 -0.182486 0.0118448 0.0318669
3.95 -0.0171061 -0.230111 0.0118847 0.0208294
3.96 -0.0287191 -0.209996 0.0446405 0.0530807
3.97 -0.0132482 -0.237374 -0.0203696 0.0242989
3.98 -0.0242323 -0.203381 0.0442994 0.050494
3.99 -0.0219194 -0.258317 -0.00157397 0.0219758
4 -0.0207118 -0.223257 0.037342 0.0427013
4.01 -0.0174912 -0.194387 -0.000766444 0.017508
4.02 -0.00923805 -0.266183 0.0176298 0.0199035
4.03 -0.00935641 -0.212808 -0.000929833 0.0094025
4.04 -0.0283469 -0.232174 0.0442418 0.0525441
4.05 -0.0139244 -0.183584 0.0186098 0.0232424
4.06 -0.0216263 -0.200998 0.0442993 0.0492963
4.07 -0.0225656 -0.173331 0.0633285 0.0672287
4.08 -0.0229834 -0.155107 -0.000900029 0.023001
4.09 -0.0184179 -0.122771 0.0316168 0.0365901
4.1 -0.0134151 -0.214697 0.0184432 0.0228061
4.11 -0.0237489 -0.09215 -0.0269224 0.0359002
4.12 -0.0136681 -0.160718 0.0312459 0.0341045
4.13 -0.0130852 -0.241334 -0.00125264 0.0131451
4.14 -0.0163394 -0.266364 0.0247526 0.0296592
4.15 -0.0138338 -0.223359 0.0187613 0.0233101
4.16 -0.00597903 -0.156481 0.0307995 0.0313744
4.17 -0.0208363 -0.227848 0.0250211 0.0325608
4.18 -0.0205025 -0.228264 0.0123629 0.0239415
4.19 -0.0183816 -0.0243213 0.0515392 0.054719
4.2 -0.0295573 -0.102721 -0.00638219 0.0302385
4.21 -0.0228671 -0.16432 -0.000597591 0.0228749
4.22 -0.00255461 -0.212127 0.0110072 0.0112998
4.23 -0.00694228 -0.204797 0.00490115 0.00849803
4.24 -0.03517 -0.343734 0.0310117 0.0468898
4.25 -0.0336887 -0.12189 0.0447793 0.0560367
4.26 -0.00415944 -0.309425 0.0370365 0.0372693
4.27 -0.013537 -0.201076 0.0508153 0.0525875
4.28 -0.0144314 -0.204762 -0.00790286 0.0164536
4.29 -0.0276656 -0.313336 0.0314324 0.0418734
4.3 -0.0166004 -0.220684 0.0303619 0.0346037
4.31 -0.00771258 -0.133348 -0.0204011 0.0218103
4.32 -0.00692495 -0.169503 0.0437887 0.0443329
4.33 -0.0248642 -0.181085 0.0066464 0.0257372
4.34 0.00885834 -0.183105 0.0237604 0.025358
4.35 -0.0118731 -0.246654 -0.00723399 0.0139033
4.36 -0.0151299 -0.0440677 -0.00711908 0.0167211
4.37 -0.00195299 -0.172435 0.0374942 0.037545
4.38 -0.00564967 -0.228378 -0.0013573 0.00581042
4.39 -0.0217034 -0.0936594 0.0578577 0.0617945
4.4 -0.0218573 -0.231899 -0.0205193 0.0299798
4.41 -0.0111711 -0.180559 0.00536101 0.0123909
4.42 -0.00844431 -0.280184 0.0371044 0.0380532
4.43 -0.0165248 -0.27067 0.0182227 0.0245995
4.44 -0.0181507 -0.118312 0.00603252 0.0191269
4.45 -0.0310466 -0.0340885 0.0187723 0.0362807
4.46 -0.014736 -0.115636 0.0058434 0.0158522
4.47 -0.00540112 -0.192954 0.0637505 0.0639789
4.48 -0.0203427 -0.331547 -0.0138726 0.0246227
4.49 -0.0233619 -0.337912 0.0305399 0.0384508
4.5 -0.02486 -0.238781 0.0243049 0.0347671
4.51 -0.0135113 -0.241199 0.0309862 0.0338039
4.52 -0.00918052 -0.252954 0.0375761 0.0386813
4.53 -0.0166012 -0.230112 0.0312383 0.0353755
4.54 -0.0166175 -0.261503 0.0117884 0.0203742
4.55 -0.0228448 -0.307317 0.0698253 0.0734674
4.56 -0.0207649 -0.228005 0.0317643 0.0379493
4.57 -0.0219305 -0.191845 0.0378269 0.0437244
4.58 -0.0174948 -0.207416 0.0118716 0.0211425
4.59 -0.0179715 -0.185184 0.024264 0.0301946
4.6 -0.0091175 -0.29724 0.0237887 0.0254761
4.61 -0.00516584 -0.219208 -0.00794837 0.00947959
4.62 -0.00476124 -0.322554 -0.00148982 0.00498888
4.63 -0.0143483 -0.164875 -0.00724274 0.0160726
4.64 -0.013493 -0.183105 0.0372816 0.0396482
4.65 -0.019998 -0.264096 0.0183793 0.027161
4.66 -0.00878245 -0.248654 0.0692827 0.0698372
4.67 -0.0185509 -0.215795 0.0181369 0.0259439
4.68 -0.0104634 -0.167343 0.0307805 0.0325104
4.69 -0.0215664 -0.218399 0.0245334 0.0326649
4.7 -0.0155747 -0.115219 -0.000851992 0.015598
4.71 -0.0121248 -0.255533 -0.000675721 0.0121436
4.72 -0.0174544 -0.198731 0.0566674 0.0592946
4.73 -0.00931862 -0.293201 0.0305839 0.0319721
4.74 -0.00395608 -0.233834 0.0695383 0.0696507
4.75 -0.0155423 -0.258068 0.0569658 0.059048
4.76 -0.0179294 -0.131683 0.0514349 0.0544703
4.77 -0.0217657 -0.165177 0.0380886 0.043869
4.78 -0.0198263 -0.272968 0.0501524 0.0539291
4.79 -0.018067 -0.162322 -0.00782517 0.0196888
4.8 -0.0141683 -0.201279 0.0183865 0.0232121
4.81 -0.025088 -0.270346 0.0310699 0.0399343
4.82 -0.00591339 -0.218831 0.0182821 0.0192147
4.83 -0.00508905 -0.223934 -0.0076261 0.00916819
4.84 -0.0259699 -0.278472 0.0370318 0.0452304
4.85 -0.00256387 -0.140614 0.0502867 0.050352
4.86 -0.0128213 -0.281993 0.0181553 0.0222261
4.87 -0.02216 -0.253877 0.0371942 0.0432952
4.88 -0.0205421 -0.223778 0.0123821 0.0239853
4.89 -0.0150047 -0.15999 0.0249063 0.0290769
4.9 -0.0101579 -0.167351 -0.0199621 0.0223979
4.91 -0.00950998 -0.212784 -0.000697401 0.00953552
4.92 -0.0220498 -0.214378 0.0508002 0.0553792
4.93 -0.0176603 -0.189942 0.018492 0.0255703
4.94 -0.0171685 -0.199197 0.0573872 0.0599003
4.95 -0.0162984 -0.208476 0.0511692 0.0537022
4.96 -0.0174914 -0.185119 0.0246108 0.0301934
4.97 -0.022131 -0.258492 0.0246409 0.0331203
4.98 -0.0185896 -0.207405 0.0375938 0.0419388
4.99 -0.0102852 -0.118229 0.0311763 0.0328291
5 -0.0173144 -0.207989 0.0508381 0.0537056
5.01 -0.00621836 -0.111965 0.0246975 0.0254683
5.02 -0.0143009 -0.178177 -0.0140435 0.0200434
5.03 -0.0106115 -0.202659 -0.0140064 0.0175722
5.04 -0.0100606 -0.185172 0.012005 0.0156632
5.05 -0.0135396 -0.20986 0.00524597 0.0145204
5.06 -0.016909 -0.208401 0.0186701 0.025189
5.07 -0.0182958 -0.216526 0.00527842 0.019042
5.08 -0.00313245 -0.180203 0.00506356 0.00595415
5.09 -0.0185247 -0.126762 0.0252871 0.0313465
5.1 -0.0305608 -0.392096 0.00527406 0.0310126
5.11 0.00552934 -0.230275 0.0302833 0.030784
5.12 -0.00139775 -0.186061 0.0439854 0.0440076
5.13 -0.0138687 -0.179139 -0.00701262 0.0155408
5.14 -0.00881783 -0.226078 0.0314033 0.0326178
5.15 -0.0138423 -0.160972 0.0315486 0.0344517
5.16 -0.0232289 -0.226152 0.0182435 0.0295365
5.17 -0.0118852 -0.300231 0.0568178 0.0580476
5.18 -0.0129271 -0.20587 0.0309298 0.0335226
5.19 -0.0220126 -0.0890433 0.0061767 0.0228628
5.2 -0.0221045 -0.146658 -0.000801036 0.022119
5.21 -0.0125664 -0.228338 0.04425 0.0459997
5.22 -0.0108733 -0.211687 0.00515636 0.012034
5.23 -0.0224349 -0.133374 0.025472 0.0339433
5.24 -0.010424 -0.145266 0.0187214 0.0214278
5.25 -0.0167862 -0.266506 0.0570612 0.059479
5.26 -0.00559253 -0.2057 -0.00742588 0.00929624
5.27 -0.0107703 -0.118112 0.0380055 0.0395021
5.28 -0.00156525 -0.199034 0.0180695 0.0181371
5.29 -0.0138503 -0.191911 0.0306944 0.0336745
5.3 -0.0167964 -0.270398 0.0239755 0.0292736
5.31 0.00253114 -0.206672 -0.00120141 0.00280179
5.32 -0.00573016 -0.187478 -0.00741937 0.00937453
5.33 -0.0276916 -0.276975 0.03071 0.0413513
5.34 -0.0171849 -0.207948 0.0315988 0.0359695
5.35 -0.0136293 -0.201358 0.0703953 0.0717026
5.36 -0.010922 -0.238119 -0.0208172 0.0235084
5.37 -0.00625857 -0.267565 -0.0146068 0.0158912
5.38 -0.0224727 -0.169126 0.0380469 0.0441881
5.39 -0.0297111 -0.0841613 0.0446047 0.0535942
5.4 -0.00248036 -0.180699 0.0307276 0.0308275
5.41 -0.0203574 -0.371268 -0.00172867 0.0204307
5.42 -0.0250138 -0.158623 0.018503 0.0311135
5.43 -0.0208691 -0.165557 0.0450545 0.0496531
5.44 -0.0217019 -0.156357 0.0253604 0.0333785
5.45 0.00543943 -0.141297 0.0117538 0.0129515
5.46 -0.0160899 -0.253419 0.0699459 0.0717727
5.47 -0.0101021 -0.28832 -0.0268731 0.0287091
5.48 -0.0224383 -0.168881 0.0181957 0.0288888
5.49 -0.0103962 -0.189797 0.0247852 0.0268773
5.5 -0.0170215 -0.12785 0.0389806 0.0425349
5.51 -0.0207566 -0.232897 0.0192812 0.0283302
5.52 -0.0242908 -0.216771 0.0506061 0.0561339
5.53 -0.0149104 -0.129261 0.0378625 0.0406927
5.54 -0.019137 -0.0864489 -0.0197684 0.0275139
5.55 -0.00905996 -0.190505 0.00598557 0.0108586
5.56 -0.0167108 -0.234757 0.0242756 0.0294713
5.57 -0.00226849 -0.16341 0.0184877 0.0186263
5.58 -0.0165638 -0.230191 0.00532614 0.017399
5.59 0.0130311 -0.195449 -0.0203268 0.0241452
5.6 -0.0251874 -0.193751 0.0373016 0.045009
5.61 -0.00924889 -0.127887 0.0574515 0.0581913
5.62 -0.0134451 -0.259265 0.0242365 0.0277161
5.63 -0.016647 -0.225937 0.0115474 0.0202599
