0 -0.00136784 0.032391 -0.026017 0.026053
0.01 -0.0122177 0.0299494 -0.00604749 0.0136325
0.02 -0.0122168 -0.0461003 -0.0319676 0.0342225
0.03 -0.00986036 0.0551978 -0.0127651 0.0161299
0.04 -0.0186943 -0.0154387 -0.0249203 0.0311529
0.05 -0.00596899 0.0439337 -0.00666258 0.00894532
0.06 -0.00198352 0.179383 -0.00544266 0.00579283
0.07 -0.0119846 0.0115044 0.019696 0.0230556
0.08 -0.0123907 -0.0237337 -0.0128648 0.0178615
0.09 -0.0123021 0.0342238 -0.0249648 0.0278313
0.1 -0.0127262 0.0395607 -0.0191009 0.0229521
0.11 -0.00494217 0.0250401 -0.0445543 0.0448275
0.12 0.000411025 0.0401172 0.000124971 0.000429603
0.13 -0.00413025 0.0248307 0.000589892 0.00417216
0.14 -0.0157606 -0.00355878 -7.83742e-05 0.0157608
0.15 -0.00860852 0.112334 -0.0444789 0.0453043
0.16 -0.0202815 0.00311478 -0.0378579 0.0429483
0.17 -0.0140467 0.182745 0.000319861 0.0140504
0.18 -0.0138976 0.0350302 -0.0190782 0.0236034
0.19 0.00423548 -0.0113709 -0.0454156 0.0456126
0.2 -0.0135918 0.111052 -0.0187616 0.0231675
0.21 -0.0165959 0.0323662 0.00050194 0.0166035
0.22 -0.0074798 -0.0224555 -0.0190724 0.0204867
0.23 -0.0226607 -0.0396866 -0.0187888 0.0294368
0.24 -0.0153323 -0.0175299 -0.00554798 0.0163052
0.25 -0.0111706 -0.0644331 -0.0135884 0.0175906
0.26 -0.0082389 0.00481985 -0.0124664 0.0149429
0.27 -0.0218825 -0.0492666 0.0197125 0.0294521
0.28 -0.01965 0.0344096 -0.0193353 0.0275677
0.29 -0.019051 -0.0817585 -0.00667322 0.020186
0.3 -0.0188279 -0.113363 -0.0393927 0.0436609
0.31 -0.0169355 0.0950273 -0.0315057 0.035769
0.32 -0.0156007 -0.0842017 -0.0326525 0.0361879
0.33 -0.0222824 -0.0399119 0.0126281 0.025612
0.34 -0.0201192 0.14589 0.0271629 0.0338024
0.35 0.00378735 -0.0289502 0.0254271 0.0257076
0.36 -0.0082204 0.00950477 -0.0384296 0.039299
0.37 -0.01432 0.070995 -0.0320733 0.0351249
0.38 -0.0309537 0.0140961 -0.0319442 0.044481
0.39 -0.00697193 -0.0491621 -0.0451294 0.0456647
0.4 -0.0310288 0.0237025 -0.00613174 0.0316288
0.41 -0.0174359 -0.0162191 -0.0643482 0.0666686
0.42 -0.00933915 0.134814 0.000965243 0.0093889
0.43 -0.00665996 -0.0407486 -0.00608639 0.00902215
0.44 -0.0140708 -0.179003 -0.0196551 0.0241725
0.45 -0.0172699 0.0594516 -0.00593176 0.0182602
0.46 -0.00798007 -0.00846882 -0.0192291 0.0208192
0.47 -0.010878 -0.0512362 0.000264251 0.0108812
0.48 -0.00527695 -0.00108693 -0.0449928 0.0453012
0.49 -0.0198012 -0.0460234 -0.01913 0.0275326
0.5 -0.012514 0.0210191 -0.0446787 0.0463981
0.51 -0.00716746 -0.0272335 0.000294809 0.00717352
0.52 -0.0283998 0.10225 -0.0125965 0.031068
0.53 -0.00507526 -0.0144134 -0.052026 0.052273
0.54 -0.0148561 -0.0220223 -0.0252713 0.0293145
0.55 -0.00570067 -0.0278383 -0.00677541 0.00885459
0.56 -0.00329098 0.011383 -0.0386435 0.0387834
0.57 -0.0126697 0.0571772 9.10883e-05 0.01267
0.58 -0.00776644 -0.0618853 -0.0263111 0.0274334
0.59 -0.00341852 -0.0155251 -0.0385643 0.0387156
0.6 -0.0155547 0.0717295 0.0012233 0.0156027
0.61 -0.0240836 0.0947759 0.0141337 0.0279246
0.62 -0.0119106 0.0204729 -0.00563665 0.0131771
0.63 -0.014823 0.0760368 -0.0515458 0.0536348
0.64 -0.0156023 -0.00829347 -0.00561799 0.0165829
0.65 -0.000561229 0.00892831 -0.0254494 0.0254556
0.66 -0.0119387 0.0252488 -0.0193363 0.022725
0.67 -0.0162702 0.00509602 -0.0449673 0.0478203
0.68 -0.0262476 -0.140189 -0.0322991 0.0416193
0.69 -0.00784104 0.00929985 -0.0321514 0.0330937
0.7 -0.0115543 0.00273524 -0.012148 0.0167653
0.71 -0.011773 0.0248898 -0.0119817 0.0167977
0.72 -0.0231469 -0.0351816 -0.012714 0.0264088
0.73 -0.0188928 0.00306989 -0.0191229 0.0268817
0.74 -0.0124114 -0.00137132 -0.0191331 0.0228061
0.75 -0.0103506 -0.0429716 0.00703083 0.0125127
0.76 -0.00392705 -0.0511932 -0.0389432 0.0391407
0.77 -0.0124674 -0.00579659 -0.0186493 0.0224329
0.78 -0.000685916 0.0136047 -0.0123906 0.0124096
0.79 -0.0189099 0.0381196 0.0396153 0.0438971
0.8 -0.00918637 0.0281126 -0.00633141 0.0111569
0.81 -0.0153308 -0.0934382 -0.032585 0.0360113
0.82 -0.0213537 0.0660996 -0.0382768 0.0438303
0.83 -0.0129106 0.0391587 -0.00619374 0.0143195
0.84 -0.00876783 0.0501655 -0.0635039 0.0641063
0.85 -0.0241001 0.0726535 0.0200611 0.0313571
0.86 -0.0130941 0.0079864 -0.0318838 0.0344678
0.87 -0.0186685 -0.0557425 0.00664214 0.0198149
0.88 -0.0156645 0.0227821 0.0136316 0.0207653
0.89 0.00370336 0.01524 -0.0121099 0.0126635
0.9 0.0107847 0.00290933 -0.00700265 0.0128587
0.91 -0.0165405 -0.0791538 -0.032424 0.0363992
0.92 -0.00773962 -0.0357102 -0.0254083 0.0265609
0.93 -0.011644 -0.00163171 -0.0191809 0.0224386
0.94 -0.0174086 0.0284913 -0.0126853 0.0215401
0.95 -0.0139927 0.0578726 -0.0260288 0.0295515
0.96 -0.0237968 0.0276889 -0.0119423 0.0266253
0.97 -0.00472267 0.0386968 -0.00624222 0.00782745
0.98 -0.0209486 0.120074 -0.0314891 0.0378207
0.99 -0.00821814 0.027737 -0.0188752 0.0205867
1 -0.0179089 0.135984 -0.0505953 0.0536713
1.01 -0.0202897 0.0879608 0.0199849 0.0284793
1.02 -0.0150817 -0.0351939 -0.0252048 0.0293724
1.03 -0.0081434 0.000854576 -0.0324066 0.0334141
1.04 -0.0156147 -0.0266741 -0.0125704 0.0200458
1.05 -0.01451 -0.0625482 -0.0128396 0.0193751
1.06 -0.0117195 -0.0597638 -0.0257469 0.0282886
1.07 -0.0124986 0.105819 0.0070298 0.0143399
1.08 -0.0201261 -0.0145077 -0.0318707 0.0376935
1.09 -0.0152653 -0.0088718 -0.0505932 0.052846
1.1 -0.0188819 0.0743279 -0.0835649 0.0856716
1.11 -0.00881977 -0.0119553 -0.0453622 0.0462117
1.12 -0.025547 0.104749 -0.0312948 0.0403982
1.13 -0.0126952 0.0880324 -0.00545711 0.0138184
1.14 -0.00815016 -0.0305675 -0.0130692 0.0154023
1.15 -0.0197718 -0.0280185 -0.0128833 0.0235988
1.16 -0.0174975 -0.0294466 -0.0257245 0.0311113
1.17 -0.0111994 -0.00685237 0.00113851 0.0112571
1.18 -0.0142397 -0.161187 -0.032115 0.0351304
1.19 -0.0162573 0.0234571 -0.0128763 0.0207389
1.2 -0.00833439 0.00504207 -0.0382164 0.0391146
1.21 -0.023031 -0.0575856 -0.0320899 0.0394992
1.22 -0.0143812 0.0939401 -0.057757 0.0595205
1.23 -0.0184623 0.109372 -0.0445308 0.0482064
1.24 -0.0122858 0.0429743 0.000823562 0.0123134
1.25 -0.0118909 0.0251377 -0.00646131 0.013533
1.26 -0.0164517 0.0815579 -0.0317576 0.0357659
1.27 -0.0224147 -0.164842 -0.0198899 0.0299671
1.28 -0.0190995 -0.0148654 -0.0190053 0.0269443
1.29 -0.00677591 -0.0183447 0.0132869 0.0149149
1.3 -0.0234063 -0.0352452 0.000625804 0.0234147
1.31 -0.0178036 -0.140446 0.0117656 0.0213401
1.32 -0.0382444 -0.0433358 -9.28782e-05 0.0382445
1.33 -0.0283309 0.0438048 -0.00567613 0.0288939
1.34 -0.0125997 0.181316 -0.0174591 0.0215308
1.35 -0.0176479 0.095648 -0.0251258 0.0307043
1.36 -0.0255564 -0.202665 -0.00695839 0.0264868
1.37 -0.0129602 0.0568685 -0.0252859 0.0284138
1.38 -0.00546846 0.145912 0.000799515 0.0055266
1.39 -0.0163072 -0.0747982 -0.039272 0.0425231
1.4 -0.0048952 -0.00553816 -0.0390745 0.03938
1.41 -0.0144762 -0.125021 0.0185185 0.0235052
1.42 -0.0194504 0.0118148 -0.0517483 0.055283
1.43 -0.0126491 0.0253858 0.00723504 0.014572
1.44 -0.0211939 0.133168 -0.0182538 0.0279711
1.45 -0.0125225 0.0257505 -0.00594266 0.013861
1.46 -0.016577 0.0502423 -0.00578551 0.0175576
1.47 -0.0080154 0.0673366 0.0265423 0.0277261
1.48 -0.0147516 -0.084651 0.01283 0.0195505
1.49 -0.0039002 -0.0250182 -0.0380379 0.0382373
1.5 -0.0275858 -0.0191072 -0.0320919 0.0423186
1.51 -0.0135321 0.0482112 0.000403201 0.0135381
1.52 -0.00867636 -0.0215565 -0.0321139 0.0332653
1.53 -0.00696372 -0.0184041 0.00711701 0.00995716
1.54 -0.0105593 -0.0604232 -0.0130438 0.0167821
1.55 -0.00507227 0.0652169 -0.0127322 0.0137054
1.56 0.00365521 0.00215997 -0.0446606 0.04481
1.57 -0.0163514 0.0634139 -0.00585195 0.0173671
1.58 -0.017143 0.0503678 0.00690484 0.0184813
1.59 -0.0115818 -0.055347 -0.0320919 0.0341179
1.6 -0.0103371 -0.0469089 -0.0321873 0.0338064
1.61 -0.0202787 0.0120595 -0.0185397 0.0274762
1.62 -0.00790903 0.000822835 -0.0385002 0.0393042
1.63 -0.015946 0.00534631 -0.0120712 0.0199997
1.64 -0.000105244 0.0132649 0.00653022 0.00653107
1.65 -0.0202601 0.119337 -0.0054842 0.0209892
1.66 -0.0196074 0.0559828 0.0139336 0.0240541
1.67 -0.00775947 -0.00391931 -0.0325498 0.0334619
1.68 -0.0072359 -0.00476004 -0.0188491 0.0201902
1.69 -0.0303818 -0.0174831 0.013493 0.0332432
1.7 -0.012771 0.0167091 -0.0316989 0.0341748
1.71 -0.00534138 0.0303113 -0.0196811 0.0203931
1.72 -0.00131911 0.0588234 -4.3489e-05 0.00131982
1.73 -0.0025971 0.00607735 -0.0190595 0.0192356
1.74 -0.0164998 0.0907758 0.00699765 0.0179223
1.75 0.000372001 -0.0182545 -0.00610014 0.00611147
1.76 0.00027969 -0.0222792 -0.0322102 0.0322114
1.77 -0.0413015 -0.149248 -0.00632151 0.0417825
1.78 -0.0136413 0.0352558 -0.000103619 0.0136417
1.79 -0.00932207 0.0503998 -0.0131408 0.0161116
1.8 -0.027202 -0.00140249 -0.0123182 0.0298611
1.81 -0.0094366 0.161903 -0.00562465 0.0109857
1.82 0.00327604 0.0293719 -0.0328933 0.033056
1.83 -0.0105098 -0.154343 0.00638129 0.0122954
1.84 -0.0227371 -0.0308967 -0.0259289 0.0344859
1.85 -0.0204491 0.0567232 0.0133016 0.0243947
1.86 -0.00570768 -0.0992587 0.0253515 0.0259861
1.87 -0.0160318 0.0271998 -0.0120695 0.0200672
1.88 -0.0249786 0.0777378 -0.0380066 0.04548
1.89 -0.00465948 -0.0148578 -0.0454062 0.0456447
1.9 -0.00755476 0.0314536 -0.0126315 0.0147183
1.91 -0.0174476 0.04633 -0.0192433 0.0259754
1.92 -0.000931405 0.00958424 -0.0131296 0.0131626
1.93 -0.0170043 0.180178 0.00698694 0.0183838
1.94 -0.0185163 -0.00233673 0.0135304 0.022933
1.95 -0.0348909 -0.0416317 0.00104385 0.0349065
1.96 -0.0232202 -0.0174261 -0.0256769 0.0346191
1.97 -0.0127314 0.0657932 -0.0257124 0.0286918
1.98 -0.0198227 0.0431208 -0.0248554 0.031792
1.99 -0.00938433 0.0279048 0.000103101 0.0093849
2 -0.0102306 -0.0338111 0.0257733 0.0277295
2.01 -0.0142076 -0.0314632 -0.0189229 0.0236629
2.02 -0.0182045 0.0468999 -0.0580535 0.0608409
2.03 0.00337295 0.0115706 -0.0260622 0.0262796
2.04 -0.00298851 -0.105585 -0.0196794 0.019905
2.05 -0.0158889 0.036315 0.000543622 0.0158982
2.06 -0.00946673 0.0147415 -0.0388506 0.0399874
2.07 -0.0234117 -0.0306758 0.00704735 0.0244494
2.08 -0.0212285 0.119894 -0.0443344 0.0491548
2.09 -0.0174002 0.148832 0.00751179 0.0189524
2.1 -0.023929 0.121296 0.0270005 0.036078
2.11 -0.0187131 -0.0199428 -0.0503487 0.0537138
2.12 -0.0122234 0.0120599 -0.044679 0.0463208
2.13 -0.0187825 -0.0602051 0.00685538 0.0199944
2.14 -0.00842786 0.0410555 -0.000352013 0.0084352
2.15 -0.00907002 0.0724704 -2.33278e-05 0.00907005
2.16 -0.00674432 -0.0138345 -0.0313429 0.0320603
2.17 -0.00892198 0.10358 -0.00587419 0.0106821
2.18 -0.00451636 0.0167165 0.0122574 0.013063
2.19 -0.0217788 0.0354641 -0.0446339 0.0496638
2.2 -0.0211251 0.0307216 -0.0193292 0.0286337
2.21 -0.0240169 -0.0125309 -0.0382143 0.0451348
2.22 -0.0126001 0.074619 0.000617102 0.0126152
2.23 -0.0166146 0.0146514 -0.0194636 0.0255906
2.24 -0.0126843 -0.00124065 -0.0122659 0.0176449
2.25 -0.0204036 0.0169166 -0.0568749 0.060424
2.26 -0.0345343 -0.0193134 -0.025199 0.0427505
2.27 -0.0190586 -0.0954212 -0.0198061 0.0274866
2.28 -0.0171945 0.117584 0.000634233 0.0172062
2.29 -0.0257677 -0.109354 0.00664491 0.0266107
2.3 -0.0204057 0.0304112 -0.005999 0.0212693
2.31 -0.0148165 -0.0491484 -0.0189519 0.0240563
2.32 -0.0114055 -0.00200655 -0.0061975 0.0129806
2.33 -0.0274791 0.0300023 -0.0121839 0.0300591
2.34 -0.017181 0.0147964 -0.0319118 0.0362429
2.35 -0.0160535 -0.0169167 0.0123219 0.0202372
2.36 -0.00814716 -0.101757 0.0122808 0.0147375
2.37 -0.0402613 -0.00915495 -0.262539 0.265608
2.38 -0.0271191 -0.00986912 -1.43435 1.43461
2.39 -0.0163266 -0.147969 -1.18015 1.18026
2.4 0.10782 -0.238279 -1.86573 1.86885
2.41 0.260954 -0.344505 -1.72584 1.74546
2.42 0.393384 -0.323428 -1.74313 1.78696
2.43 0.442578 -0.33573 -1.75191 1.80695
2.44 0.427099 -0.286013 -1.97077 2.01652
2.45 0.369156 -0.401276 -2.36964 2.39822
2.46 0.336253 -0.446387 -2.73731 2.75789
2.47 0.330097 -0.504081 -3.02211 3.04008
2.48 0.352459 -0.445774 -3.17808 3.19756
2.49 0.405695 -0.375013 -3.34172 3.36625
2.5 0.474485 -0.457053 -3.55752 3.58902
2.51 0.537962 -0.500044 -3.81213 3.8499
2.52 0.570354 -0.542331 -4.0143 4.05462
2.53 0.59878 -0.448105 -4.13695 4.18006
2.54 0.607411 -0.542808 -4.26395 4.307
2.55 0.596864 -0.482448 -4.41232 4.45251
2.56 0.582459 -0.580521 -4.55328 4.59038
2.57 0.575771 -0.433303 -4.66217 4.69759
2.58 0.578888 -0.635718 -4.73323 4.7685
2.59 0.606377 -0.344913 -4.80224 4.84037
2.6 0.630806 -0.418616 -4.86073 4.90149
2.61 0.660801 -0.446478 -4.93781 4.98183
2.62 0.703331 -0.517581 -4.96506 5.01463
2.63 0.729169 -0.626619 -5.06379 5.11602
2.64 0.722871 -0.462202 -5.16615 5.21648
2.65 0.705747 -0.349474 -5.2363 5.28365
2.66 0.698758 -0.465877 -5.28908 5.33504
2.67 0.730688 -0.446079 -5.30276 5.35287
2.68 0.735644 -0.51117 -5.3671 5.41729
2.69 0.759841 -0.450581 -5.36168 5.41525
2.7 0.758362 -0.391865 -5.43259 5.48527
2.71 0.747462 -0.599874 -5.53042 5.58071
2.72 0.762814 -0.421535 -5.58258 5.63445
2.73 0.753898 -0.6215 -5.56446 5.6153
2.74 0.776835 -0.484022 -5.5691 5.62302
2.75 0.761953 -0.528316 -5.57584 5.62766
2.76 0.756219 -0.417613 -5.61319 5.6639
2.77 0.759148 -0.4635 -5.71721 5.76739
2.78 0.758806 -0.489596 -5.81501 5.86431
2.79 0.747761 -0.612276 -5.84766 5.89528
2.8 0.73871 -0.508377 -5.93708 5.98286
2.81 0.735406 -0.55021 -6.01445 6.05925
2.82 0.70776 -0.533523 -5.97491 6.01668
2.83 0.695692 -0.472646 -5.93542 5.97605
2.84 0.671543 -0.57806 -5.98822 6.02576
2.85 0.663903 -0.68472 -6.01615 6.05267
2.86 0.669613 -0.487164 -6.18525 6.22139
2.87 0.657469 -0.68063 -6.36697 6.40083
2.88 0.668838 -0.767483 -6.40783 6.44264
2.89 0.682636 -0.686876 -6.42714 6.46329
2.9 0.674667 -0.663993 -6.2595 6.29576
2.91 0.507806 -0.487193 -4.7104 4.73769
2.92 0.574469 -0.565223 -3.78733 3.83065
2.93 0.508656 -0.38439 -3.59299 3.62882
2.94 0.37087 -0.265983 -4.11974 4.1364
2.95 0.17513 -0.222731 -8.4066 8.40843
2.96 0.318511 -0.665308 -8.52133 8.52728
2.97 0.560071 -0.646651 -6.75683 6.78
2.98 0.968535 -0.797846 -4.75785 4.85543
2.99 1.28077 -1.00636 -3.90316 4.10792
3 1.35867 -0.813982 -3.53435 3.7865
3.01 1.14281 -0.813674 -3.80615 3.97402
3.02 0.767064 -0.65491 -4.028 4.10039
3.03 0.476471 -0.550138 -4.03326 4.0613
3.04 0.370315 -0.43907 -3.35598 3.37635
3.05 0.343793 -0.482167 -2.82143 2.84229
3.06 0.350682 -0.531251 -2.5021 2.52656
3.07 0.362616 -0.610763 -2.38056 2.40802
3.08 0.34073 -0.574852 -2.24987 2.27552
3.09 0.282197 -0.365795 -1.95251 1.9728
3.1 0.219021 -0.335591 -1.63012 1.64477
3.11 0.17891 -0.245094 -1.22913 1.24208
3.12 0.120447 -0.0715099 -0.751011 0.760609
3.13 0.0762505 -0.0499693 -0.378199 0.385809
3.14 0.0269464 -0.101538 -0.12827 0.13107
3.15 -0.00610775 0.00805916 0.00998986 0.011709
3.16 -0.005073 0.101068 -0.024531 0.0250501
3.17 -0.00160582 0.0234784 -0.0392397 0.0392726
3.18 -0.00893475 0.0143523 -0.00655115 0.0110791
3.19 -0.0156389 -0.0173409 -0.00619748 0.0168221
3.2 -0.0321657 0.0420558 -0.0322982 0.045583
3.21 -0.00562267 0.0394193 -0.0322859 0.0327718
3.22 -0.014731 -0.133396 -0.0202533 0.0250439
3.23 -0.00160539 0.0366695 -0.0195633 0.0196291
3.24 -0.0167186 0.019605 -0.00647751 0.0179296
3.25 -0.0044195 0.00299997 -0.0128684 0.0136062
3.26 -0.0184334 0.190235 -0.0320398 0.0369641
3.27 -0.0130097 -0.0189277 -0.00662792 0.0146008
3.28 -0.0119496 -0.0815772 -0.0137961 0.0182517
3.29 -0.0336121 0.189936 -0.0249597 0.041866
3.3 -0.00437234 -0.0104634 0.00658376 0.00790337
3.31 -0.00657703 -0.134122 0.0246874 0.0255485
3.32 -0.0116347 -0.0508471 0.0128462 0.0173318
3.33 -0.0127119 -0.050055 -0.00683258 0.0144318
3.34 -0.0216728 0.0353708 -0.00634908 0.0225836
3.35 -0.0177418 0.0422599 -0.00660493 0.0189313
3.36 -0.015424 0.0049697 0.00657917 0.0167686
3.37 -0.00820027 -0.00357024 -0.0319227 0.0329591
3.38 -0.0095717 0.0636762 0.00727041 0.0120198
3.39 -0.0117423 -0.010696 0.0133979 0.0178153
3.4 -0.00169883 0.135258 -0.0317932 0.0318386
3.41 -0.0273331 -0.0413398 0.000399615 0.027336
3.42 -0.0237885 0.0322252 -0.0253011 0.034728
3.43 -0.00914102 0.0322479 0.0069036 0.011455
3.44 -0.0182602 -0.00193041 -0.0188872 0.0262709
3.45 -0.0209992 -0.00490571 -0.0195918 0.0287194
3.46 -0.0151789 -0.0309256 0.0259354 0.0300507
3.47 -0.011465 -0.0419396 -0.0129894 0.0173255
3.48 -0.0164255 0.00542276 -0.0135349 0.0212836
3.49 -0.00833955 -0.0169519 -0.0197549 0.021443
3.5 -0.0122132 -0.0277271 -0.0135276 0.0182252
3.51 -0.0207075 0.0126785 -0.00649286 0.0217016
3.52 -0.0156244 -0.0173746 -0.0259803 0.0303167
3.53 -0.00832528 0.00957796 -0.0515777 0.0522453
3.54 0.00302603 0.00273261 0.00613763 0.00684305
3.55 -0.00808686 -0.0124599 -0.0255588 0.0268076
3.56 -0.0143366 0.0713512 -0.00622901 0.0156313
3.57 -0.0257825 0.11423 -0.051216 0.0573395
3.58 -0.0272708 0.00753808 0.0265073 0.0380307
3.59 -0.00786741 -0.125013 -0.0266264 0.0277644
3.6 -0.0146667 -0.178166 -0.0138485 0.0201716
3.61 -0.010089 -0.00667321 -0.0396508 0.0409142
3.62 -0.0171794 -0.0161742 0.00602115 0.018204
3.63 -0.0162038 0.0319677 0.0132529 0.0209333
3.64 -0.0203131 -0.00139541 0.00677377 0.0214127
3.65 -0.015975 0.0899149 0.04584 0.0485439
3.66 -0.00866045 -0.0259971 -0.0260013 0.0274056
3.67 -0.00758635 -0.0303703 -0.0196981 0.0211085
3.68 -0.0249679 -0.00226745 -0.0194388 0.0316427
3.69 -0.0227874 -0.0534231 0.0261053 0.0346519
3.7 -0.0202635 0.00353444 0.0195274 0.0281412
3.71 -0.0101522 0.117748 -0.0318977 0.0334744
3.72 -0.0155133 -0.0435197 -0.0324737 0.035989
3.73 -0.0168594 0.0410981 -0.012808 0.0211727
3.74 -0.0090463 0.028283 -0.0130365 0.0158677
3.75 -0.0273157 -0.0366753 -0.000425013 0.027319
3.76 -0.0122574 0.0117961 0.000310239 0.0122613
3.77 -0.00816667 0.0140915 -0.00659899 0.0104996
3.78 -0.0130354 0.0974057 0.0128682 0.018317
3.79 -0.0243841 0.0236136 0.0065198 0.0252406
3.8 -0.0208209 0.0215682 -0.0128568 0.0244706
3.81 -0.0211786 0.0354218 -0.0509218 0.0551504
3.82 -0.00752309 0.0224112 0.0258473 0.0269199
3.83 -0.0199495 0.0518629 0.0399531 0.0446569
3.84 -0.00456592 0.0344262 -0.00683473 0.00821955
3.85 -0.0253638 0.0425963 -0.0192468 0.0318396
3.86 -0.0106026 -0.0424025 -0.0124258 0.0163345
3.87 -0.0119608 0.0116196 -0.0126888 0.0174375
3.88 -0.00469087 0.0166436 -0.0388314 0.0391137
3.89 -0.0124525 0.0431727 0.0197219 0.0233242
3.9 -0.0162466 0.0143181 -0.0257194 0.0304211
3.91 -0.00804529 0.0361407 0.000619169 0.00806908
3.92 -0.0123341 0.0165224 -1.13972e-05 0.0123341
3.93 -0.0106126 -0.122685 0.00621295 0.0122975
3.94 -0.0107827 -0.167423 0.0187113 0.0215959
3.95 -0.00487851 0.0204884 -0.0255667 0.026028
3.96 -0.0192172 0.0158692 -0.031229 0.0366681
3.97 -0.00389333 0.0381307 0.0130576 0.0136256
3.98 -0.0124796 0.0209215 0.0131152 0.0181038
3.99 -0.0126015 0.0122446 -0.0258187 0.0287298
4 -0.00452692 0.0165876 -0.000276728 0.00453537
4.01 -0.0081507 0.0360336 0.0388658 0.0397113
4.02 -0.0279156 0.079332 0.0131659 0.0308646
4.03 -0.0152446 -0.0258902 -0.0132437 0.0201939
4.04 -0.0346216 -0.0320116 -0.0006376 0.0346274
4.05 -0.0190522 -0.0281678 -0.0258061 0.0320771
4.06 -0.0095099 -0.016441 -0.0198542 0.0220142
4.07 -0.0118797 -0.0242196 -0.0318898 0.0340306
4.08 -0.0205341 -0.0228792 -0.045272 0.0497112
4.09 -0.000845405 0.0142747 -3.51339e-05 0.000846135
4.1 -0.0175717 0.0643586 -0.0127641 0.0217184
4.11 -0.000297 -0.0130147 -0.00667674 0.00668334
4.12 -0.00918774 0.0815421 0.000788641 0.00922152
4.13 -0.0266956 -0.0321931 -0.00642325 0.0274575
4.14 -0.01526 -0.0533768 -0.0132589 0.0202155
4.15 -0.0233874 -0.00794032 -0.00653735 0.0242839
4.16 -0.00567175 0.172913 0.00731704 0.00925785
4.17 -0.0160652 -0.0170255 -0.0253508 0.0300126
4.18 -0.00851578 0.0323007 -0.00663061 0.0107927
4.19 -0.0173191 0.0198281 -0.0515817 0.0544116
4.2 -0.0111302 -0.0866787 0.0188626 0.0219015
4.21 -0.0221304 0.169781 0.0200911 0.0298899
4.22 -0.0134962 0.00839774 -0.0582839 0.0598261
4.23 -0.0147287 0.00472467 0.000902558 0.0147563
4.24 -0.0280944 -0.0322967 -0.0125513 0.0307707
4.25 0.00274766 -0.0148651 -0.0518802 0.0519529
4.26 -0.000706814 -0.00378764 -0.0262946 0.0263041
4.27 -0.0237173 -0.0612569 -0.0321993 0.0399913
4.28 -0.0155989 -0.00863611 0.0134591 0.0206027
4.29 -0.00907375 0.0860048 0.000575406 0.00909197
4.3 -0.00972898 0.140234 0.0132315 0.0164233
4.31 -0.00560972 0.0258729 -0.0192354 0.0200367
4.32 -0.0124362 -0.00539037 -0.00618543 0.0138895
4.33 -0.0165593 0.00556323 0.0128828 0.0209804
4.34 -0.0195481 0.0252304 0.00074747 0.0195624
4.35 -0.00787882 -0.00381247 -0.025915 0.0270862
4.36 -0.0129007 0.00329554 0.0192561 0.0231782
4.37 -0.00915488 0.121844 0.0197739 0.0217903
4.38 -0.0188911 -0.0598083 -0.000228638 0.0188925
4.39 -0.0155853 0.0364491 0.00725465 0.017191
4.4 -0.021917 0.0271239 -0.0325873 0.039272
4.41 -0.0136648 0.0486734 -0.0256882 0.0290966
4.42 -0.00798284 0.00522615 -0.0448833 0.0455877
4.43 -0.0185122 -0.149415 -0.0132932 0.0227906
4.44 -0.0124367 -0.0902438 -0.0525363 0.0539883
4.45 -0.0150683 -0.0261203 0.00664507 0.0164685
4.46 -0.0271204 -0.0146216 -0.0127167 0.0299538
4.47 -0.0216456 -0.205341 -0.00738197 0.0228698
4.48 -0.0109034 0.0116876 -0.0124982 0.0165858
4.49 -0.018205 -0.0826808 -0.0132153 0.0224959
4.5 -0.0125609 0.0343017 -0.0127393 0.0178904
4.51 -0.0201073 0.0126362 -0.0127809 0.0238255
4.52 0.000149781 -0.0355119 -0.0326467 0.0326471
4.53 -0.00809225 -0.0305302 -0.0127987 0.0151423
4.54 -0.0135651 0.0171771 0.00679522 0.0151719
4.55 -0.0204591 0.0126329 -0.0575061 0.0610371
4.56 -0.000215477 -0.00893826 -0.0444949 0.0444954
4.57 -0.00321538 -0.0332587 -0.0197046 0.0199652
4.58 -0.00753899 -0.0172898 0.0128527 0.0149006
4.59 -0.0218453 0.111024 -0.0375818 0.0434696
4.6 -0.0122768 0.00320752 0.00683635 0.0140519
4.61 -0.0128997 0.026096 -0.0133354 0.0185536
4.62 -0.0193403 -0.0330647 0.0261014 0.0324858
4.63 -0.0122386 0.0615796 0.0130615 0.0178993
4.64 -0.0311307 0.0099406 0.00749136 0.0320194
4.65 -0.0206713 0.0884883 0.0197681 0.0286021
4.66 -0.0192776 0.0519859 -0.0120983 0.0227594
4.67 -0.0195551 -0.0233066 0.00611049 0.0204875
4.68 -0.0129773 0.0440335 -0.0191198 0.0231079
4.69 -0.00181982 0.0596187 -0.0198791 0.0199622
4.7 0.00427911 -0.0378636 -0.0133222 0.0139925
4.71 -0.0132641 0.0884809 0.0132948 0.01878
4.72 -0.0175303 0.0422735 -0.00656681 0.0187199
4.73 -0.0205012 0.00799376 -0.0254104 0.0326495
4.74 -0.0136703 0.039871 0.0124497 0.0184898
4.75 -0.00415654 -0.0106318 -0.000554055 0.0041933
4.76 -0.00132589 0.00101844 -0.0200577 0.0201015
4.77 -0.0221202 -0.115674 0.0061856 0.0229688
4.78 0.00030819 -0.00443495 0.000289518 0.00042285
4.79 -0.0153068 0.00518542 0.00600586 0.0164429
4.8 -0.0198113 -0.0235322 -0.0128641 0.0236215
4.81 -0.0116761 -0.0061223 0.000309693 0.0116802
4.82 -0.00805194 -0.0309321 -0.0447748 0.0454931
4.83 -0.0278915 0.0527437 -0.00606448 0.0285432
4.84 -0.00565195 -0.00514898 -0.0264926 0.0270888
4.85 -0.00860152 0.0232234 -0.0189707 0.0208296
4.86 -0.0167084 -0.0253648 -0.0326585 0.0366844
4.87 -0.00813281 0.0273662 0.0194792 0.0211088
4.88 -0.0233029 -0.0789978 0.011837 0.026137
4.89 -0.0115583 -0.0461248 -0.0128465 0.0172808
4.9 -0.00859293 0.117 0.0132664 0.0158062
4.91 -0.00851042 0.0277313 -0.0130522 0.0155816
4.92 -0.013591 0.0216304 -0.0129659 0.0187838
4.93 -0.0147212 -0.142696 -0.00684337 0.0162341
4.94 -0.00161031 0.0102885 -0.000347369 0.00164735
4.95 -0.0174583 -0.216783 -0.0142785 0.0225537
4.96 -0.0114889 -0.0910774 -0.0136177 0.0178168
4.97 -0.0111111 0.0245225 0.0262172 0.0284745
4.98 -0.0153063 -0.0576726 -0.000238445 0.0153081
4.99 -0.0115993 -0.0108486 0.000631329 0.0116165
5 -0.0163478 0.00557682 0.0129209 0.0208375
5.01 -0.0164627 -0.0252682 -0.026218 0.0309581
5.02 -0.00139154 0.125943 -0.0576379 0.0576547
5.03 -0.0244927 0.0372212 -0.00602704 0.0252233
5.04 -0.0143681 -0.013195 -0.0127847 0.0192325
5.05 -0.0131327 0.115227 -0.0190989 0.0231783
5.06 -0.00448756 0.016025 -0.00599737 0.00749043
5.07 -0.0133626 0.0663865 -5.51592e-05 0.0133627
5.08 -0.0189852 -0.0198514 0.00679571 0.0201648
5.09 -0.0171299 0.0596221 -0.0126368 0.0212866
5.1 -0.0156048 -0.0174189 0.0264578 0.0307169
5.11 -0.00100341 -0.00361118 -0.0132956 0.0133334
5.12 -0.0149143 -0.0129529 0.0260884 0.0300506
5.13 -0.0209625 0.0840952 0.0263456 0.0336677
5.14 -0.0193431 -0.0420094 0.00678564 0.0204988
5.15 -0.00118317 0.0326123 0.0124674 0.0125234
5.16 -0.009259 0.0324957 0.012424 0.0154947
5.17 -0.013039 0.0790324 -0.00557174 0.0141795
5.18 -0.0204111 0.0885513 0.00642819 0.0213994
5.19 -0.0229114 -0.0352334 0.00633086 0.02377
5.2 -0.0112167 -0.0556989 0.0453589 0.0467252
5.21 -0.0194624 -0.0324736 0.0125447 0.023155
5.22 -0.0182023 0.0424923 -0.0321606 0.0369544
5.23 -0.0199218 0.0076741 -0.0316282 0.0373794
5.24 -0.00454448 0.042531 0.00682814 0.00820218
5.25 -0.0120642 0.0204967 -0.00540422 0.0132193
5.26 0.00252829 0.00320497 -0.0197589 0.01992
5.27 -0.00106405 0.0364292 0.000131126 0.0010721
5.28 -0.0124583 0.0119113 0.0128063 0.0178664
5.29 -0.00286624 -0.0288283 -0.0260115 0.026169
5.3 -0.023979 0.125814 -0.0117706 0.0267122
5.31 -0.0146347 0.205091 0.00785637 0.0166102
5.32 -0.0125816 0.0793039 -0.0253461 0.028297
5.33 -0.00518855 0.123452 0.0199809 0.0206436
5.34 -0.0143584 -0.187663 0.0117009 0.0185223
5.35 -0.0150814 -0.0127349 0.0198482 0.0249279
5.36 -0.0211002 0.0796783 0.0326906 0.0389088
5.37 -0.0104282 0.0691789 -0.0519827 0.0530183
5.38 0.00360256 0.00273606 0.00598143 0.00698255
5.39 -0.00376585 -0.0375543 -0.0260403 0.0263111
5.4 -0.0181279 0.0514413 -0.0323546 0.037087
5.41 -0.00143565 0.0945996 -0.0123859 0.0124688
5.42 -0.00802187 -0.0262996 -0.00680987 0.0105226
5.43 -0.0123511 -0.0546029 -0.0522362 0.0536766
5.44 -0.016883 -0.0165117 0.0192751 0.0256235
5.45 -0.0122222 -0.0105999 -0.0132044 0.0179927
5.46 -0.000197896 0.0450717 -0.00624255 0.00624569
5.47 -0.00422618 -0.0107779 -0.0384973 0.0387286
5.48 -0.00508829 0.101565 0.000196398 0.00509208
5.49 -0.000481972 0.00529958 0.00559337 0.00561409
5.5 -0.00797065 0.0449089 0.0518173 0.0524268
5.51 -0.0133632 -0.188427 0.0121029 0.0180293
5.52 -0.0171848 0.0819014 -0.0253074 0.0305906
5.53 -0.0211721 -0.0359492 -0.0327477 0.0389957
5.54 -0.0128344 0.0305091 -0.000170608 0.0128356
5.55 -0.0183804 -0.0775702 -0.00697241 0.0196584
5.56 -0.00876046 0.0813872 -0.00631105 0.010797
5.57 -0.00859974 -0.0170151 -0.00641497 0.0107288
5.58 -0.022293 -0.0535529 0.0329247 0.039762
5.59 -0.0147481 -0.0716219 0.000191317 0.0147493
5.6 -0.011983 -0.00591367 -0.0254784 0.0281557
5.61 -0.00826596 -0.0174314 -0.0190732 0.0207873
5.62 -0.0139461 -0.058608 0.0262223 0.0297002
5.63 -0.0223177 0.0804805 -0.0316753 0.038748
5.64 -0.0236068 0.0101299 0.0255834 0.0348108
5.65 -0.0166154 0.0814332 -0.0189207 0.0251807
5.66 -0.0121967 0.0743488 0.0259022 0.0286301
5.67 -0.00875693 0.0944164 -0.0189523 0.0208776
5.68 -0.0126749 0.0298391 -0.0125261 0.0178201
5.69 -0.0123922 0.0389636 0.0196325 0.0232164
5.7 -0.00518303 0.0123657 -0.0197579 0.0204264
5.71 -0.0202446 0.0214105 0.0132399 0.0241896
5.72 -0.010691 -0.00703476 0.0133162 0.0170768
