0 -0.0140616 -0.0813033 0.00688044 0.0156547
0.01 -0.0142109 -0.04059 0.0131528 0.0193635
0.02 -0.000763802 -0.0798747 -0.0524859 0.0524915
0.03 -0.0125922 0.00717082 0.0130897 0.0181633
0.04 0.00349267 0.00201509 -0.00668271 0.00754038
0.05 -0.0283253 -0.0236437 0.00679591 0.0291292
0.06 -0.00507571 0.0202801 -0.0191303 0.0197922
0.07 -0.0226653 -0.0405022 0.00683112 0.0236723
0.08 -0.0114274 -0.0381161 -0.0194645 0.022571
0.09 -0.019616 0.0834942 0.0452186 0.04929
0.1 -0.0236777 0.00478105 0.0140144 0.0275143
0.11 -0.0128371 -0.0106851 0.0391194 0.0411719
0.12 -0.00875481 -0.035224 -0.0257376 0.0271859
0.13 -0.0097534 0.0458361 0.000141085 0.00975442
0.14 -0.0146509 -0.0760919 0.0255812 0.0294796
0.15 -0.0162668 -0.00876056 0.00694233 0.0176863
0.16 -0.00390153 0.0111157 0.00650191 0.00758266
0.17 -0.0107889 -0.0519306 0.0325571 0.0342982
0.18 -0.00390393 0.0153621 0.00686194 0.00789474
0.19 -0.0156295 0.000224941 0.0263724 0.0306559
0.2 -0.0194956 -0.0510929 -0.0446128 0.0486865
0.21 -0.00787553 -0.0362239 0.000376314 0.00788451
0.22 0.000513289 0.07506 0.0522284 0.0522309
0.23 -0.015049 -0.0494603 0.00621877 0.0162833
0.24 -0.0122387 -0.0195116 -0.0127379 0.0176647
0.25 0.00330311 -0.0286721 0.00600262 0.00685142
0.26 -0.00716419 0.00841437 0.00645795 0.00964525
0.27 -0.0262491 -0.118688 -0.0190792 0.0324504
0.28 0.0081317 -0.018259 0.0321511 0.0331635
0.29 -0.000480698 0.0133074 -0.0320632 0.0320668
0.3 -0.0275228 0.0789329 0.0259168 0.0378045
0.31 -0.0158053 0.00939953 0.0257994 0.0302559
0.32 -0.0193201 -0.0643545 -0.0706553 0.0732492
0.33 0.000931222 -0.0320433 -0.0319259 0.0319394
0.34 -0.0085071 0.0179596 0.00690062 0.010954
0.35 -0.0165073 0.0184808 0.013119 0.0210855
0.36 -0.00401016 0.00208361 0.000293598 0.0040209
0.37 -0.00151786 0.125397 0.00693388 0.00709807
0.38 -0.0109863 -0.0469371 0.0126173 0.0167301
0.39 -0.0232234 -0.026553 0.00640136 0.0240895
0.4 -0.0192756 -0.0242451 0.0133731 0.0234604
0.41 0.00961662 -0.148942 -0.0133783 0.016476
0.42 -0.0198671 -0.0864286 -0.0193797 0.0277539
0.43 -0.00862345 0.0271723 0.00659818 0.0108582
0.44 -0.0131512 0.0879019 0.0132028 0.0186352
0.45 -0.0110413 -0.0472975 0.00628521 0.0127048
0.46 -0.0116777 -0.0245162 0.00700821 0.0136193
0.47 -0.0153494 0.0178615 -0.0244574 0.0288751
0.48 -0.0154835 -0.0308803 -0.0321679 0.0357003
0.49 -0.0103266 -0.101489 -0.00610034 0.0119939
0.5 -0.0167836 0.0766096 -0.0250402 0.0301447
0.51 -0.0261277 -0.0912943 0.0192177 0.0324342
0.52 -0.0104057 0.0100775 0.0329574 0.0345611
0.53 -0.0114545 -0.00709805 0.0073018 0.0135839
0.54 -0.0234822 0.00937552 0.00682548 0.0244541
0.55 -0.0117215 0.0112443 0.000294563 0.0117252
0.56 -0.000338859 -0.0267606 -0.0262126 0.0262148
0.57 -0.00745793 -0.0316271 0.0068741 0.0101427
0.58 -0.00789022 -0.075945 0.0125209 0.0147996
0.59 -0.000303022 0.026429 -0.018751 0.0187535
0.6 -0.0156696 -0.0311196 0.0130544 0.0203949
0.61 -0.00726953 -0.0182155 0.00646682 0.00972964
0.62 -0.0120562 0.0250121 0.00637554 0.0136381
0.63 -0.0107777 -0.0785079 -0.000321801 0.0107825
0.64 -0.0031957 -0.0116401 0.019698 0.0199555
0.65 -0.0140914 -0.0499648 -0.0188592 0.0235422
0.66 -0.0161465 -0.0396377 -0.0382903 0.0415554
0.67 -0.030853 -0.0172395 -0.0257125 0.0401627
0.68 -0.0236671 -0.0615314 -0.0516395 0.0568047
0.69 -0.0262953 -0.0560409 -0.0317713 0.0412415
0.7 -0.0206166 0.0478331 -0.0445695 0.0491068
0.71 -0.0128408 0.0699318 0.0128936 0.018197
0.72 -0.0204381 0.0967659 0.00721852 0.0216754
0.73 -0.0230954 -0.0756749 -0.0447371 0.0503469
0.74 -0.0127131 0.0875721 -0.0125628 0.017873
0.75 -0.0292089 -0.210352 -0.000554907 0.0292142
0.76 -0.0163182 0.0983503 0.00719308 0.0178332
0.77 -0.008776 0.0763793 0.0135906 0.0161779
0.78 -0.0157398 0.00895264 -0.012306 0.0199795
0.79 -0.0159894 0.0757998 0.0141108 0.0213255
0.8 -0.0166115 0.000975471 -0.0189486 0.025199
0.81 -0.0141154 -0.0634519 0.0452413 0.0473922
0.82 -0.0167043 0.107532 -0.0185566 0.0249676
0.83 -0.026548 -0.0558132 0.0264172 0.0374522
0.84 -0.0249543 0.104215 -0.00590195 0.0256427
0.85 -0.0164928 -0.0124837 -0.0190062 0.0251644
0.86 -0.00853431 0.0049761 0.0256711 0.0270526
0.87 -0.0109745 -0.172201 0.0187243 0.0217034
0.88 -7.62157e-05 0.00864962 -0.00602313 0.00602361
0.89 -0.0153864 0.00879313 0.000104088 0.0153867
0.9 -0.0164126 0.00508705 -0.00594599 0.0174565
0.91 -0.0129414 0.0962464 -0.0183535 0.0224573
0.92 -0.0232571 -7.29552e-05 -0.012041 0.0261893
0.93 -0.0258222 -0.159221 -0.0125087 0.0286924
0.94 -0.0205876 0.0832763 -0.0182863 0.0275362
0.95 -0.00488453 -0.0373169 -0.0455791 0.0458401
0.96 -0.00442788 0.0293945 0.0128345 0.0135769
0.97 -0.020329 0.141629 0.0267641 0.0336093
0.98 -0.0118814 -0.0107059 -0.00615065 0.013379
0.99 -0.0117591 0.0115039 -0.0251855 0.0277954
1 -0.00971422 0.0281585 -0.0195539 0.0218339
1.01 -0.0161016 0.000469122 -0.0128324 0.0205896
1.02 -0.0191624 -0.0156988 -0.0187946 0.0268409
1.03 -0.00426744 -0.0246854 -0.0317802 0.0320655
1.04 -0.0193469 -0.033356 -0.0187473 0.02694
1.05 -0.0158822 -0.111107 -0.007203 0.0174392
1.06 -0.0164372 0.0184842 -0.00639139 0.0176361
1.07 0.00031106 -0.0537806 -0.0387857 0.0387869
1.08 -0.00868773 0.00516102 -0.000350024 0.00869477
1.09 -0.0115955 0.0155119 0.00655395 0.0133195
1.1 -0.00422641 0.0199918 9.98308e-05 0.00422759
1.11 -0.00718763 -0.0490343 0.0122856 0.0142337
1.12 -0.0106104 -0.065354 -0.0257974 0.0278942
1.13 -0.0255214 0.135151 -0.00489091 0.0259858
1.14 -0.00791528 0.0710364 -0.0119774 0.0143565
1.15 -0.00906666 0.0853384 0.0135909 0.0163376
1.16 -0.0086635 -0.00417214 -0.00672049 0.0109645
1.17 -0.00461351 0.00228788 0.0388961 0.0391687
1.18 -0.0241969 -0.0217481 0.0264812 0.0358712
1.19 -0.020921 0.0301025 0.0135042 0.0249008
1.2 -0.00417509 0.0555496 -0.00600244 0.00731167
1.21 -0.0191014 -0.109329 -0.013089 0.0231556
1.22 -0.0171979 -0.00734696 -0.000846487 0.0172187
1.23 0.000506632 0.00798732 0.00683623 0.00685497
1.24 0.00819765 -0.058784 -0.0196516 0.0212929
1.25 -0.00440409 0.00687016 -0.0132123 0.013927
1.26 -0.0239484 0.0716717 -0.0120044 0.0267886
1.27 -0.0084978 -0.030914 -0.0387174 0.039639
1.28 -0.00789559 0.0221306 -0.0188077 0.0203978
1.29 -0.0114339 -0.0294604 0.01357 0.0177448
1.3 -0.0201871 0.0297585 0.00705462 0.0213843
1.31 -0.0185946 -0.0560627 -0.0189292 0.0265344
1.32 -0.0183309 -0.0338427 -0.0184186 0.0259859
1.33 -0.0218629 0.0530698 -0.0449898 0.0500207
1.34 -0.0273665 -0.0241682 0.00685711 0.0282125
1.35 -0.0198059 0.0785746 -0.0122215 0.0232731
1.36 -0.0168027 0.0144308 0.000618832 0.016814
1.37 -0.0192795 -0.0332103 0.019196 0.0272064
1.38 -0.00779533 0.00398659 0.00709795 0.0105427
1.39 -0.0158222 -0.0045524 0.0263854 0.0307657
1.4 -0.0165459 -0.0304428 -0.0191211 0.025286
1.41 -0.000160595 -0.000286745 -0.0194776 0.0194783
1.42 -0.0200964 -0.0152401 0.000151624 0.020097
1.43 -0.00481988 -0.0153253 -0.0134929 0.014328
1.44 -0.00765065 -0.00449693 0.0259258 0.0270311
1.45 -0.00369584 -0.0201321 -0.000375647 0.00371488
1.46 -0.0187527 -0.0156581 0.0262006 0.0322201
1.47 -0.00789082 0.00420881 -0.018652 0.0202525
1.48 -0.00104774 0.0987503 0.0319251 0.0319423
1.49 -0.00737513 0.0750223 0.0332163 0.0340252
1.5 -0.0343849 -0.0242169 0.00700432 0.035091
1.51 -0.0236339 -0.0441901 0.0261909 0.0352778
1.52 -0.0182301 -0.0612742 0.00725082 0.0196192
1.53 -0.0124556 -0.0149557 -0.00635449 0.0139829
1.54 -0.0110305 -0.0337968 -0.0128964 0.0169703
1.55 -0.00784449 -0.0356369 -0.038552 0.039342
1.56 -0.0183468 -0.127951 -0.0452247 0.0488045
1.57 -0.00729164 -0.0450167 -0.0317001 0.0325279
1.58 -0.0111459 -0.077994 -0.0454581 0.0468046
1.59 -0.0155384 -0.0312408 -0.0385 0.0415173
1.6 -0.00785295 -0.106815 -0.0268505 0.0279753
1.61 -0.00373531 -0.0475533 -0.0193952 0.0197516
1.62 -0.0123343 0.00723366 -0.00025075 0.0123369
1.63 -0.0105353 -0.0699176 0.00683874 0.0125603
1.64 -0.0116859 -0.0515311 0.000452564 0.0116947
1.65 -0.00808753 -0.00431025 -0.00576168 0.00993001
1.66 -0.0105895 -0.0652574 0.0255239 0.0276334
1.67 -0.00774378 -0.0311608 0.00615432 0.0098915
1.68 -0.0130571 0.0385162 0.0070542 0.0148408
1.69 -0.00469926 0.0467811 0.0325616 0.032899
1.7 0.00216298 0.0607096 -0.019261 0.0193821
1.71 -0.0152243 -0.0536176 -0.0129156 0.0199648
1.72 0.0028937 -0.00625381 0.00606048 0.00671587
1.73 -0.00786974 -0.0754869 -0.0389416 0.0397288
1.74 -0.0227962 -0.0802784 -0.00670398 0.0237615
1.75 -0.0227092 -0.0622166 -0.0253259 0.0340163
1.76 -0.00348719 -0.0290632 -0.0196539 0.0199609
1.77 -0.00264823 -0.0387483 -0.0383376 0.038429
1.78 -0.057934 -0.0308073 -0.248855 0.25551
1.79 -0.124573 -0.0987112 -0.757362 0.767539
1.8 -0.139793 -0.0974695 -1.10134 1.11018
1.81 -0.0780054 -0.194853 -0.924009 0.927295
1.82 0.0151892 -0.158901 -0.701855 0.702019
1.83 0.0284624 -0.155665 -0.508294 0.509091
1.84 0.00904894 -0.00534296 -0.501281 0.501363
1.85 -0.0191459 -0.168899 -0.681858 0.682127
1.86 -0.08449 -0.202284 -0.956055 0.959781
1.87 -0.138948 -0.21662 -1.25808 1.26573
1.88 -0.167406 -0.0604156 -1.44315 1.45282
1.89 -0.143868 -0.177067 -1.54111 1.54781
1.9 -0.115939 -0.239196 -1.53605 1.54042
1.91 -0.0729244 -0.100682 -1.64614 1.64776
1.92 -0.0846301 -0.253443 -1.8081 1.81008
1.93 -0.0821403 -0.205153 -2.00175 2.00343
1.94 -0.10637 -0.149558 -2.16068 2.1633
1.95 -0.119028 -0.222127 -2.39225 2.39521
1.96 -0.0980236 -0.18635 -2.4705 2.47245
1.97 -0.0664335 0.00851133 -2.60598 2.60682
1.98 -0.0154546 -0.249963 -2.67996 2.68
1.99 0.00521739 -0.129391 -2.8098 2.80981
2 0.0284605 -0.179426 -2.87514 2.87528
2.01 0.0373195 -0.274419 -3.10262 3.10284
2.02 0.0650552 -0.219552 -3.18127 3.18193
2.03 0.0907692 -0.262497 -3.27234 3.2736
2.04 0.103086 -0.296695 -3.40114 3.4027
2.05 0.10508 -0.164418 -3.47825 3.47983
2.06 0.141231 -0.26662 -3.54989 3.5527
2.07 0.151729 -0.321193 -3.69365 3.69677
2.08 0.151904 -0.223086 -3.80923 3.81225
2.09 0.171397 -0.221932 -3.87974 3.88352
2.1 0.190335 -0.171341 -3.91826 3.92288
2.11 0.200998 -0.236375 -3.60724 3.61284
2.12 0.201284 -0.0894433 -4.23986 4.24464
2.13 0.211384 -0.338449 -4.57178 4.57666
2.14 0.194454 -0.314272 -4.71414 4.71815
2.15 0.223899 -0.296147 -4.70151 4.70684
2.16 0.240594 -0.315868 -4.66265 4.66885
2.17 0.233986 -0.352562 -4.74056 4.74633
2.18 0.274843 -0.292498 -4.88263 4.89035
2.19 0.260952 -0.350453 -5.11013 5.11679
2.2 0.289674 -0.452796 -5.40903 5.41678
2.21 0.357037 -0.42285 -5.55326 5.56472
2.22 0.418428 -0.406938 -5.75647 5.77166
2.23 0.488908 -0.504272 -5.92156 5.94171
2.24 0.552931 -0.538779 -6.03549 6.06077
2.25 0.600968 -0.58703 -6.21211 6.24111
2.26 0.624128 -0.511551 -6.41526 6.44555
2.27 0.659814 -0.61361 -6.58602 6.61899
2.28 0.688837 -0.548244 -6.68895 6.72432
2.29 0.746983 -0.619518 -6.74793 6.78914
2.3 0.775896 -0.597594 -6.83361 6.87752
2.31 0.801453 -0.760393 -7.05684 7.1022
2.32 0.816211 -0.845691 -7.27974 7.32535
2.33 0.853227 -0.757076 -7.40329 7.45229
2.34 0.876538 -0.789791 -7.49212 7.54323
2.35 0.906624 -0.648139 -7.54811 7.60237
2.36 0.936686 -0.661978 -7.6643 7.72132
2.37 0.944196 -0.662333 -7.84475 7.90137
2.38 0.954205 -0.641172 -8.05806 8.11436
2.39 0.915525 -0.795186 -8.17268 8.2238
2.4 0.874308 -0.707593 -8.19441 8.24092
2.41 0.852431 -0.569111 -8.24374 8.28769
2.42 0.856755 -0.57226 -8.38652 8.43017
2.43 0.879795 -0.591119 -8.66082 8.7054
2.44 0.92503 -0.669038 -9.00633 9.05371
2.45 0.971397 -0.613732 -9.08621 9.13799
2.46 1.04085 -0.648909 -9.03401 9.09378
2.47 1.06123 -0.64001 -8.92399 8.98687
2.48 1.06244 -0.655168 -8.95016 9.013
2.49 1.07286 -0.653437 -9.17839 9.24088
2.5 1.08429 -0.693223 -9.33468 9.39744
2.51 1.05998 -0.519901 -7.94613 8.01652
2.52 1.1187 -0.232503 -6.68459 6.77755
2.53 1.01325 -0.0824607 -6.22614 6.30805
2.54 0.954079 -0.689755 -11.8826 11.9208
2.55 0.792653 -0.888055 -11.9282 11.9545
2.56 1.29533 -0.764256 -10.1474 10.2298
2.57 1.68572 -0.711541 -7.98897 8.16488
2.58 1.84981 -0.945132 -7.02295 7.26248
2.59 1.90709 -0.913466 -6.28498 6.56795
2.6 1.67745 -1.01462 -6.30299 6.52239
2.61 1.25915 -0.828923 -6.21291 6.33922
2.62 0.900066 -0.859137 -6.08644 6.15264
2.63 0.678298 -0.639836 -5.77228 5.812
2.64 0.528703 -0.617846 -5.47098 5.49647
2.65 0.441672 -0.576569 -5.32822 5.3465
2.66 0.380963 -0.61871 -5.14665 5.16073
2.67 0.331578 -0.526058 -4.90438 4.91558
2.68 0.265162 -0.494174 -4.6392 4.64677
2.69 0.212904 -0.333061 -4.34814 4.35335
2.7 0.155284 -0.257247 -4.03757 4.04055
2.71 0.0871768 -0.126036 -3.87744 3.87842
2.72 0.021655 -0.246153 -3.67658 3.67665
2.73 -0.00392123 -0.0298162 -3.46771 3.46771
2.74 -0.0485761 0.0408496 -3.16929 3.16967
2.75 -0.0401203 -0.0407578 -2.82121 2.8215
2.76 -0.0219524 0.0271413 -2.39534 2.39544
2.77 0.00809394 0.0165063 -1.95034 1.95036
2.78 0.0331025 -0.0759879 -1.48575 1.48612
2.79 0.0289682 0.121792 -0.99869 0.99911
2.8 0.0268505 0.0829388 -0.526345 0.52703
2.81 -0.00853092 0.157221 -0.109952 0.110282
2.82 -0.0288941 0.0572971 0.105345 0.109236
2.83 -0.0336509 0.122918 0.110746 0.115746
2.84 -0.0256172 0.12184 0.0273279 0.0374574
2.85 -0.019068 -0.0331967 0.0192341 0.027084
2.86 -0.0137794 0.0844291 -0.0128922 0.0188701
2.87 -0.0113327 -0.0424227 0.0382399 0.0398838
2.88 -0.0173003 0.108369 -0.0127507 0.0214914
2.89 -0.0385965 -0.00330154 0.0191569 0.0430892
2.9 -0.008637 0.00472678 0.00646408 0.0107881
2.91 -0.00781044 0.0445803 -0.0381833 0.038974
2.92 -0.00359881 -0.0604121 -0.0134622 0.0139349
2.93 -0.0250361 0.0014687 -0.0128064 0.0281214
2.94 -0.0282692 0.0928423 -0.00582213 0.0288625
2.95 -0.0201028 -0.0372141 -0.00652603 0.0211355
2.96 -0.0168309 -0.00359414 0.0195107 0.0257672
2.97 -0.00854308 -0.0127514 0.0193535 0.0211552
2.98 -0.00106452 0.0673796 -0.0126639 0.0127086
2.99 -0.00342369 -0.0337762 0.0255873 0.0258153
3 -0.0095684 0.0369507 -0.0130047 0.0161455
3.01 -0.0121239 0.0113333 0.026401 0.0290517
3.02 0.00307418 0.0158126 0.0386884 0.0388103
3.03 -0.0133811 0.105843 0.0327894 0.0354147
3.04 -0.00354485 -0.0160706 0.0260049 0.0262454
3.05 -0.0147967 -0.0540934 0.0324907 0.0357013
3.06 -0.0090088 0.143031 -0.0120873 0.0150752
3.07 -0.00439215 -0.0332199 -0.0132611 0.0139695
3.08 0.00373776 -0.0338801 0.0126735 0.0132132
3.09 -0.0114874 -0.037971 -0.0125591 0.0170203
3.1 -0.0178241 0.189042 -0.00512083 0.0185452
3.11 -0.0210079 0.0614032 -0.0125061 0.0244486
3.12 -0.00659234 -0.179027 -0.0205003 0.0215342
3.13 -0.00766266 -0.0670001 -0.0130448 0.0151289
3.14 -0.0113826 -0.0379041 -0.000527988 0.0113949
3.15 -0.0155024 -0.0261166 -0.032219 0.0357545
3.16 -0.000171489 0.00869113 0.0196184 0.0196192
3.17 -0.0189816 -0.0736054 -0.00638592 0.020027
3.18 -0.0203662 0.119229 0.0327618 0.0385761
3.19 0.00239877 0.0031634 -0.00052028 0.00245454
3.2 -0.00403781 -0.03352 0.000264061 0.00404644
3.21 -0.00458728 -0.00184313 0.00615065 0.00767291
3.22 -0.00485963 -0.011 0.0127798 0.0136726
3.23 -0.0257873 0.113253 0.000656874 0.0257956
3.24 -0.00816964 0.084939 0.0456954 0.04642
3.25 -0.00314301 -0.0295119 0.00647567 0.00719811
3.26 -0.0126241 -0.0279493 -0.00713187 0.0144994
3.27 -0.0194626 -0.0417625 0.0123054 0.0230264
3.28 -0.00807342 0.00884775 -0.00586624 0.00997963
3.29 -0.0144619 -0.0361173 0.0131339 0.0195358
3.3 -0.0183564 -0.0379019 0.0448087 0.0484229
3.31 -0.0190086 -0.0958567 -0.0129933 0.0230251
3.32 -0.0162529 -0.0662881 -0.0131428 0.0209019
3.33 -0.0209332 0.0436485 0.000454299 0.0209381
3.34 -0.0021903 0.0189189 -0.000586165 0.00226738
3.35 -0.0125544 0.0429228 0.000514848 0.012565
3.36 -0.00414825 -0.0155244 -0.0130378 0.0136818
3.37 -0.0130828 -0.014525 -0.0130118 0.0184517
3.38 -0.0080577 -0.00896474 0.0319621 0.0329622
3.39 -0.0123825 0.127376 0.0459294 0.0475692
3.4 -0.00493442 -0.0105004 -0.0130411 0.0139434
3.41 -0.0152625 -0.0266518 0.00701802 0.0167987
3.42 -0.00022001 -0.0179218 0.0450364 0.045037
3.43 -0.00836943 0.0223764 0.000555579 0.00838785
3.44 -0.00847641 0.00501352 0.0259417 0.0272914
3.45 -0.0115096 0.00180937 0.026347 0.0287513
3.46 -0.01733 -0.00296143 -0.0326388 0.0369543
3.47 -0.0198888 0.0611462 0.0321714 0.0378228
3.48 -0.00155208 0.0318081 0.0382817 0.0383131
3.49 -0.0082344 -0.0754963 -0.0136087 0.015906
3.5 -0.00480373 0.0867702 0.000798883 0.00486971
3.51 -0.0211507 -0.304181 0.00499377 0.0217322
3.52 -0.000369662 0.018093 -0.0262149 0.0262175
3.53 -0.00325361 -0.0116775 0.0194274 0.019698
3.54 -0.0313844 -0.0837932 -0.0323013 0.0450372
3.55 -0.0109758 -0.149401 -0.0138679 0.0176858
3.56 -0.00829762 -0.0351137 -0.019259 0.0209705
3.57 -0.0273842 -0.0952931 -0.0453677 0.0529917
3.58 -0.00099847 0.0491525 0.00683998 0.00691248
3.59 -0.0128687 0.0519278 0.00664692 0.014484
3.6 -0.013278 -0.00578804 0.0127385 0.0184004
3.61 -0.0130678 0.0476551 0.0198973 0.0238048
3.62 -0.0113687 -0.0022675 0.0192819 0.0223839
3.63 -0.0144553 -0.040847 0.0329653 0.0359954
3.64 -0.0196856 0.0115456 -0.0182847 0.0268674
3.65 0.000215634 -0.0444712 0.0122332 0.0122351
3.66 -0.0155795 -0.0358594 -0.0315429 0.0351806
3.67 -0.0124214 -0.0375123 0.0063864 0.013967
3.68 -0.0148406 0.00414565 0.0456914 0.0480411
3.69 -0.00785733 0.00020744 0.0197048 0.0212136
3.7 -0.019234 0.0469952 0.0332125 0.0383799
3.71 0.0067114 -0.0223825 -0.0195974 0.0207148
3.72 -0.00757089 -0.000117443 0.0193102 0.0207413
3.73 -0.000661064 0.0135388 0.00661613 0.00664908
3.74 -0.0118861 0.0471107 0.000215688 0.011888
3.75 -0.0126273 -0.00608378 -0.0381276 0.0401642
3.76 -0.00867764 0.0318324 0.0252833 0.026731
3.77 -0.00536669 0.118641 0.000213475 0.00537093
3.78 -0.00545163 0.0386971 0.0192843 0.0200401
3.79 -0.0131689 0.039075 0.032284 0.0348666
3.8 -0.00509517 -0.0015193 -0.00714141 0.00877271
3.81 -0.00638618 0.141949 0.000719033 0.00642653
3.82 -0.0153823 0.0402173 0.0393343 0.042235
3.83 -0.00501796 0.0295852 0.00651745 0.00822539
3.84 -0.0248111 0.00128807 -0.00629566 0.0255974
3.85 -0.0123354 -0.0818445 -0.0135321 0.0183107
3.86 -0.0178933 -0.186149 -0.0134303 0.0223728
3.87 -0.0193321 -0.0378171 0.0125039 0.0230234
3.88 -0.0116903 -0.113582 -0.0199223 0.023099
3.89 -0.0117002 0.0380847 -0.0118157 0.0166285
3.9 -0.00791268 -0.0133441 -0.00630305 0.0101163
3.91 -0.00197347 0.0143631 -0.00696959 0.0072436
3.92 -0.0168887 0.0815429 0.0130844 0.0213642
3.93 -0.024946 0.0058159 0.0193651 0.0315802
3.94 -0.00722994 -0.022702 0.00644763 0.00968731
3.95 -0.00863479 0.000319293 0.032357 0.0334893
3.96 -0.00216025 0.0634869 -0.00637949 0.00673532
3.97 -0.021609 0.146623 0.0461943 0.0509987
3.98 -0.0193693 -0.0243663 0.00670022 0.0204954
3.99 -0.0176262 0.143971 0.00112236 0.0176619
4 -0.0126921 0.0158663 0.0131984 0.0183109
4.01 -0.00828426 -0.0260401 0.0125909 0.0150718
4.02 -0.0169116 0.0856731 -0.0127382 0.0211723
4.03 -0.015848 -0.03103 -0.00571993 0.0168486
4.04 -0.0187631 -0.0288368 -0.00712369 0.0200699
4.05 0.011135 -0.0112351 -0.0137875 0.0177224
4.06 0.00194556 0.0519132 -0.00630036 0.00659392
4.07 -0.0102052 0.0637961 -0.0190976 0.0216533
4.08 0.0145846 0.120681 0.0194056 0.0242753
4.09 -0.00798188 -0.0175948 0.0128467 0.0151244
4.1 -0.003431 0.00178345 -0.0310652 0.0312541
4.11 -0.0129921 0.00317457 0.0125826 0.0180863
4.12 -0.0146869 -0.0359366 0.00662315 0.0161112
4.13 -0.0119053 -0.126625 -0.00732174 0.0139766
4.14 -0.00392086 -0.0199515 -0.00688704 0.00792492
4.15 -0.00731407 0.00403145 0.0325833 0.0333941
4.16 -0.0189865 -0.0464158 0.0188357 0.0267445
4.17 -0.0165353 -0.030314 -0.00658691 0.017799
4.18 -0.00800186 -0.0137877 -0.0190375 0.0206508
4.19 -0.00843592 0.00477267 -0.0322855 0.0333695
4.2 0.00237369 0.033999 0.0190701 0.0192173
4.21 -0.0157029 -0.0128102 -4.71757e-05 0.0157029
4.22 -0.0142382 -0.178806 -0.000757429 0.0142583
4.23 -0.0158227 0.0846885 0.0719819 0.0737004
4.24 -0.0232636 -0.0354189 0.0129978 0.0266484
4.25 -0.0114899 -0.0244568 0.0131781 0.0174837
4.26 -0.00790912 -0.0711812 0.0124692 0.014766
4.27 -0.00821109 0.00443095 0.000478795 0.00822504
4.28 -0.0142734 -0.12548 0.0250995 0.0288741
4.29 -0.0171055 0.108738 0.0131293 0.0215633
4.3 -0.0155958 -0.0355228 0.0194375 0.0249208
4.31 -0.0194889 -0.00666002 0.00711785 0.0207481
4.32 -0.011942 -0.122462 -0.0133641 0.0179223
4.33 -0.0138177 -0.139517 -0.0199308 0.0242521
4.34 -0.0131421 0.0388673 -0.00616226 0.0145151
4.35 -0.00019335 -0.00886182 0.0319674 0.031968
4.36 -0.00789541 -0.0580036 -0.012774 0.0150171
4.37 -0.00767912 0.00404169 0.0327776 0.0336652
4.38 -0.00375523 -0.0201704 -0.00064621 0.00381042
4.39 -0.0102648 -0.190099 0.0246231 0.026677
4.4 0.00383525 -0.0383292 0.0129248 0.0134819
4.41 -0.00733079 -0.0179102 -0.0128808 0.0148208
4.42 -0.00405613 -0.0380437 -2.56854e-05 0.00405621
4.43 -0.0183829 -0.0562298 0.0325005 0.0373392
4.44 -0.0136296 0.119442 0.000694026 0.0136473
4.45 -0.00496601 -0.00179986 0.0261259 0.0265937
4.46 -0.0152154 -0.116024 -0.000564923 0.0152258
4.47 -0.0115182 -0.0157571 -0.00622297 0.0130918
4.48 -0.0203961 0.0653935 0.0131778 0.0242829
4.49 -0.00467599 0.0335442 0.00675408 0.00821478
4.5 -0.0211004 0.0480916 -0.0388547 0.0442144
4.51 -0.0158648 0.0403327 -0.0124041 0.0201384
4.52 -0.0119268 -0.0374809 -0.0130471 0.017677
4.53 -0.0113155 -0.10938 -0.039537 0.0411243
4.54 -0.020487 0.034322 0.0192993 0.0281457
4.55 -0.0083288 -0.00883576 -0.0197387 0.021424
4.56 -0.0134156 0.0124349 0.012745 0.0185044
4.57 0.00312746 0.0112932 0.0188889 0.019146
4.58 -0.00758318 -0.0308742 0.0256319 0.0267301
4.59 -0.0270658 -0.0237111 0.0196297 0.0334347
4.6 -0.00231122 -0.163804 -0.00762472 0.00796731
4.61 -0.015211 0.00872531 0.0523073 0.0544741
4.62 -0.0250475 0.0413988 0.0134953 0.0284518
4.63 -0.0243315 0.0323035 -0.0187432 0.0307137
4.64 -0.00113235 0.00969946 -0.000634235 0.00129787
4.65 -0.0167988 0.0407914 0.00654209 0.0180277
4.66 -0.000323533 -0.0445535 -0.0135228 0.0135266
4.67 0.00692123 0.0495964 0.0383159 0.038936
4.68 -0.00283407 -0.056587 0.0131037 0.0134066
4.69 -0.0126843 0.0523298 -0.00626086 0.0141453
4.7 -0.011708 0.0110501 0.0067672 0.013523
4.71 -0.00853816 -0.0531518 -0.000405259 0.00854778
4.72 -0.00757289 0.0173202 0.039346 0.0400681
4.73 -0.0161518 0.0448852 0.0134891 0.0210437
4.74 -0.0135058 0.0572503 0.0124721 0.0183837
4.75 -0.00431112 0.0333729 0.0328127 0.0330947
4.76 -0.0242086 -0.0482802 -0.000266615 0.0242101
4.77 -0.0180818 -0.087358 -0.0262716 0.0318928
4.78 -0.00506946 0.0741615 0.00658602 0.00831114
4.79 -0.0224471 0.0265841 0.0522607 0.0568776
4.8 -0.00323293 -0.0340399 0.0256957 0.0258983
4.81 -0.0123748 0.0386069 -0.00621005 0.0138456
4.82 -0.00923496 0.0230013 0.0323065 0.0336005
4.83 -0.0101236 0.0505769 -0.019496 0.0219678
4.84 -0.00724447 -0.0490512 -0.0131242 0.0149909
4.85 -0.0223164 -0.152037 -0.00677868 0.0233232
4.86 -0.00839226 0.0714442 0.0397004 0.0405777
4.87 -0.010163 0.148389 -0.00583539 0.0117191
