0 0.000659287 0.0266996 -0.0191718 0.0191832
0.01 0.00250759 0.0255674 -0.0260278 0.0261483
0.02 -0.00741938 -0.155821 -0.0461387 0.0467314
0.03 -0.0139639 -0.133818 0.00595439 0.0151804
0.04 -0.000225799 -0.0129909 -0.0513251 0.0513256
0.05 0.00686326 0.0404719 -0.0387234 0.039327
0.06 -0.0101574 0.0863248 -0.0125605 0.0161536
0.07 0.00466291 0.127161 -0.0457208 0.0459579
0.08 0.0102042 0.0475519 -0.0452957 0.0464309
0.09 0.0030292 0.0252104 -0.0325154 0.0326562
0.1 0.0108914 0.029379 0.019244 0.0221123
0.11 -0.0033865 -0.0110345 -0.0580549 0.0581536
0.12 -0.00829698 0.000878301 -0.0321741 0.0332267
0.13 -0.00156642 0.0418125 -0.096989 0.0970016
0.14 -0.00533822 0.052789 -0.0583348 0.0585785
0.15 0.010289 0.0564686 -0.00670201 0.0122793
0.16 0.00701062 0.00920641 -0.0710108 0.071356
0.17 -0.00331586 -0.0379156 -0.0130187 0.0134344
0.18 0.00743917 0.00448333 -0.0259639 0.0270086
0.19 -0.00913707 0.0547251 -0.0317495 0.0330381
0.2 0.00419856 0.0245388 -0.0061637 0.00745783
0.21 -0.0163228 0.0415226 -0.00612416 0.0174338
0.22 0.00447379 -0.105071 -0.0460711 0.0462878
0.23 -0.0122015 0.0123171 -0.0196107 0.0230966
0.24 0.0104169 0.0166146 -0.0324607 0.0340912
0.25 -0.00120575 0.1208 -0.0250911 0.0251201
0.26 7.81687e-05 0.044779 -0.0454242 0.0454243
0.27 0.0025995 0.0126578 -0.0652836 0.0653353
0.28 -0.0137963 0.0623262 -0.0321033 0.0349423
0.29 -0.00480106 0.0476692 -0.00620387 0.00784463
0.3 0.00308888 -0.0149906 -0.0196891 0.01993
0.31 -0.0183309 -0.00177397 -0.0256304 0.0315109
0.32 -0.0075645 -0.0260282 -0.0265842 0.0276395
0.33 0.0113407 -0.00663239 -0.0324658 0.0343895
0.34 -0.00605379 0.00829231 -0.00696335 0.00922695
0.35 0.00653645 0.0988543 -0.032304 0.0329586
0.36 0.00390987 0.00663144 -0.0253235 0.0256236
0.37 0.00319054 0.0295815 -0.0449922 0.0451052
0.38 -0.00377578 -0.00169118 -0.0514901 0.0516284
0.39 0.00427031 0.00206442 -0.0455879 0.0457875
0.4 -0.00846047 0.116719 -0.0120344 0.0147107
0.41 -0.000869886 0.0679302 -0.0381749 0.0381848
0.42 0.00306198 -0.02387 -0.0580123 0.058093
0.43 0.00305649 -0.0100327 -0.026211 0.0263886
0.44 -0.00442608 0.105302 -0.0186984 0.0192151
0.45 -0.00438953 -0.00145461 -0.0516754 0.0518615
0.46 -0.0030457 -0.0111405 -0.0510031 0.0510939
0.47 0.0109993 0.002761 -0.0392796 0.0407906
0.48 0.000654091 -0.0847156 0.00508541 0.00512731
0.49 -0.0081677 0.0584143 -0.0511091 0.0517577
0.5 0.000566161 3.57381e-05 -0.0389433 0.0389474
0.51 0.00358361 0.0557263 -0.0191427 0.0194753
0.52 -0.0145896 -0.0761956 -0.0316013 0.0348065
0.53 0.000502468 -0.0180523 -0.0515924 0.0515948
0.54 -0.012293 0.0255489 -0.0328608 0.0350849
0.55 -0.000812022 0.032117 -0.026103 0.0261156
0.56 -0.0142679 -0.169783 -0.0140964 0.0200569
0.57 -0.00131772 0.0280335 -0.0135027 0.0135669
0.58 0.00133386 0.00353756 -0.018439 0.0184872
0.59 -0.0116469 -0.059599 -0.0715103 0.0724525
0.6 -0.00294006 -0.024425 -0.0323947 0.0325278
0.61 0.0106317 0.0162854 -0.0133474 0.0170642
0.62 -0.00354121 0.0422381 0.000689755 0.00360776
0.63 -0.014695 -0.0800456 -0.0390453 0.0417191
0.64 3.38755e-05 0.0095317 -0.0196094 0.0196095
0.65 -0.0150377 -0.0398624 -0.0323999 0.0357196
0.66 0.00383029 -0.0107978 -0.039498 0.0396833
0.67 -0.0154907 -0.0259672 -0.0448228 0.0474241
0.68 0.00378233 -0.0334874 -0.0197815 0.0201399
0.69 0.00587499 0.121842 -0.0517028 0.0520355
0.7 0.0149443 0.022647 -0.0133858 0.0200627
0.71 -0.00282768 -0.0824978 -0.0327908 0.0329125
0.72 -0.0126796 0.0920637 -0.0320533 0.0344701
0.73 0.00234703 0.0479204 -0.0518439 0.051897
0.74 -0.0259366 -0.131131 -0.0397012 0.0474225
0.75 0.00828399 -0.0899249 -0.0198944 0.0215502
0.76 0.00622666 0.00982284 -0.0451211 0.0455487
0.77 -0.004826 -0.00128757 -0.0582243 0.0584239
0.78 0.00749392 0.0849779 -0.0256662 0.0267378
0.79 0.0143466 0.0318149 -0.0391743 0.0417187
0.8 -0.0225324 -0.0259897 -0.0134052 0.0262184
0.81 0.00101949 -0.0806217 -0.0522019 0.0522119
0.82 0.00013941 -0.0222689 -0.0768967 0.0768968
0.83 -0.00101892 0.0140206 0.000267534 0.00105346
0.84 -0.00300335 -0.0293218 -0.025368 0.0255452
0.85 -0.0137788 0.017828 -0.0648266 0.0662747
0.86 -0.0152152 -0.030525 -0.000658458 0.0152294
0.87 0.00752115 0.00445533 -0.00668656 0.0100637
0.88 -0.000310523 0.0806855 -0.0508995 0.0509004
0.89 -0.00773104 -0.0350976 -0.0330631 0.0339549
0.9 -0.000451177 0.0539519 -0.0321544 0.0321576
0.91 -0.0231963 -0.123989 -0.0651241 0.0691319
0.92 -0.000804451 0.02314 -0.00663157 0.00668019
0.93 0.0027564 0.00286243 -0.0455632 0.0456465
0.94 -0.00769026 -0.0931747 -0.0139494 0.0159288
0.95 0.00214752 0.0172459 -0.0528065 0.0528501
0.96 -0.015056 -0.00853563 -0.0444911 0.0469695
0.97 -0.010294 0.0605666 -0.0456865 0.0468318
0.98 -0.00477807 0.0119733 -0.0770651 0.0772131
0.99 -0.0048357 0.0343948 -0.032282 0.0326422
1 -0.0149529 -0.00830591 -0.000142908 0.0149536
1.01 -0.00873143 0.076772 -0.0188644 0.0207871
1.02 0.0095024 -0.166435 -0.0590937 0.0598529
1.03 0.00811562 0.00900208 -0.0316891 0.0327118
1.04 -0.00393159 -0.0907658 -0.0394011 0.0395968
1.05 -0.00903146 -0.0385128 -0.0584989 0.059192
1.06 -0.00292159 -0.0291691 -0.0574822 0.0575564
1.07 0.0136635 0.107935 -0.0262429 0.0295868
1.08 0.0230507 0.0354044 -0.0130359 0.0264814
1.09 -0.00433938 -0.00581214 -0.0391605 0.0394001
1.1 -0.00171442 0.0370859 -0.0517866 0.0518149
1.11 -0.00309268 -0.0204975 -0.0127252 0.0130956
1.12 -0.012073 0.136635 -0.0380029 0.0398745
1.13 -0.0113066 0.029536 -0.0188619 0.0219912
1.14 -0.00820638 -0.0263598 -0.0715479 0.072017
1.15 0.0152586 0.0136422 -0.0195154 0.0247725
1.16 -0.00899838 0.0951144 -0.0258716 0.0273918
1.17 0.00232899 0.0790665 -0.0125428 0.0127572
1.18 0.000389743 0.0264875 0.00677308 0.00678429
1.19 0.00961917 0.155215 -0.0450293 0.0460453
1.2 0.00295182 0.0165845 -0.0262605 0.0264258
1.21 0.00777997 -0.00883334 -0.0134492 0.0155374
1.22 -0.00069609 0.00971313 -0.0454769 0.0454822
1.23 0.000783424 -0.084835 0.0121016 0.012127
1.24 0.00456074 -0.0296955 -0.0129967 0.0137737
1.25 0.00915654 -0.10345 -0.0264724 0.0280112
1.26 0.00820071 -0.00439867 -0.0392659 0.0401131
1.27 -0.00328982 -0.0648474 -0.013172 0.0135767
1.28 -0.00286353 -0.145116 -0.0393759 0.0394799
1.29 -0.00407615 0.0429505 -0.0255482 0.0258713
1.3 0.00303722 0.0388536 0.00575855 0.00651042
1.31 -0.00226146 0.0777272 -0.0517222 0.0517716
1.32 0.0118936 -0.00658325 -0.0264902 0.0290377
1.33 0.0188977 0.0378017 -0.0262287 0.0323274
1.34 -0.0127238 0.0258854 -0.0185827 0.0225214
1.35 -0.0005049 0.0226405 -0.0256921 0.0256971
1.36 -0.00764374 -0.0491241 -0.0193316 0.0207879
1.37 0.0148856 0.00909636 0.0191763 0.0242757
1.38 -0.000914899 0.0317066 -0.0190571 0.019079
1.39 0.00311016 -0.00136108 -0.0263372 0.0265202
1.4 -0.00469869 -0.01982 -0.0193728 0.0199344
1.41 0.00255257 0.0391512 -0.038807 0.0388909
1.42 0.0120973 0.00224631 -0.019668 0.0230906
1.43 0.0156817 0.231675 -0.0516315 0.0539604
1.44 -0.000370391 0.107515 -0.03201 0.0320121
1.45 -0.00442726 0.0653865 -8.12029e-05 0.00442801
1.46 0.0108935 0.0253133 -0.0325083 0.0342849
1.47 0.00271577 0.105877 0.000293639 0.0027316
1.48 -0.00890682 0.0818826 -0.012619 0.0154458
1.49 0.0110945 0.0119874 -0.0395415 0.0410684
1.5 0.0146916 -0.0127758 -0.0199242 0.0247552
1.51 -0.00522362 0.0608332 0.0133956 0.0143781
1.52 -0.0143133 -0.160707 -0.0327942 0.0357817
1.53 0.00671327 -0.0173414 -0.0197181 0.0208296
1.54 -0.00103465 0.0186223 -0.032098 0.0321147
1.55 -0.000355267 0.00960723 -0.0384244 0.0384261
1.56 0.0113966 0.0202715 -0.0130352 0.0173147
1.57 -0.00445698 0.0249226 -0.0513809 0.0515739
1.58 -0.0162464 0.0103943 -0.0200186 0.0257816
1.59 0.014715 0.0446728 -0.0257537 0.0296612
1.6 0.0141668 0.116265 -0.0384837 0.0410085
1.61 0.00712193 0.0364511 -0.0201088 0.0213328
1.62 0.0010358 -0.0718711 -0.0264136 0.0264339
1.63 -0.00376762 0.00268413 -0.038596 0.0387794
1.64 0.0111062 0.0293917 -0.0392879 0.0408275
1.65 -0.00753226 -0.00850742 -0.000146099 0.00753368
1.66 -0.0142968 -0.151796 -0.0332588 0.0362014
1.67 -0.000669 0.0451752 -0.0443324 0.0443374
1.68 0.00384101 -0.00672592 -0.057804 0.0579315
1.69 -0.00760412 -0.0309707 -0.0256893 0.0267911
1.7 -0.0039294 -0.0243071 -0.0449192 0.0450907
1.71 -0.00756915 -0.0400139 -0.0457786 0.0464001
1.72 -0.0155382 -0.0166079 -0.0071794 0.0171166
1.73 -0.000519791 0.0630536 -0.0195819 0.0195888
1.74 0.003628 0.0559579 -0.0253448 0.0256031
1.75 -0.00944285 0.104278 -0.0770311 0.0776077
1.76 -0.000479765 0.0943981 -0.00626383 0.00628218
1.77 -0.00436753 0.0478252 0.00640902 0.0077557
1.78 0.00624021 0.0190575 -0.0395242 0.0400138
1.79 0.0103633 0.136284 -0.0383076 0.0396847
1.8 -0.0190193 -0.126451 -0.0329245 0.0380231
1.81 0.00772564 0.0267982 -0.032697 0.0335973
1.82 0.0044675 -0.024452 -0.0137294 0.014438
1.83 -0.0118194 -0.0774512 -0.0649904 0.0660564
1.84 0.00260727 0.0743664 -0.0258316 0.0259628
1.85 0.0120449 0.0110113 -0.0580784 0.0593142
1.86 -0.000592384 0.0365059 -0.0131706 0.013184
1.87 0.00620878 0.0279193 -0.0266108 0.0273255
1.88 -0.00857727 0.0901005 -0.025674 0.0270689
1.89 -0.0155655 0.0318459 -0.0189473 0.0245211
1.9 0.000221199 -0.0356688 -0.0259035 0.0259045
1.91 -0.000114212 -0.0174927 -0.0457155 0.0457156
1.92 -0.0052576 0.106191 -0.0319367 0.0323666
1.93 0.00086832 -0.0143199 -0.00609598 0.00615752
1.94 -0.00855981 0.0456021 -0.0583979 0.0590219
1.95 0.00871614 -0.0363393 -0.000163936 0.00871768
1.96 -0.0073254 0.000160071 -0.0256409 0.0266668
1.97 -0.0149102 -0.0929077 -0.0778369 0.0792521
1.98 -0.0165538 0.015884 -0.172733 0.173525
1.99 -0.0990497 -0.0655855 -0.409978 0.421773
2 -0.189512 -0.0890793 -0.716889 0.741515
2.01 -0.214102 -0.0281511 -0.877983 0.903711
2.02 -0.226543 0.0190543 -0.826287 0.856781
2.03 -0.192608 -0.0198518 -0.70421 0.730075
2.04 -0.185299 -0.0194749 -0.704119 0.728093
2.05 -0.197858 -0.00241099 -0.813427 0.837145
2.06 -0.22706 -0.109497 -0.858037 0.887572
2.07 -0.221487 -0.0542103 -1.01978 1.04355
2.08 -0.224989 0.00578991 -1.13021 1.15239
2.09 -0.211164 -0.0426456 -1.26746 1.28493
2.1 -0.198201 -0.180103 -1.43044 1.4441
2.11 -0.184308 -0.147897 -1.63856 1.64889
2.12 -0.160328 -0.11804 -1.79426 1.80141
2.13 -0.152238 -0.18145 -1.90458 1.91066
2.14 -0.131232 -0.0645832 -1.95704 1.96144
2.15 -0.121776 0.0585994 -2.00827 2.01196
2.16 -0.113107 -0.0763182 -2.0409 2.04403
2.17 -0.0895814 -0.139869 -2.06774 2.06968
2.18 -0.0851733 -0.165295 -2.13871 2.14041
2.19 -0.0820153 -0.198675 -2.17121 2.17276
2.2 -0.0556636 -0.125937 -2.26092 2.26161
2.21 -0.0434511 -0.173453 -2.34602 2.34642
2.22 -0.0184535 -0.068699 -2.40388 2.40396
2.23 -0.00205372 -0.217219 -2.48896 2.48896
2.24 0.00829136 -0.143749 -2.58595 2.58597
2.25 0.00273265 -0.050865 -2.72798 2.72798
2.26 0.0296659 -0.272117 -2.83919 2.83934
2.27 0.0351281 -0.0792881 -2.93498 2.93519
2.28 0.0597613 -0.201495 -3.01321 3.0138
2.29 0.0739684 -0.191968 -3.16838 3.16925
2.3 0.0930481 -0.216934 -3.29204 3.29336
2.31 0.0911948 -0.153314 -3.35028 3.35152
2.32 0.222056 -0.16927 -3.68579 3.69247
2.33 0.166516 -0.0879204 -3.90036 3.90391
2.34 0.200348 -0.130526 -4.10324 4.10813
2.35 0.28708 -0.343161 -4.18068 4.19053
2.36 0.298334 -0.283958 -4.18001 4.19064
2.37 0.345202 -0.263248 -4.27209 4.28602
2.38 0.352497 -0.410066 -4.38357 4.39772
2.39 0.364786 -0.350067 -4.53187 4.54653
2.4 0.354349 -0.307361 -4.74459 4.7578
2.41 0.347076 -0.2889 -4.84776 4.86017
2.42 0.327948 -0.495362 -5.06886 5.07946
2.43 0.346541 -0.412053 -5.21726 5.22876
2.44 0.356509 -0.360223 -5.2561 5.26818
2.45 0.376767 -0.448268 -5.34106 5.35433
2.46 0.419102 -0.411885 -5.45696 5.47303
2.47 0.458222 -0.342713 -5.61914 5.63779
2.48 0.479289 -0.311127 -5.7812 5.80103
2.49 0.495145 -0.383337 -5.88519 5.90598
2.5 0.490766 -0.340179 -5.99509 6.01515
2.51 0.510465 -0.427607 -6.09904 6.12037
2.52 0.506056 -0.402615 -6.18894 6.20959
2.53 0.498687 -0.59454 -6.26785 6.28766
2.54 0.5324 -0.382869 -6.37124 6.39345
2.55 0.568009 -0.431745 -6.43639 6.4614
2.56 0.566792 -0.39477 -6.56506 6.58948
2.57 0.570462 -0.427318 -6.68753 6.71182
2.58 0.558858 -0.339709 -6.84616 6.86893
2.59 0.554878 -0.443536 -6.94325 6.96538
2.6 0.538464 -0.406341 -7.00668 7.02734
2.61 0.514736 -0.374222 -7.08917 7.10783
2.62 0.535064 -0.341214 -7.17816 7.19808
2.63 0.530565 -0.346952 -7.33959 7.35874
2.64 0.545946 -0.306674 -7.48774 7.50762
2.65 0.568969 -0.351791 -7.59091 7.61221
2.66 0.568965 -0.40031 -7.66926 7.69033
2.67 0.578282 -0.316379 -7.74592 7.76748
2.68 0.554734 -0.324567 -7.82222 7.84187
2.69 0.524455 -0.457746 -7.82196 7.83952
2.7 0.537232 -0.265226 -7.87951 7.89781
2.71 0.571841 -0.312531 -7.95919 7.9797
2.72 0.587184 -0.358345 -8.05683 8.0782
2.73 0.591182 -0.374705 -8.12117 8.14266
2.74 0.581149 -0.235562 -8.14648 8.16718
2.75 0.614693 -0.394261 -8.06995 8.09333
2.76 0.612343 -0.326607 -8.057 8.08024
2.77 0.582425 -0.428572 -8.24608 8.26663
2.78 0.5895 -0.512726 -8.60487 8.62504
2.79 0.628333 -0.625702 -8.88239 8.90458
2.8 0.681919 -0.637738 -9.06091 9.08654
2.81 0.759342 -0.726363 -8.99948 9.03146
2.82 0.814699 -0.609805 -8.96786 9.00479
2.83 0.843423 -0.731175 -8.98094 9.02045
2.84 0.838921 -0.541889 -9.09057 9.12919
2.85 0.73707 -0.392659 -8.03792 8.07164
2.86 0.726349 0.00268152 -6.04497 6.08845
2.87 0.619845 -0.0719154 -6.81774 6.84586
2.88 0.828979 -0.678554 -11.9215 11.9502
2.89 0.506177 -0.761213 -10.4785 10.4907
2.9 0.840739 -0.871501 -9.67998 9.71642
2.91 1.04803 -0.606348 -8.1306 8.19787
2.92 1.08267 -0.579119 -7.31926 7.3989
2.93 0.901653 -0.457821 -6.83928 6.89846
2.94 0.586712 -0.435142 -6.96412 6.98879
2.95 0.359749 -0.313872 -6.99395 7.0032
2.96 0.183632 -0.390183 -6.87812 6.88057
2.97 0.0828934 -0.392769 -6.74433 6.74484
2.98 0.0373274 -0.29229 -6.53653 6.53664
2.99 0.0509153 -0.336778 -6.35699 6.35719
3 0.10613 -0.464515 -6.24435 6.24525
3.01 0.125999 -0.40177 -5.96056 5.96189
3.02 0.133327 -0.54117 -5.65675 5.65832
3.03 0.11032 -0.197868 -5.34866 5.3498
3.04 0.0378568 -0.255987 -4.95744 4.95759
3.05 -0.0168503 -0.207941 -4.65113 4.65116
3.06 -0.101122 -0.240316 -4.5848 4.58592
3.07 -0.197991 -0.243354 -4.56375 4.56804
3.08 -0.211238 -0.0653542 -4.44636 4.45137
3.09 -0.234189 -0.203301 -4.31803 4.32438
3.1 -0.190562 -0.177253 -4.07315 4.07761
3.11 -0.165794 -0.162563 -3.78972 3.79334
3.12 -0.137751 -0.281989 -3.70184 3.7044
3.13 -0.14677 -0.30706 -3.7041 3.70701
3.14 -0.160181 -0.414839 -3.75759 3.761
3.15 -0.190675 -0.386987 -3.62764 3.63265
3.16 -0.186727 -0.296161 -3.3695 3.37467
3.17 -0.179489 -0.305227 -3.0912 3.09641
3.18 -0.182482 -0.268682 -2.84541 2.85126
3.19 -0.190351 -0.295459 -2.56615 2.5732
3.2 -0.191761 -0.232188 -2.26154 2.26965
3.21 -0.209007 -0.151894 -1.94782 1.959
3.22 -0.209921 -0.0719994 -1.51963 1.53406
3.23 -0.205735 0.102558 -1.07783 1.09729
3.24 -0.194332 0.0759091 -0.649825 0.67826
3.25 -0.180929 0.0752294 -0.29322 0.344548
3.26 -0.132273 0.114844 -0.0995926 0.165575
3.27 0.00921599 0.071266 -0.0323232 0.0336113
3.28 0.0136542 0.0768551 -0.0259833 0.0293525
3.29 -0.00544661 0.0662159 -0.0194901 0.0202368
3.3 -0.0107975 -0.162661 -0.0399079 0.0413428
3.31 -0.00866173 0.0459873 0.00673717 0.0109734
3.32 -0.0163663 -0.0028511 -0.00680411 0.0177244
3.33 0.00362642 0.0160622 -0.0318662 0.0320718
3.34 -0.00105291 0.116692 0.0066309 0.00671397
3.35 0.0127779 0.180125 -0.0191394 0.0230129
3.36 0.00467662 0.0468332 -0.0332138 0.0335414
3.37 -0.000902157 -0.0657361 -0.0205225 0.0205423
3.38 -0.0124058 -0.00986459 -0.0198538 0.0234111
3.39 0.00252514 0.0836622 -0.0197317 0.0198926
3.4 0.00312036 0.0787409 0.00641617 0.00713469
3.41 0.0063787 0.0498568 -0.00651709 0.00911923
3.42 -0.000902529 0.0142368 -0.000305729 0.000952905
3.43 0.0149942 0.0184702 -0.052263 0.0543714
3.44 -0.00209612 0.0242416 -0.0202851 0.0203931
3.45 -0.00878512 0.0548895 -0.0132778 0.015921
3.46 0.00564968 0.131129 -0.00658081 0.00867328
3.47 -7.26744e-05 -0.142352 -0.0271453 0.0271454
3.48 0.00627444 0.0191407 -0.0331219 0.0337109
3.49 -0.00860515 -0.0388284 -0.0393456 0.0402756
3.5 -0.00374169 0.00765981 -0.019708 0.0200601
3.51 -0.00107663 0.0367841 -0.0325951 0.0326129
3.52 -0.0150725 -0.0438688 -0.0331008 0.0363709
3.53 0.00706861 0.0183308 0.00602922 0.00929068
3.54 0.00600986 0.0238077 -0.0396134 0.0400667
3.55 0.00295574 -0.0503594 -0.0591178 0.0591916
3.56 0.0261984 0.0337837 -0.0138931 0.0296543
3.57 -0.0024361 0.166876 -0.0320766 0.032169
3.58 0.0189763 0.0249056 -0.0205656 0.0279829
3.59 -0.011522 -0.0418163 -0.039513 0.0411586
3.6 0.0104295 0.09247 -6.73537e-05 0.0104297
3.61 0.00682392 0.0674173 0.00634877 0.00932056
3.62 -0.00842971 -0.0212992 -0.051927 0.0526068
3.63 -0.00591944 0.0930053 0.0129724 0.0142591
3.64 0.00286491 0.0343732 -0.0194399 0.0196498
3.65 -0.00448001 -0.0193349 -0.0258776 0.0262625
3.66 -0.0022176 0.14456 -0.00598675 0.00638427
3.67 -0.0172735 0.117289 -0.0247046 0.0301445
3.68 -0.0243101 0.0061994 -0.058165 0.0630409
3.69 0.00590403 0.0237203 -0.026506 0.0271556
3.7 0.00972243 0.146177 -0.0260603 0.0278148
3.71 0.0073258 0.0360127 -0.0386664 0.0393543
3.72 -0.000629979 0.0367655 -0.0386482 0.0386533
3.73 -0.000989308 0.00954682 -0.0134002 0.0134367
3.74 -0.00393966 0.007452 -0.0132735 0.0138458
3.75 -0.00122856 0.0993433 -0.0321792 0.0322027
3.76 0.023899 0.00857271 -0.0069024 0.0248758
3.77 -0.000963796 0.0145422 -0.0196515 0.0196751
3.78 -0.00210828 0.077723 -0.0770932 0.0771221
3.79 0.00145587 0.0886684 -0.000263955 0.0014796
3.8 0.00564997 0.0190873 -0.0195877 0.0203863
3.81 -0.00831173 -0.0614825 -0.0136916 0.016017
3.82 -0.00837869 0.0233653 -0.00639595 0.0105409
3.83 -0.0132479 -0.0317445 -0.0392877 0.0414612
3.84 -0.00535487 0.12367 0.0137406 0.0147472
3.85 1.03642e-05 -0.0931964 -0.00110477 0.00110482
3.86 -0.0020468 0.157532 -0.0386407 0.0386949
3.87 0.00602695 0.0592824 -0.052118 0.0524653
3.88 0.0183011 0.0252865 -0.013843 0.0229469
3.89 -0.00618407 0.0980141 -0.0711643 0.0714325
3.9 0.0109544 0.0118168 -0.0328389 0.0346178
3.91 0.0137516 0.0591953 -0.0202691 0.0244938
3.92 0.00825086 -0.00875619 -0.0267509 0.0279945
3.93 0.0151014 -0.0352137 0.00515712 0.0159577
3.94 0.00256072 0.0303158 -0.02045 0.0206097
3.95 0.0044355 -0.0289425 0.00576365 0.00727278
3.96 -0.00470361 0.0205804 0.000386014 0.00471942
3.97 -0.000805479 -0.0260431 -0.0133916 0.0134158
3.98 0.00258376 -0.0283617 -0.00732692 0.00776914
3.99 0.0013276 0.151182 -0.00597986 0.00612546
4 -0.00845936 -0.052676 -0.0264579 0.0277774
4.01 0.0026399 0.0345538 -0.0259512 0.0260852
4.02 0.00848384 -0.00472266 0.0189094 0.0207254
4.03 0.00335543 0.0564108 -0.0709841 0.0710634
4.04 0.000297415 -0.0443185 -0.0198804 0.0198826
4.05 0.00652353 0.0321055 -0.0130665 0.0146045
4.06 -0.00201614 0.135157 -0.0187239 0.0188322
4.07 0.00773026 0.0181443 -0.00716412 0.0105395
4.08 -0.0122776 0.0436066 -0.0319724 0.0342487
4.09 0.00221736 0.0477178 -0.00635109 0.00672704
4.1 0.00465371 -0.0869279 -0.00773984 0.00903117
4.11 -0.000100697 -0.0176869 -0.0392428 0.039243
4.12 -0.00323027 0.0647504 -0.0326012 0.0327608
4.13 0.00313663 -0.0151018 -0.00681414 0.0075014
4.14 -0.00212461 0.0327802 -0.0134357 0.0136027
4.15 -0.00204797 0.130828 -0.0254863 0.0255685
4.16 0.0111181 -0.0106982 -0.0393372 0.0408782
4.17 -0.00499821 0.00331917 -0.00665075 0.00831953
4.18 -0.00756319 -0.111526 -0.0264901 0.0275486
4.19 0.00595249 0.162194 0.0124751 0.0138224
4.2 0.00714994 0.00529242 -0.0457614 0.0463166
4.21 0.00635743 0.0456561 -0.000745314 0.00640097
4.22 -0.000473625 0.0230467 -0.0132282 0.0132367
4.23 -0.0041745 -0.0819178 -0.0265259 0.0268524
4.24 0.0200965 -0.0380291 -0.0335221 0.0390846
4.25 0.00588911 0.0547044 -0.01952 0.020389
4.26 -0.00454047 -0.00585792 -0.000410827 0.00455902
4.27 -0.0217615 0.0443754 -0.0450985 0.0500743
4.28 -0.00831663 0.0592131 -0.0262195 0.0275069
4.29 0.00430581 -0.0061637 -0.0327272 0.0330092
4.3 -0.00101557 -0.0568465 -0.0268889 0.0269081
4.31 0.00432346 -0.0734824 -0.00772287 0.0088507
4.32 0.00381303 -0.0464335 -0.000737977 0.00388379
4.33 0.00384637 -0.104801 -0.0264754 0.0267533
4.34 0.00769264 -0.00423591 -0.026305 0.0274068
4.35 -0.000435004 0.0146567 -0.0326827 0.0326856
4.36 -0.00106368 0.0232375 -0.0195447 0.0195736
4.37 -0.00530793 0.0971762 -0.0127359 0.0137977
4.38 -0.00891845 0.0193597 -0.0264535 0.0279164
4.39 -0.007559 -0.133371 -0.0206336 0.0219746
4.4 0.0158424 -0.0310012 -0.039791 0.0428288
4.41 0.0108307 0.0430367 -0.00668086 0.0127255
4.42 0.00397553 -0.0153579 -0.0263717 0.0266697
4.43 0.00317743 0.0429669 -0.0317891 0.0319475
4.44 0.0111981 0.0161403 -0.000896669 0.011234
4.45 0.0149524 0.0270223 -0.000491634 0.0149605
4.46 0.00666372 0.00979735 -0.0396866 0.0402422
4.47 0.0144816 0.0363742 0.0119369 0.0187671
4.48 0.00216035 0.106131 0.0255181 0.0256094
4.49 0.00602523 0.0991789 0.0129714 0.0143025
4.5 -0.00475671 0.025261 -0.00606742 0.00770973
4.51 0.00993405 0.0434165 -0.0136499 0.0168821
4.52 -0.0119122 0.0435767 -0.00702558 0.0138296
4.53 0.0063329 0.00989059 -0.03309 0.0336905
4.54 0.00282351 0.0432474 -0.020175 0.0203716
4.55 0.0101585 0.0298836 -0.000561355 0.010174
4.56 -0.0127399 0.057314 0.0184889 0.0224532
4.57 0.00599474 -0.0385334 -0.0462664 0.0466531
4.58 0.00340617 -0.0148898 -0.0327591 0.0329357
4.59 0.0140461 0.00577096 -0.0332098 0.036058
4.6 0.0064829 -0.0125913 -0.019808 0.0208419
4.61 0.0139229 0.0277033 -0.00729606 0.0157188
4.62 0.00138881 0.0577123 -0.0265273 0.0265636
4.63 0.000421981 -0.0265162 -0.0130198 0.0130267
4.64 -0.0156669 0.0232854 -0.0316985 0.0353588
4.65 -0.00897689 0.0991343 0.0197481 0.0216927
4.66 -0.000434614 0.00520814 -0.00666774 0.00668189
4.67 -0.00763465 -0.0172286 0.0133582 0.015386
4.68 0.00646119 -0.0394121 -0.0328363 0.0334659
4.69 -0.00123556 0.0413773 -0.0259412 0.0259706
4.7 0.00842654 0.021803 0.006597 0.0107017
4.71 -0.0018043 0.0551977 -0.0389051 0.0389469
4.72 -0.00395144 -0.055232 -0.000854414 0.00404276
4.73 0.00483091 -0.0964264 -0.0132309 0.0140852
4.74 0.00254481 0.0347564 -0.0265626 0.0266843
4.75 0.00607896 0.13049 0.00650911 0.00890631
4.76 0.0103783 0.0344336 -0.0138826 0.0173331
4.77 0.000652501 -0.0311053 -0.0391861 0.0391915
4.78 -0.0039455 -0.0464492 -0.0138532 0.0144041
4.79 0.00258159 0.0213252 -0.0458976 0.0459701
4.8 0.00421487 -0.0598748 -0.0202672 0.0207008
4.81 -0.00478304 -0.00611666 -0.0391658 0.0394568
4.82 -0.00468784 0.0254076 0.0318784 0.0322212
4.83 -0.000470635 0.0453634 -0.0256283 0.0256326
4.84 0.0073624 0.00920966 -0.0262855 0.0272971
4.85 0.00727289 -0.0526516 -0.0336208 0.0343984
4.86 -0.00302983 -0.0514316 -0.0330891 0.0332275
4.87 -0.00152438 0.0327379 -0.0197212 0.01978
4.88 -0.00586574 0.0443633 -0.0388453 0.0392856
4.89 -0.0012915 0.0144734 -0.0453718 0.0453902
4.9 0.0195604 0.00650315 -0.000372165 0.0195639
4.91 0.0081146 -0.030752 -0.0393255 0.0401539
4.92 0.00622233 0.0503648 -0.0264767 0.0271981
4.93 0.0148912 0.0273277 -0.0198368 0.0248041
4.94 0.0147486 0.0406715 0.0126056 0.0194016
4.95 0.00270657 0.0523186 -0.0193631 0.0195513
4.96 0.01518 0.0227564 -0.0205939 0.025584
4.97 0.0122741 -0.0336541 -0.039372 0.0412408
4.98 0.0016695 0.0619766 -0.0456389 0.0456694
4.99 0.0124036 -0.149758 -0.0145225 0.0190985
5 0.0108452 -0.00113854 -0.0333432 0.0350626
5.01 0.0112121 0.0517771 0.0189132 0.0219868
5.02 0.0109864 -0.00633227 -0.0459909 0.0472849
5.03 -0.000794167 0.000809912 -0.0391511 0.0391591
5.04 0.018728 0.0515339 -0.00673158 0.0199011
5.05 0.00257948 0.0480307 -0.000481379 0.00262401
5.06 -0.00941995 0.0642973 -0.0394071 0.0405173
5.07 -0.000809793 0.0277096 -0.000207523 0.000835961
5.08 -0.000459626 0.0681124 0.00570842 0.00572689
