0 0.0128962 -0.0296962 0.025099 0.0282183
0.01 0.00839929 -0.0138201 0.0317061 0.0327997
0.02 0.00662357 -0.0664354 0.0644374 0.064777
0.03 -0.00160333 -0.0881935 0.0190921 0.0191593
0.04 0.00431968 -0.0158065 -0.000242786 0.0043265
0.05 0.00642144 -0.092683 0.0124433 0.0140026
0.06 -0.00116241 -0.0886828 0.0195794 0.0196139
0.07 0.00508383 -0.0385446 0.0383631 0.0386985
0.08 0.00780173 0.0176456 0.0772242 0.0776173
0.09 -0.0101011 -0.00738671 0.0458856 0.0469843
0.1 -0.00545707 -0.0545492 0.0321304 0.0325905
0.11 0.00399188 0.0160324 -0.00692188 0.00799046
0.12 0.00296025 0.0434188 0.0316874 0.0318253
0.13 0.000895427 -0.0629348 0.0319223 0.0319349
0.14 0.00538902 0.00148525 0.0515955 0.0518761
0.15 0.00327604 -0.220542 -0.0197421 0.0200121
0.16 -0.00980597 -0.0075639 0.0328866 0.0343174
0.17 0.00825981 -0.000638309 0.0318339 0.032888
0.18 -0.0171325 -0.199116 0.00522212 0.0179107
0.19 0.000936248 0.0750872 0.0523046 0.052313
0.2 -0.00609376 -0.0410548 0.0326148 0.0331792
0.21 0.000181864 -0.00872342 0.0191687 0.0191695
0.22 0.00158994 -0.0096087 0.0322514 0.0322906
0.23 0.00456662 0.0106529 0.0706884 0.0708358
0.24 -0.00270575 -0.0246584 0.0380424 0.0381385
0.25 -0.0057187 -0.0502052 0.0195773 0.0203955
0.26 -0.00147678 -0.0878288 0.00591435 0.00609594
0.27 0.00218949 -0.0682828 0.0452177 0.0452707
0.28 0.00102792 0.111179 0.0712003 0.0712078
0.29 -0.0149799 0.00933764 -0.000230786 0.0149817
0.3 -0.0111492 0.104895 0.0198419 0.0227597
0.31 0.00052246 -0.0181163 0.0259825 0.0259878
0.32 0.00924475 0.0209278 0.0647542 0.0654108
0.33 0.00912342 -0.0320522 0.0451919 0.0461036
0.34 -0.0046278 -0.00126049 -0.0132666 0.0140506
0.35 -0.0060808 -0.0319616 0.0393261 0.0397934
0.36 -0.0122105 0.0476761 0.000269483 0.0122135
0.37 -0.00630631 -0.0316211 0.00656234 0.00910131
0.38 -0.00537014 -0.0723379 0.0253104 0.0258739
0.39 -0.0136364 -0.138953 -0.000523423 0.0136464
0.4 0.00517857 -0.105208 -0.014075 0.0149974
0.41 0.00190354 -0.0986072 0.0310387 0.031097
0.42 -0.00549367 -0.0277462 0.0197496 0.0204994
0.43 -0.00639233 -0.103093 -0.00707561 0.00953552
0.44 -0.0104086 -0.029658 0.000183029 0.0104102
0.45 0.00786235 0.00432981 0.0255039 0.0266883
0.46 0.0048517 0.00644403 0.0257182 0.0261718
0.47 0.00478247 -0.0204464 0.0512064 0.0514293
0.48 0.0130657 -0.0209497 0.0255164 0.028667
0.49 0.00749307 -0.20487 0.0312408 0.0321268
0.5 -0.00216837 -0.0787797 0.0320211 0.0320944
0.51 0.0134847 0.000741781 0.071127 0.072394
0.52 0.0108041 -0.274266 0.0114237 0.0157235
0.53 -0.00247827 -0.0518652 0.0516461 0.0517055
0.54 0.00379333 0.00247233 0.00608983 0.00717464
0.55 0.00819758 0.0662878 0.0392821 0.0401284
0.56 -0.00190396 -0.0832661 -0.012882 0.013022
0.57 0.00422619 -0.0560033 0.0379545 0.0381891
0.58 -0.0025742 -0.0206925 0.0131017 0.0133522
0.59 -0.0252458 -0.0737397 0.0123801 0.0281179
0.6 0.00443348 -0.0341447 0.0321361 0.0324405
0.61 -0.00751126 0.10235 0.0262856 0.0273377
0.62 -0.00588263 -0.121016 0.0124336 0.013755
0.63 0.000476334 0.0178056 0.0515833 0.0515855
0.64 0.0102679 -0.0948913 0.0249866 0.0270141
0.65 -0.00236092 -0.0345345 0.0650471 0.0650899
0.66 0.000439299 0.00877779 0.0258652 0.025869
0.67 -0.00934844 -0.043285 0.0260279 0.0276558
0.68 -0.00581157 -0.0544101 0.0448589 0.0452338
0.69 0.00902165 -0.0497596 0.0310876 0.0323702
0.7 0.00636792 -0.030669 0.0325471 0.0331642
0.71 -0.00309712 -0.0201753 -0.00666365 0.00734822
0.72 0.00869742 -0.0540542 -0.0201294 0.0219281
0.73 -0.0047467 0.118716 0.0201088 0.0206615
0.74 0.00902791 -0.0450408 0.0249041 0.0264899
0.75 -0.0138611 -0.116313 0.0380195 0.0404674
0.76 -0.00647827 -0.0496332 0.0393352 0.0398651
0.77 -0.00515969 -0.121507 0.0185885 0.0192914
0.78 -0.00665431 -0.000219432 0.0262065 0.0270382
0.79 -0.0100608 -0.00778865 0.013912 0.0171686
0.8 -0.019518 0.0161871 0.0392263 0.0438138
0.81 0.00313382 -0.0240465 -0.0261299 0.0263171
0.82 0.0161001 -0.0136807 0.0182946 0.0243701
0.83 -0.018018 -0.0469721 0.057684 0.0604326
0.84 0.00420093 -0.00234734 -0.000185198 0.00420501
0.85 -0.0112932 0.0785045 0.01951 0.0225427
0.86 -0.0070816 0.0535061 0.0393119 0.0399446
0.87 -0.0029558 -0.0654444 0.025562 0.0257323
0.88 0.0134697 -0.0614383 0.0382186 0.0405228
0.89 0.0249565 -0.0368196 0.0573549 0.0625493
0.9 -0.00380793 0.00682911 0.0390684 0.0392536
0.91 0.000619555 -0.0448842 -0.0199342 0.0199438
0.92 -0.000243974 0.134101 0.0204175 0.0204189
0.93 0.00495029 -0.0738936 -0.0262042 0.0266677
0.94 -0.00256525 -0.0604594 0.0191138 0.0192852
0.95 0.0079159 0.115775 0.0130079 0.0152272
0.96 -0.0173303 -0.127661 0.0383318 0.0420674
0.97 -0.00596216 -0.0452805 0.0381541 0.0386171
0.98 -0.00447708 -0.24697 0.0251508 0.0255461
0.99 0.0178629 -0.023973 -0.00673086 0.0190889
1 -0.00195539 -0.141464 -0.00043875 0.00200401
1.01 0.003972 -0.0114331 0.0264949 0.026791
1.02 -0.0062797 0.0438804 0.0716807 0.0719553
1.03 0.0159222 -0.0496032 0.0375746 0.0408089
1.04 -0.00142153 -0.0659455 0.000325289 0.00145828
1.05 0.0100361 -0.081991 0.0446945 0.0458075
1.06 0.00978784 -0.0459337 0.0576528 0.0584778
1.07 0.00481744 -0.0162789 0.0256543 0.0261027
1.08 0.00817528 0.012904 0.0382939 0.0391568
1.09 0.00950228 0.00779933 0.0317386 0.0331305
1.1 0.0048685 -0.0966861 0.0122486 0.0131806
1.11 -0.00636905 -0.0272488 0.0389663 0.0394834
1.12 -0.00783075 -0.0215231 -0.00682285 0.0103861
1.13 0.0016276 -0.0499268 0.018895 0.018965
1.14 0.00663706 0.000737227 -0.0266176 0.0274326
1.15 0.0197243 -0.0161926 0.0445192 0.048693
1.16 -0.00169235 -0.106073 0.0448893 0.0449212
1.17 -0.0113539 0.0159518 -0.0060826 0.0128806
1.18 -0.00334465 0.00645434 0.00717102 0.00791266
1.19 0.00746529 0.0801445 0.0129021 0.0149062
1.2 -0.000422847 0.125206 0.0326045 0.0326073
1.21 -0.0018838 0.000867609 0.0518451 0.0518793
1.22 0.00546676 -0.0698618 0.0251213 0.0257092
1.23 -0.00346257 0.0557248 0.0457044 0.0458354
1.24 -0.00615155 -0.0852356 0.0254628 0.0261953
1.25 -0.00127505 -0.0747725 0.0382327 0.0382539
1.26 0.00420041 0.0868936 0.0454113 0.0456052
1.27 0.00954553 -0.0105227 0.058488 0.0592619
1.28 0.0122648 0.0152195 0.00624545 0.0137634
1.29 0.00741812 0.0133128 0.0257366 0.0267843
1.3 0.00405219 0.0823479 0.0392222 0.039431
1.31 -0.0064836 -0.0541914 0.0192651 0.0203269
1.32 -0.00976601 -0.0384527 0.0186544 0.0210562
1.33 -0.00341113 -0.0378741 0.0126228 0.0130756
1.34 0.00558593 -0.0701298 0.0447394 0.0450868
1.35 -5.71194e-05 -0.0668191 -0.00081341 0.000815413
1.36 -0.0207051 -0.148016 0.0188253 0.0279838
1.37 0.00333565 -0.108987 0.0640039 0.0640908
1.38 -0.0253321 -0.0425988 0.0126229 0.0283029
1.39 0.000254654 -0.0623098 0.0187918 0.0187935
1.4 0.0134083 -0.0518652 0.0442482 0.0462351
1.41 0.00532493 -0.0297939 0.0192706 0.0199928
1.42 0.00817387 -0.0268306 0.00551891 0.00986258
1.43 -0.00634637 -0.053838 0.019736 0.0207313
1.44 0.00966869 -0.032455 0.0325718 0.0339766
1.45 -0.0138575 -0.103284 0.0253808 0.0289174
1.46 0.00503326 -0.0473782 0.00617171 0.0079639
1.47 -0.00259149 -0.0296037 0.0135663 0.0138116
1.48 -0.0109199 0.029299 0.0262042 0.0283885
1.49 -0.01372 -0.0669596 0.0380744 0.040471
1.5 -0.00186408 -0.0253985 0.0386763 0.0387211
1.51 0.00119417 0.0751499 0.0389647 0.038983
1.52 -0.000106747 0.0759624 0.0390282 0.0390283
1.53 0.00108249 0.0265461 0.0322966 0.0323147
1.54 0.00560256 0.00131643 0.0444577 0.0448093
1.55 0.00344715 -0.140173 0.0576293 0.0577323
1.56 0.00616302 -0.0662031 0.0388818 0.0393672
1.57 0.00319533 -0.0462782 0.0518147 0.0519132
1.58 -0.00291372 -0.00251502 0.0518572 0.051939
1.59 0.00406808 0.00169685 0.0456677 0.0458485
1.6 0.00202382 -0.174764 -0.00151623 0.0025288
1.61 -0.00892902 -0.226638 -0.00751382 0.0116698
1.62 0.0120575 -0.029279 0.018403 0.0220012
1.63 -0.0102946 0.0238271 0.0329828 0.0345521
1.64 0.00108939 -0.014338 0.0327293 0.0327474
1.65 -0.00466496 0.0253623 0.0257441 0.0261634
1.66 0.00731034 0.0268811 0.0634676 0.0638872
1.67 0.00231404 -0.0727784 -0.0192327 0.0193714
1.68 0.00152739 -0.032719 -0.0639848 0.064003
1.69 0.0353111 -0.0485809 -0.134504 0.139062
1.7 0.0472021 -0.0328998 -0.403624 0.406374
1.71 0.0689751 0.00801887 -0.584834 0.588888
1.72 0.102773 -0.0717068 -0.523122 0.533122
1.73 0.152334 -0.054075 -0.395665 0.423977
1.74 0.146521 -0.0735859 -0.229485 0.272272
1.75 0.142211 -0.0841743 -0.254946 0.291927
1.76 0.114852 -0.0663333 -0.313002 0.333409
1.77 0.065982 -0.0882444 -0.595246 0.598891
1.78 0.0451706 -0.327632 -0.853476 0.85467
1.79 0.05258 0.0158381 -1.04483 1.04616
1.8 0.0809813 -0.135595 -1.09756 1.10055
1.81 0.104145 0.0276539 -1.11084 1.11571
1.82 0.151167 -0.108004 -1.19678 1.20629
1.83 0.163244 -0.105904 -1.45019 1.45935
1.84 0.15679 -0.239007 -1.74295 1.74999
1.85 0.163832 -0.215179 -2.01476 2.02141
1.86 0.152641 -0.194885 -2.24086 2.24606
1.87 0.178803 -0.23312 -2.47496 2.48141
1.88 0.210712 -0.145992 -2.64444 2.65282
1.89 0.281049 -0.313336 -2.94577 2.95915
1.9 0.290111 -0.266024 -2.87544 2.89004
1.91 0.330648 -0.207759 -2.74699 2.76682
1.92 0.450431 -0.385716 -3.89646 3.92241
1.93 0.435555 -0.381121 -4.24403 4.26632
1.94 0.504955 -0.375814 -4.20689 4.23709
1.95 0.587999 -0.311561 -4.15065 4.19209
1.96 0.646962 -0.263718 -4.04214 4.09359
1.97 0.654429 -0.339597 -4.07538 4.12759
1.98 0.637886 -0.396175 -4.14511 4.1939
1.99 0.598392 -0.303075 -4.27802 4.31967
2 0.558625 -0.292072 -4.46888 4.50366
2.01 0.548992 -0.276771 -4.59162 4.62432
2.02 0.552695 -0.346043 -4.72773 4.75992
2.03 0.605789 -0.365396 -4.69126 4.73021
2.04 0.62771 -0.356124 -4.77683 4.8179
2.05 0.637945 -0.321992 -4.91368 4.95492
2.06 0.672321 -0.359938 -5.09587 5.14003
2.07 0.664322 -0.274272 -5.30336 5.3448
2.08 0.701838 -0.483686 -5.51942 5.56387
2.09 0.697393 -0.534342 -5.66184 5.70462
2.1 0.705143 -0.551942 -5.86371 5.90595
2.11 0.712136 -0.645588 -6.05737 6.09909
2.12 0.750683 -0.520916 -6.23343 6.27847
2.13 0.774614 -0.552821 -6.53235 6.57812
2.14 0.792391 -0.625817 -6.74035 6.78676
2.15 0.834862 -0.549255 -6.94796 6.99794
2.16 0.849203 -0.593136 -7.16292 7.21308
2.17 0.862268 -0.697632 -7.4874 7.53688
2.18 0.845256 -0.655061 -7.80472 7.85036
2.19 0.849138 -0.670369 -8.12185 8.16612
2.2 0.840639 -0.750355 -8.37599 8.41807
2.21 0.846046 -0.798943 -8.51922 8.56112
2.22 0.8743 -0.780868 -8.43591 8.4811
2.23 0.725813 -0.494145 -5.93539 5.97961
2.24 0.74516 -0.273849 -4.85933 4.91613
2.25 0.727732 -0.483399 -7.61787 7.65255
2.26 0.536109 -1.18278 -13.6465 13.657
2.27 1.07924 -1.08989 -11.1969 11.2488
2.28 1.36496 -0.485483 -8.50864 8.61743
2.29 1.50044 -0.635449 -7.87884 8.02044
2.3 1.51584 -0.993193 -7.66355 7.81203
2.31 1.40028 -1.12038 -7.56933 7.69776
2.32 1.1584 -1.12224 -7.46872 7.55802
2.33 0.951117 -0.918268 -7.40249 7.46335
2.34 0.849446 -0.829066 -7.13765 7.18802
2.35 0.799382 -0.844657 -6.78281 6.82975
2.36 0.827709 -0.684139 -6.43385 6.48687
2.37 0.826332 -0.729079 -6.22019 6.27484
2.38 0.827638 -0.877317 -6.1687 6.22397
2.39 0.796437 -0.970032 -6.1053 6.15703
2.4 0.713081 -0.888307 -5.92533 5.96809
2.41 0.613886 -0.894566 -5.65923 5.69243
2.42 0.493963 -0.661043 -5.29938 5.32235
2.43 0.385285 -0.625802 -4.90503 4.92014
2.44 0.290057 -0.509393 -4.70622 4.71515
2.45 0.205229 -0.506962 -4.58065 4.58525
2.46 0.16025 -0.462234 -4.34556 4.34852
2.47 0.134311 -0.389809 -4.01956 4.0218
2.48 0.126652 -0.333055 -3.53924 3.54151
2.49 0.0863733 -0.295524 -3.04499 3.04622
2.5 0.0532431 -0.19101 -2.77825 2.77876
2.51 0.0144315 -0.336963 -2.48717 2.48721
2.52 -0.0091669 -0.175561 -2.007 2.00702
2.53 -0.0500312 -0.30784 -1.46885 1.4697
2.54 -0.0456766 -0.0828879 -0.871625 0.872821
2.55 -0.0843731 0.0435932 -0.396649 0.405523
2.56 -0.113857 -0.0535787 -0.104519 0.154556
2.57 -0.102211 0.0458355 0.0262541 0.105529
2.58 0.00388088 0.0338865 -0.0191087 0.0194988
2.59 0.0123959 -0.0157095 0.0249392 0.02785
2.6 -0.00106869 -0.142173 0.0705238 0.0705319
2.61 -0.0105717 -0.064657 0.0315151 0.033241
2.62 -0.0110573 -0.0109492 0.0192113 0.0221662
2.63 0.000698979 -0.0313979 0.0250804 0.0250902
2.64 0.00573489 -0.0614997 0.0189741 0.0198219
2.65 -0.0156413 0.112278 0.0257289 0.0301102
2.66 -0.010362 -0.024405 0.0189975 0.0216397
2.67 -0.00613718 -0.0360659 -0.0126992 0.0141044
2.68 0.00445306 -0.033546 -0.0204407 0.0209202
2.69 -0.00633286 -0.0540322 0.0262086 0.0269629
2.7 0.00539817 -0.123458 0.00519587 0.00749248
2.71 0.00952532 -0.0987629 -0.00771102 0.0122553
2.72 0.00494336 -0.0519062 0.0253924 0.0258691
2.73 -0.00979471 -0.123239 0.0118642 0.0153849
2.74 -0.00662836 0.00883939 0.0131375 0.0147149
2.75 0.00722004 0.0450125 0.0512098 0.0517163
2.76 -0.00726636 -0.00423058 0.0256612 0.0266701
2.77 0.00710225 0.00506163 0.0190088 0.0202922
2.78 -0.00947326 -0.177052 0.0118663 0.0151839
2.79 0.00511243 -0.0563509 0.00613332 0.00798465
2.8 0.00475119 -0.0208526 0.0387426 0.0390328
2.81 -0.00582296 -0.0809213 -0.00702743 0.00912642
2.82 0.0196421 -0.00689674 0.0506185 0.0542959
2.83 0.00154118 -0.036041 0.00627723 0.00646366
2.84 -0.00167471 -0.0653969 0.00601033 0.00623929
2.85 0.00518372 -0.04724 0.0382544 0.038604
2.86 0.000670008 -0.0759454 0.00573519 0.00577419
2.87 0.00851033 0.00417634 0.0320915 0.0332008
2.88 -0.00662913 -0.0178848 0.0514304 0.0518559
2.89 0.00200802 -0.0450902 0.0250519 0.0251323
2.9 0.000580354 0.0354916 0.0322587 0.032264
2.91 0.00634773 -0.141891 0.0503317 0.0507304
2.92 -0.0140744 -0.0760884 0.0254257 0.0290612
2.93 -0.00425585 0.00292314 0.0508248 0.0510027
2.94 0.000247444 0.102527 0.0131453 0.0131476
2.95 0.00337797 0.0161078 0.0191464 0.0194421
2.96 -0.00525927 0.0928178 -0.000220955 0.00526391
2.97 -0.0225265 -0.0483394 0.037782 0.0439877
2.98 -0.00818295 0.0768016 0.0708179 0.071289
2.99 -0.00643979 -0.0578831 0.0187639 0.0198382
3 0.000147446 -0.0221784 0.0444821 0.0444823
3.01 -0.00799412 0.0809663 0.0198942 0.0214402
3.02 0.00448901 -0.0204319 0.031891 0.0322054
3.03 0.0100731 -0.0503234 0.0640741 0.0648611
3.04 0.0050907 -0.0113693 0.0186651 0.0193469
3.05 -0.0132938 -0.166125 0.0638992 0.0652674
3.06 -0.00772352 0.0182988 0.0128441 0.0149874
3.07 0.00218472 -0.050361 0.045062 0.045115
3.08 0.00126584 -0.0675145 0.0253065 0.0253381
3.09 0.00542866 -0.0562704 0.0182026 0.0189949
3.1 0.0114808 0.0734915 0.00618633 0.0130414
3.11 0.0159704 0.0664118 0.0315001 0.0353173
3.12 0.00106627 -0.0358156 0.0507797 0.0507909
3.13 0.000667539 -0.045176 0.044333 0.044338
3.14 0.00789362 0.00473603 0.0379678 0.0387796
3.15 0.00101379 -0.0669454 0.00584982 0.00593702
3.16 0.00387097 0.0561969 0.0385487 0.0387426
3.17 0.00665805 0.0234735 0.0183658 0.0195354
3.18 0.0022241 -0.148173 0.0314014 0.0314801
3.19 -0.0137577 -0.111979 0.0252721 0.0287741
3.2 -0.00391839 0.0689663 0.0326486 0.0328829
3.21 0.00132282 -0.0673365 0.024462 0.0244978
3.22 -0.00292979 -0.0778877 -0.000727649 0.0030188
3.23 -0.000457384 0.00100665 -0.000898474 0.00100819
3.24 0.0116975 -0.00209177 0.0574674 0.0586459
3.25 -0.00863529 -0.204194 0.0568553 0.0575073
3.26 -0.00383776 -0.0108548 -0.0196849 0.0200555
3.27 0.00288546 0.101232 0.0575629 0.0576351
3.28 0.00297062 0.136892 0.0327244 0.0328589
3.29 -0.00310592 0.00215574 0.0258559 0.0260417
3.3 -0.00222496 -0.0698732 0.0510662 0.0511147
3.31 -0.00328883 0.0334985 0.0254872 0.0256985
3.32 -0.00335326 0.0113261 0.0447926 0.044918
3.33 0.00559786 -0.11022 0.0446907 0.0450399
3.34 -0.00254799 -0.0559562 0.0445428 0.0446156
3.35 0.00768714 0.080126 0.0517273 0.0522954
3.36 -0.0107833 -0.0381071 0.0194377 0.0222284
3.37 -0.0140172 -0.0534109 0.0193571 0.0238993
3.38 -0.00286941 -0.051306 0.0126415 0.012963
3.39 0.0156899 0.0046531 0.0503069 0.0526969
3.4 -0.000556169 0.0896759 0.0194288 0.0194368
3.41 -0.00169313 -0.0392911 0.0454321 0.0454637
3.42 0.00239746 -0.157207 0.03086 0.030953
3.43 0.0134697 -0.0614383 0.0382186 0.0405228
3.44 0.0126891 -0.0381829 -0.000798364 0.0127142
3.45 -0.0151243 0.0629198 0.0196565 0.0248016
3.46 0.00904086 -0.0585872 0.0379546 0.0390165
3.47 -0.0118563 0.110214 0.0451775 0.0467074
3.48 -0.0100081 -0.060536 0.0191854 0.0216389
3.49 0.00952079 -0.0810217 0.0435255 0.0445546
3.5 -0.004512 -0.0106535 0.0384274 0.0386914
3.51 -0.0057709 -0.157425 -0.000994846 0.00585602
3.52 0.000831156 -0.0849462 0.0249741 0.024988
3.53 -0.0224272 -0.0221606 0.0191781 0.029509
3.54 0.014094 -0.061546 0.0509374 0.0528513
3.55 0.00638247 -0.0751861 0.0835299 0.0837733
3.56 -0.00645148 -0.0179738 0.0702048 0.0705006
3.57 0.00134054 -0.0988047 0.0376681 0.037692
3.58 0.0104813 -0.144384 0.0122032 0.0160865
3.59 0.00735726 0.0135985 0.0315276 0.0323746
3.6 0.00771357 -0.0041393 0.0250163 0.0261785
3.61 -0.0109361 -0.0286548 0.0187937 0.021744
3.62 0.000463143 -0.0846129 0.03123 0.0312334
3.63 -0.00485494 0.0523502 -0.0126573 0.0135564
3.64 -0.0186847 -0.0421952 0.0521604 0.055406
3.65 -0.0025467 -0.0293917 0.0325028 0.0326024
3.66 -0.0138521 -0.0361913 0.0456337 0.0476898
3.67 -0.00940094 -0.118758 0.0507474 0.0516108
3.68 0.00923923 -0.0275913 -0.0135894 0.0164328
3.69 -0.0265898 -0.0415752 0.0316222 0.0413156
3.7 0.0096709 -0.0500733 0.0639276 0.0646549
3.71 0.00288986 -0.224913 0.037618 0.0377288
3.72 -0.00932843 -0.194804 0.00531686 0.0107373
3.73 -0.00619649 -0.0761797 0.0319036 0.0324997
3.74 -0.000699761 -0.146753 0.0639079 0.0639118
3.75 3.60065e-05 -0.0401552 0.0189581 0.0189581
3.76 -0.00174187 -0.0657233 0.0194586 0.0195364
3.77 -0.0100352 -0.105427 0.0189172 0.0214142
3.78 -0.0109317 -0.0333849 0.0386258 0.0401429
3.79 -0.00789987 -0.0617644 0.0252427 0.02645
3.8 0.000303849 0.0266779 0.0198103 0.0198126
3.81 -0.00889121 -0.190886 -0.0200887 0.0219684
3.82 0.0128827 -0.0521417 0.0249649 0.0280929
3.83 -0.00648017 -0.00925462 0.0256651 0.0264706
3.84 0.0097948 -0.0679212 0.00605689 0.0115162
3.85 -0.00283868 -0.0696366 0.0508816 0.0509607
3.86 -0.00570814 -0.0500763 0.0321115 0.0326149
3.87 0.0122883 0.00180182 0.0318301 0.0341197
3.88 -0.00684701 0.0177832 0.0187665 0.0199766
3.89 0.00872993 -0.0140746 0.0513623 0.052099
3.9 0.00106808 -0.125217 0.0314362 0.0314543
3.91 -0.0103547 -0.0784807 -0.000245563 0.0103576
3.92 -0.00160529 -0.061327 0.0382521 0.0382858
3.93 0.00835911 -0.022686 0.0383025 0.039204
3.94 0.0083181 0.0928855 0.0194929 0.0211935
3.95 0.007933 0.0709548 0.0327906 0.0337365
3.96 0.0178648 0.253279 0.0513051 0.0543264
3.97 -0.00194617 -0.163814 -0.00781903 0.00805759
3.98 -0.0148916 -0.0486697 -0.0196336 0.0246422
3.99 0.00169505 -0.076304 0.0186005 0.0186776
4 0.00620726 -0.155252 0.037361 0.0378731
4.01 0.00838491 -0.0494372 -0.013243 0.0156743
4.02 0.00466804 -0.0607399 0.0380825 0.0383675
4.03 0.00383295 0.0779393 0.0514285 0.0515711
4.04 -0.0104377 -0.0159151 0.0392281 0.0405929
4.05 0.000542676 0.0622742 0.0450165 0.0450197
4.06 -0.00196373 -0.0874083 0.0439436 0.0439874
4.07 -0.00294231 -0.05115 0.00589828 0.00659143
4.08 -0.0113742 -0.0910233 0.012062 0.016579
4.09 0.0011654 -0.0495317 0.0256538 0.0256803
4.1 -0.00333514 -0.0425999 0.0129445 0.0133673
4.11 -0.010517 -0.0068021 0.038152 0.039575
4.12 0.00193908 -0.00517831 0.0259445 0.0260169
4.13 0.00125763 -0.0227271 0.0443109 0.0443287
4.14 0.00258302 -0.16217 0.0120127 0.0122873
4.15 0.00778499 -0.00429609 0.0317594 0.0326997
4.16 0.0126581 -0.0387699 0.0381299 0.0401761
4.17 0.0053056 -0.0608611 0.00588169 0.00792109
4.18 -0.0224184 -0.10623 0.0445619 0.0498833
4.19 -0.00110597 -0.267166 0.0375028 0.0375191
4.2 -0.00192908 -0.145936 0.0444616 0.0445034
4.21 0.00912342 -0.045263 0.0506547 0.0514698
4.22 -0.00813396 -0.00846592 0.00614189 0.0101924
4.23 -0.0109101 -0.032947 0.0123019 0.0164428
4.24 -0.00389129 0.113857 0.0329168 0.033146
4.25 0.00479814 -0.0247063 0.00592686 0.00762561
4.26 0.00945086 -0.0676533 0.0313195 0.0327144
4.27 -0.00204235 -0.0745122 0.0382805 0.0383349
4.28 -0.00454815 -0.117678 0.0705248 0.0706713
4.29 0.00154407 -0.00984118 0.0384535 0.0384845
4.3 -0.00703054 0.111683 0.0520096 0.0524826
4.31 0.00654465 0.0323632 0.0120018 0.0136702
4.32 0.000419968 -0.0222894 0.0124763 0.0124834
4.33 0.00703599 0.0807831 -0.000190309 0.00703857
4.34 0.0171898 -0.0412105 0.0313481 0.0357518
4.35 0.00114781 -0.143477 0.0311591 0.0311802
4.36 0.0161768 -0.0184072 0.0186162 0.0246628
4.37 -0.000535488 0.0673135 0.0256971 0.0257027
4.38 0.00252567 -0.0729456 0.0321995 0.0322984
4.39 -0.00257277 -0.0250995 0.0389947 0.0390794
4.4 -0.0103383 -0.0470904 0.0192049 0.0218108
4.41 0.0212101 -0.0657853 0.0247886 0.0326243
4.42 -0.00299356 -0.0559171 0.0254591 0.0256345
4.43 0.0028337 0.0430541 0.0448651 0.0449545
4.44 0.00258539 -0.0905069 0.0386872 0.0387735
4.45 -0.0124247 -0.25097 0.011569 0.0169768
4.46 -0.00660937 -0.00927528 0.0197658 0.0208416
4.47 0.000417417 -0.00877514 0.0382136 0.0382159
4.48 0.00496762 -0.0385997 0.0126834 0.0136215
4.49 -0.00936553 -0.0787597 0.0385325 0.0396543
4.5 0.0132477 -0.0295121 0.0184314 0.0226985
4.51 0.00477446 -0.0340895 0.012935 0.013788
4.52 -0.00198641 -0.0476083 0.0577111 0.0577453
