0 -0.00496554 0.04346 0.0385874 0.0389056
0.01 0.011807 0.0111858 0.00546836 0.0130119
0.02 0.0070644 0.0401759 0.000172072 0.00706649
0.03 -0.000434708 0.0534347 -0.0317433 0.0317463
0.04 0.00403457 0.00195508 -0.0383798 0.0385913
0.05 0.00551672 0.0635108 0.0125951 0.0137503
0.06 8.33524e-05 -0.0402468 0.00669445 0.00669497
0.07 -0.0102916 -0.181398 0.00522198 0.0115407
0.08 -0.00421902 0.0338353 -0.0381589 0.0383914
0.09 0.0039705 -0.0428766 0.0124027 0.0130227
0.1 -0.00863918 0.0317741 -0.0257674 0.0271771
0.11 -0.0122492 0.0829526 0.0137479 0.0184132
0.12 0.0113751 -0.00672999 0.0253281 0.0277652
0.13 0.0176016 0.0605873 -0.0194882 0.0262604
0.14 0.0109848 0.0469362 -0.0126173 0.0167291
0.15 0.00414779 -0.0203064 -0.000300101 0.00415863
0.16 0.0112184 0.0511113 0.0319269 0.0338405
0.17 -0.00595086 0.101867 0.0258858 0.026561
0.18 0.0107919 0.0380549 0.0444887 0.0457789
0.19 0.00130554 -0.103908 0.00624856 0.00638349
0.2 0.00347763 0.0649069 0.019342 0.0196521
0.21 -0.000257009 -0.00430997 0.0129798 0.0129824
0.22 -0.00872807 0.0764292 0.000212667 0.00873067
0.23 0.0022963 0.0962393 -0.00608528 0.00650413
0.24 -0.00232706 0.0861639 0.032434 0.0325173
0.25 0.0071 4.01917e-05 -0.00600846 0.00930116
0.26 0.00607896 0.13049 0.00650911 0.00890631
0.27 -0.00520393 0.0119273 0.00656534 0.00837762
0.28 -0.001862 0.0455507 0.0130923 0.013224
0.29 0.0070447 0.075871 0.0124652 0.0143181
0.3 0.00226767 0.0435213 -0.0200897 0.0202173
0.31 0.00967506 0.136839 -0.012921 0.0161418
0.32 0.00793198 0.0217716 0.0260305 0.0272122
0.33 -0.00367079 -0.0603966 -0.0190903 0.0194401
0.34 0.00553775 0.0546815 -0.039106 0.0394962
0.35 -0.00216451 -0.168363 0.00550164 0.00591211
0.36 -0.0230635 -0.0537654 -0.0190527 0.0299153
0.37 0.00770852 -0.0181055 -0.0193167 0.020798
0.38 0.00466284 -0.0560093 0.0182504 0.0188367
0.39 0.00641194 0.174216 0.000732957 0.0064537
0.4 0.00522804 0.0682432 -0.0129039 0.0139228
0.41 0.00388361 -0.00244821 0.0128841 0.0134567
0.42 -0.00592985 0.0703977 -0.0194762 0.0203589
0.43 0.00687702 0.0627367 0.0128022 0.0145324
0.44 0.0132182 0.0677347 -0.0327708 0.0353362
0.45 0.0151955 0.0179936 0.0380247 0.0409485
0.46 -0.0124475 0.0921934 -0.00583254 0.0137463
0.47 -0.0252862 0.198118 -0.00585465 0.0259551
0.48 -0.00787129 -0.04864 0.00535775 0.00952169
0.49 -0.00244828 0.0910005 -0.0393307 0.0394069
0.5 -0.000449736 0.0228203 0.0320315 0.0320347
0.51 0.00341752 -0.0110183 0.0254658 0.0256941
0.52 0.014504 0.0672793 -0.00699177 0.0161013
0.53 0.00714877 0.0359015 0.0190894 0.0203841
0.54 -0.0067708 -0.0720979 0.000105305 0.00677162
0.55 0.000270371 0.0133836 0.0188701 0.018872
0.56 0.0212163 0.0939189 0.00642444 0.0221676
0.57 0.0167885 -0.0238459 0.0451758 0.0481945
0.58 -0.00136586 0.0854778 0.000180087 0.00137768
0.59 -0.00109896 -0.0260288 -0.0327077 0.0327262
0.6 -0.000126326 0.035647 -0.0248766 0.0248769
0.61 0.0155024 0.00869783 -0.0129561 0.0202036
0.62 0.0103418 0.0066893 -0.038963 0.0403122
0.63 -0.00108797 -0.0127087 -0.000497144 0.00119618
0.64 -0.00466402 0.016094 0.000366818 0.00467843
0.65 -0.00257795 0.0907978 0.00616208 0.0066796
0.66 -0.00463515 0.00753582 0.0186535 0.0192208
0.67 0.0234895 0.00835117 -0.000508505 0.023495
0.68 0.0181726 0.145294 -0.0192572 0.026478
0.69 0.00668524 0.027028 0.000470949 0.00670181
0.7 -0.00819554 0.00943888 -0.0194229 0.0210812
0.71 0.00411833 -0.0383113 -0.00654681 0.00773442
0.72 0.00331888 0.0696612 -0.000257012 0.00332882
0.73 -0.00201795 0.0592498 0.012809 0.012967
0.74 0.0152984 0.00897508 0.0318545 0.0353376
0.75 -0.00769385 -0.0221269 -0.0381851 0.0389525
0.76 0.00422715 -0.0159073 -0.0320543 0.0323318
0.77 0.0226636 0.0177005 0.0257604 0.0343108
0.78 -0.00682314 -0.14741 -0.0014288 0.00697114
0.79 0.00322743 0.118402 0.0523367 0.0524361
0.8 0.00363539 0.0336091 0.0258424 0.0260968
0.81 0.00462562 -0.0746273 0.0196616 0.0201984
0.82 0.00619727 0.0812003 -0.0068857 0.00926386
0.83 0.0221256 0.031112 -0.00768714 0.0234229
0.84 5.98631e-05 -0.0400399 -0.0134267 0.0134268
0.85 -0.00160499 0.0498606 0.000112432 0.00160892
0.86 -0.0153556 -0.0533156 -0.0127534 0.0199611
0.87 -0.00460553 0.0294836 -0.00593983 0.00751615
0.88 0.00370552 -0.0514008 -0.0137646 0.0142547
0.89 0.00654521 0.0362866 0.00630031 0.0090848
0.9 0.0150974 0.0799565 0.0129395 0.0198838
0.91 0.00682211 0.0718052 0.00559443 0.00882263
0.92 -0.0085218 0.0717445 -0.0187049 0.0205547
0.93 0.00664801 -0.00858245 0.0119315 0.0136586
0.94 0.00265719 -0.0101056 -0.0324215 0.0325302
0.95 -0.011253 -0.180531 -0.0139157 0.0178963
0.96 -0.00620991 0.0218303 0.0190064 0.0199951
0.97 0.00236196 0.0874608 -0.0125963 0.0128158
0.98 -0.00430535 -0.0285298 -0.000165974 0.00430855
0.99 -0.000627574 0.00953755 0.0449729 0.0449773
1 0.00531639 0.0901892 0.0130511 0.0140924
1.01 0.0154418 0.0223554 -0.0388809 0.041835
1.02 -0.0150905 -0.0446303 -0.0128391 0.0198132
1.03 -0.00398886 0.0157133 -0.00635388 0.00750218
1.04 0.00757507 -0.0443674 -0.00711452 0.0103922
1.05 0.00675365 0.0848498 -0.0126731 0.0143603
1.06 0.0148199 -0.00442297 -0.0456212 0.0479679
1.07 0.00691857 0.0313838 -0.00637707 0.00940924
1.08 -0.00339138 0.247211 -0.0442324 0.0443622
1.09 -0.00324979 0.0238108 0.0518424 0.0519441
1.1 -0.00389554 -0.037757 0.0194519 0.0198382
1.11 -0.023735 -0.00828679 -0.0321849 0.0399903
1.12 -0.001788 0.0413085 -0.00677755 0.00700943
1.13 0.0152808 0.0311755 -0.00672827 0.0166965
1.14 0.00460379 0.0777799 -0.0264984 0.0268953
1.15 0.00802367 -0.0139388 0.0193662 0.0209626
1.16 -0.00924966 0.0767863 0.00670093 0.0114219
1.17 0.00240135 0.0122888 -0.0325961 0.0326844
1.18 0.00641368 -0.0394817 0.00568094 0.00856787
1.19 0.0106315 0.0737798 -0.0130432 0.0168272
1.2 0.0058553 0.0546017 -0.000783161 0.00590744
1.21 -0.00196083 0.112858 0.0190853 0.0191857
1.22 -0.00400998 0.00224468 -0.0259594 0.0262672
1.23 0.00663512 0.0408145 -0.0129197 0.0145239
1.24 0.00573032 0.036819 -0.0327805 0.0332776
1.25 0.000593823 -0.0578668 -0.00116365 0.00130641
1.26 0.00327964 -0.0152544 -0.0195807 0.0198535
1.27 0.00327288 0.0201049 0.000299409 0.00328655
1.28 -0.000694237 0.0720678 0.00609811 0.0061375
1.29 0.00502888 -0.038905 0.032031 0.0324234
1.3 -0.00330474 -0.0338634 -0.00618608 0.00701349
1.31 0.00170197 0.0793165 0.0321914 0.0322364
1.32 0.0116847 -0.0204529 0.0253789 0.0279396
1.33 0.00675665 0.0136603 0.012677 0.0143652
1.34 0.00444934 -0.0250328 -0.0448593 0.0450794
1.35 -0.00862828 -0.057499 -0.0325761 0.0336994
1.36 -0.000655526 0.00913046 -0.0260584 0.0260666
1.37 -0.00161212 0.0946686 -0.00602172 0.00623379
1.38 0.00997619 0.0254159 -0.0394064 0.0406496
1.39 0.00904046 0.0887527 -0.0393545 0.0403795
1.4 0.00750047 0.0268177 -0.0129548 0.0149694
1.41 -0.00442691 -0.0240155 -0.0194241 0.0199222
1.42 0.00507334 -0.163745 -0.0331048 0.0334913
1.43 0.00751776 -0.0178417 -0.0194251 0.0208291
1.44 0.00181016 0.146024 -0.0126876 0.0128161
1.45 0.00618857 0.156637 0.0266923 0.0274003
1.46 -0.00894767 0.0143849 0.0132291 0.0159709
1.47 -0.00803042 0.0360874 0.00597739 0.0100108
1.48 0.00324133 0.0476633 0.0377143 0.0378534
1.49 0.00635518 0.0406347 -0.0257625 0.0265348
1.5 0.0206812 -0.168493 -0.00119955 0.020716
1.51 -0.000337806 0.0356334 -0.0249147 0.024917
1.52 0.00571287 0.0813174 -5.66002e-05 0.00571315
1.53 0.00651016 0.0803456 0.00677935 0.00939903
1.54 0.0062406 0.00960897 -0.0135093 0.014881
1.55 0.00875351 -0.0364182 -0.0260761 0.0275061
1.56 -0.00721978 -0.0225534 -0.00615681 0.0094885
1.57 -0.00618728 0.0528966 -0.0261728 0.0268942
1.58 0.00541246 0.0460056 -0.0194725 0.0202107
1.59 0.0128027 0.0679984 0.0120022 0.0175489
1.6 0.00300279 0.0386093 0.0256067 0.0257821
1.61 -0.00538059 0.025349 0.00635237 0.00832487
1.62 0.014387 0.0310711 0.00649722 0.0157861
1.63 0.00261244 0.0696358 -0.00600019 0.00654424
1.64 0.00347502 -0.0241721 0.00606057 0.00698615
1.65 -0.00776486 -0.0219896 -0.0197897 0.0212585
1.66 0.00030562 0.0532209 0.0329088 0.0329102
1.67 -0.00648215 -0.0768302 0.0256036 0.0264115
1.68 -0.00765837 0.0137479 0.0318317 0.03274
1.69 0.0123772 -0.0428533 0.00584939 0.0136898
1.7 -0.00853372 0.0315392 0.0136311 0.016082
1.71 -0.00154133 0.0453089 0.0191 0.0191621
1.72 0.00246783 0.110188 -0.0320423 0.0321372
1.73 0.0120737 -0.0522553 -0.0262389 0.0288834
1.74 -0.0041613 0.0205007 -0.00617253 0.00744423
1.75 -0.000230754 -0.00844099 -0.019765 0.0197663
1.76 0.00326377 0.0691397 0.0196645 0.0199335
1.77 0.0144851 0.0399744 0.00017138 0.0144861
1.78 0.0106758 0.0287319 -0.00656823 0.0125345
1.79 0.00393776 0.0420543 0.0260982 0.0263936
1.8 -0.0340854 -0.00617028 -0.21913 0.221765
1.81 -0.100077 0.0207007 -0.818496 0.824592
1.82 -0.123724 0.0226675 -0.966745 0.97463
1.83 -0.058401 -0.115233 -0.828503 0.830559
1.84 0.00490201 -0.0872252 -0.586676 0.586697
1.85 0.0567986 -0.0173441 -0.36708 0.371449
1.86 0.0677974 -0.0824828 -0.412485 0.41802
1.87 0.0674005 -0.0864604 -0.496699 0.501251
1.88 0.061208 -0.0152805 -0.62581 0.628796
1.89 0.0450377 -0.107619 -0.820379 0.821614
1.9 0.0185996 -0.0197287 -1.01378 1.01395
1.91 0.0426277 -0.159783 -1.12435 1.12516
1.92 0.0563017 -0.0740172 -1.20937 1.21068
1.93 0.0715917 -0.186017 -1.28205 1.28405
1.94 0.0907922 -0.20603 -1.4376 1.44047
1.95 0.0914971 -0.116935 -1.5927 1.59533
1.96 0.0764743 -0.254182 -1.76055 1.76221
1.97 0.0760123 -0.213731 -1.77353 1.77516
1.98 0.0649566 -0.243083 -2.03887 2.03991
1.99 0.102725 -0.202923 -2.11761 2.1201
2 0.117171 -0.189706 -2.26661 2.26964
2.01 0.151316 -0.281715 -2.37825 2.38305
2.02 0.201702 -0.27271 -2.48263 2.49081
2.03 0.227821 -0.333362 -2.56845 2.57853
2.04 0.253007 -0.327057 -2.69112 2.70299
2.05 0.282994 -0.283104 -2.75629 2.77078
2.06 0.296707 -0.372337 -2.86133 2.87667
2.07 0.320891 -0.235162 -2.9141 2.93171
2.08 0.357872 -0.50306 -3.06422 3.08505
2.09 0.364181 -0.336722 -3.23153 3.25199
2.1 0.353291 -0.312028 -3.4757 3.49361
2.11 0.340476 -0.490786 -3.70915 3.72475
2.12 0.348694 -0.331086 -3.8376 3.85341
2.13 0.385943 -0.37166 -3.99422 4.01282
2.14 0.411423 -0.381982 -4.21545 4.23548
2.15 0.449175 -0.39586 -4.53999 4.56215
2.16 0.481804 -0.400689 -4.88351 4.90722
2.17 0.471415 -0.451875 -5.2913 5.31225
2.18 0.502254 -0.327795 -5.47254 5.49554
2.19 0.557004 -0.553919 -5.61124 5.63882
2.2 0.610338 -0.471063 -5.75546 5.78773
2.21 0.654503 -0.511695 -5.93255 5.96855
2.22 0.698535 -0.529529 -6.1147 6.15447
2.23 0.70315 -0.488209 -6.30894 6.348
2.24 0.736505 -0.553187 -6.45268 6.49458
2.25 0.748893 -0.547735 -6.64178 6.68387
2.26 0.796189 -0.599042 -6.81815 6.86448
2.27 0.812808 -0.667334 -7.02053 7.06743
2.28 0.829245 -0.691071 -7.22875 7.27615
2.29 0.858315 -0.690816 -7.38534 7.43505
2.3 0.849536 -0.761464 -7.52107 7.5689
2.31 0.862807 -0.689123 -7.54715 7.59631
2.32 0.742998 -0.448939 -5.74023 5.78812
2.33 0.757481 -0.370079 -4.62969 4.69125
2.34 0.820186 -0.594844 -6.63439 6.6849
2.35 0.537724 -0.346055 -10.1573 10.1715
2.36 0.873397 -0.66528 -10.3385 10.3753
2.37 0.982516 -0.621075 -8.78551 8.84027
2.38 1.25823 -0.713228 -7.79671 7.89759
2.39 1.3933 -0.8641 -7.22948 7.36251
2.4 1.39069 -1.00068 -7.19703 7.33016
2.41 1.16379 -0.983444 -7.66051 7.7484
2.42 0.933479 -0.991733 -7.89938 7.95435
2.43 0.7668 -0.598693 -7.63509 7.6735
2.44 0.691064 -0.596944 -7.22396 7.25694
2.45 0.676835 -0.610388 -7.00668 7.03929
2.46 0.672475 -0.71118 -6.91304 6.94567
2.47 0.669965 -0.723093 -6.86239 6.89502
2.48 0.700422 -0.657427 -6.7394 6.7757
2.49 0.71944 -0.665505 -6.423 6.46317
2.5 0.730041 -0.681523 -6.23516 6.27775
2.51 0.688877 -0.722965 -6.09216 6.13098
2.52 0.635424 -0.601201 -5.9658 5.99955
2.53 0.556429 -0.534908 -5.73483 5.76176
2.54 0.517083 -0.498007 -5.46596 5.49037
2.55 0.477589 -0.451675 -5.23117 5.25293
2.56 0.440081 -0.519122 -5.10617 5.1251
2.57 0.39749 -0.4261 -4.87167 4.88786
2.58 0.373504 -0.384765 -4.68275 4.69762
2.59 0.337934 -0.439016 -4.4548 4.4676
2.6 0.284021 -0.326204 -4.2465 4.25599
2.61 0.260761 -0.276335 -4.02629 4.03472
2.62 0.213953 -0.382174 -3.75366 3.75975
2.63 0.167232 -0.403351 -3.44771 3.45177
2.64 0.153362 -0.328098 -2.91446 2.91849
2.65 0.175697 -0.257871 -2.49306 2.49924
2.66 0.149703 -0.327249 -1.98648 1.99212
2.67 0.129894 -0.0735215 -1.39296 1.39901
2.68 0.0958574 0.180513 -0.800374 0.806094
2.69 0.0521099 0.159202 -0.253623 0.258921
2.7 -0.0206846 0.240534 0.147135 0.148582
2.71 -0.00260828 0.125726 0.110197 0.110228
2.72 -0.014706 0.0219354 0.0661987 0.0678125
2.73 0.0140112 0.0402203 0.0195346 0.0240399
2.74 0.0116063 -0.078262 0.0248744 0.0274489
2.75 0.0106755 -0.0421147 -0.000295227 0.0106795
2.76 -0.00157951 0.0190054 0.00566063 0.00587687
2.77 -0.00101894 0.081105 -0.0265569 0.0265765
2.78 -0.00092904 -0.017302 -0.00715113 0.00721122
2.79 0.000188996 -0.0535313 0.0253028 0.0253035
2.8 0.0151209 -0.00398548 -0.00771002 0.0169731
2.81 0.0220028 0.0089218 -0.0137909 0.0259675
2.82 0.00108678 0.110685 -0.0321797 0.0321981
2.83 0.0104953 0.038573 -0.0201568 0.0227254
2.84 0.00613181 0.0098447 0.00565966 0.00834451
2.85 0.00272958 -0.00635878 -0.00624061 0.00681145
2.86 -0.00838929 0.000596807 -0.0125941 0.0151324
2.87 -0.00971112 0.162497 0.00618968 0.011516
2.88 0.0207195 0.0277705 -0.0462685 0.0506959
2.89 0.00893844 0.124154 0.00616788 0.0108599
2.9 0.00627426 0.0189796 -0.0068689 0.00930312
2.91 -0.00907108 0.000647511 -0.000444821 0.00908198
2.92 0.0111591 0.02455 -0.00658147 0.0129553
2.93 0.00605525 0.107896 0.0189795 0.019922
2.94 -0.0062089 0.0483738 0.0321056 0.0327004
2.95 0.011773 -0.0916712 0.0114389 0.016415
2.96 0.00513055 0.0726923 -0.0131553 0.0141203
2.97 -0.000575075 0.0717999 0.0257163 0.0257227
2.98 0.0157802 -0.000267457 0.0571018 0.0592422
2.99 5.45075e-05 -0.0354704 -0.00700515 0.00700536
3 0.00944333 0.181808 -0.000427306 0.00945299
3.01 0.00343126 0.0247992 -0.00611591 0.0070127
3.02 0.0149803 0.0624452 0.0509301 0.0530875
3.03 0.0190625 -0.0383039 -0.0135941 0.0234132
3.04 0.0108732 0.0382272 -0.0127641 0.0167675
3.05 0.00233774 0.096794 -0.00622584 0.00665027
3.06 0.0102769 0.0963975 0.0195997 0.0221305
3.07 0.00368466 -0.0291995 0.00622005 0.00722951
3.08 -0.0102991 0.0462586 -0.0123774 0.0161019
3.09 0.0296665 0.0448099 0.0383006 0.0484462
3.1 0.0210689 0.05466 -0.00752241 0.0223715
3.11 -0.00671513 -0.161159 0.0122324 0.0139544
3.12 -0.00130378 0.0410304 0.0126463 0.0127133
3.13 0.00653147 0.000469116 0.037882 0.0384409
3.14 -0.00258853 -0.0698622 0.0512606 0.0513259
3.15 0.0141827 0.031529 -8.38116e-05 0.014183
3.16 0.00177101 0.186341 0.00066883 0.00189309
3.17 0.00791981 -0.0314637 0.0124372 0.0147447
3.18 0.0112604 0.0329495 0.0324234 0.034323
3.19 0.0189924 -0.0690981 -0.00754291 0.0204354
3.2 0.00112999 0.0710011 -0.0197646 0.0197969
3.21 0.0172621 0.154975 0.0189344 0.0256221
3.22 0.0240594 -0.161653 -0.00743036 0.0251806
3.23 0.0178254 0.0204913 0.00563976 0.0186963
3.24 -0.00107664 0.0141444 -0.026256 0.026278
3.25 0.00228918 0.0475412 0.0255307 0.0256331
3.26 -2.99187e-06 -0.0223166 0.0124001 0.0124001
3.27 0.0027833 0.0117418 -0.00724007 0.00775663
3.28 -0.00121925 0.0274881 0.00618637 0.00630538
3.29 0.0110155 0.0113504 0.0127623 0.0168588
3.3 0.0140928 0.0496408 0.0127977 0.0190365
3.31 0.00414999 -0.0473537 0.031932 0.0322005
3.32 0.00332484 -0.00185122 0.0190315 0.0193198
3.33 -0.00506982 -0.00989578 0.0183218 0.0190103
3.34 -0.0162131 -0.0164079 0.0509303 0.0534487
3.35 0.00297392 0.0339567 0.0127828 0.0131241
3.36 -0.00569921 0.110746 0.0193275 0.0201503
3.37 0.0110835 0.0556391 0.0575876 0.0586445
3.38 0.00552465 -0.0254391 0.0118472 0.013072
3.39 -0.00893415 0.0141907 0.0197018 0.0216328
3.4 0.00113071 -0.0854456 0.0059136 0.00602072
3.41 0.0028498 0.0519853 0.0192619 0.0194716
3.42 -0.00280812 0.0154137 0.0121066 0.012428
3.43 0.00331232 0.0248864 0.0256575 0.0258704
3.44 0.00319257 0.011802 0.0126165 0.0130142
3.45 0.00990069 0.0923554 0.0129613 0.0163101
3.46 -0.00331073 -0.0784966 0.018614 0.0189062
3.47 -0.000100096 -0.0846299 -0.0135327 0.0135331
3.48 0.0170498 0.0388549 0.0127078 0.0212646
3.49 -0.00887071 0.00981969 -0.0127022 0.0154931
3.5 0.0144365 0.0133613 0.0255894 0.0293808
3.51 -0.00386873 -0.0511755 -0.0135315 0.0140737
3.52 0.00645248 0.0228138 0.0062046 0.00895163
3.53 0.013031 0.135233 0.0448274 0.046683
3.54 0.0114782 0.0775767 0.0328 0.0347503
3.55 0.010357 -0.00183581 -0.000895997 0.0103956
3.56 0.0151237 -0.00446967 0.0124814 0.019609
3.57 0.0112375 -0.0111469 0.0316731 0.0336076
3.58 0.0174049 0.154661 0.0324208 0.0367973
3.59 0.0105971 0.0829646 0.00593169 0.0121443
3.6 0.00652911 0.0273552 0.0319035 0.0325647
3.61 0.00769522 -0.018092 0.0256022 0.0267337
3.62 0.00215751 -0.00574829 0.0448257 0.0448776
3.63 -0.00571154 0.150856 -0.00576237 0.00811336
3.64 -0.00692504 0.186966 0.0136782 0.0153313
3.65 0.00388794 -0.0562009 -0.000297475 0.00389931
3.66 0.00900243 0.0301998 0.00581191 0.0107155
3.67 -0.00441536 0.00265687 0.0062086 0.00761854
3.68 -0.00893014 0.0724797 0.0195246 0.0214699
3.69 0.00897401 0.0613781 0.00632588 0.0109795
3.7 0.00619296 0.0546577 0.0385832 0.039077
3.71 -0.0114662 -0.0377132 0.0125092 0.0169692
3.72 -0.0030421 -0.10517 0.0572163 0.0572971
3.73 0.00301886 0.0249008 0.00634201 0.00702386
3.74 0.00564438 -0.0793799 0.0447713 0.0451257
3.75 0.0145004 0.0316104 0.0119855 0.0188126
3.76 0.00955886 0.0432781 -0.000850555 0.00959663
3.77 0.0109431 -0.0150361 -0.00707943 0.0130334
3.78 -0.00216659 0.0415129 -0.0130565 0.013235
3.79 -0.00600106 0.16388 -0.012578 0.0139362
3.8 -0.000526357 0.0182788 0.00633262 0.00635446
3.81 0.017973 0.0116847 0.0184061 0.0257257
3.82 -0.000690093 0.0181541 0.0191695 0.0191819
3.83 -0.000600362 0.00931018 0.0316652 0.0316709
3.84 0.00713984 0.00480209 0.0444882 0.0450575
3.85 0.00982805 0.123463 -0.00657622 0.0118253
3.86 0.00255813 0.0117613 0.0125021 0.0127612
3.87 0.00222154 0.0032329 0.00584459 0.00625255
3.88 0.00184121 0.123629 0.0323678 0.0324201
3.89 -0.00272911 0.109215 -0.000304688 0.00274606
3.9 -0.00481461 0.0252236 -0.00633797 0.0079593
3.91 0.00192659 0.0885845 0.0126879 0.0128333
3.92 0.00685796 0.0446995 0.0453433 0.0458589
3.93 -0.0173969 0.0191711 0.0258631 0.0311697
3.94 0.0066015 -0.0167826 0.00551169 0.00859992
3.95 0.00362979 -0.0777865 0.024961 0.0252236
3.96 0.00232497 0.0075667 -0.0069028 0.00728383
3.97 0.00986543 0.0430891 -0.000201054 0.00986748
3.98 -0.00984929 0.0328673 -0.0452846 0.0463434
3.99 -0.000859987 0.00942734 -0.00638645 0.00644409
4 0.00177339 0.0791597 0.0389346 0.038975
4.01 0.00090631 -0.165419 0.0305758 0.0305892
4.02 -0.00869243 0.0589333 -0.0123064 0.0150667
4.03 0.00268748 0.502773 0.0212098 0.0213794
4.04 -0.00179295 0.0590692 0.0193198 0.0194028
4.05 0.00414287 0.020094 0.0194587 0.0198948
4.06 -0.000156532 0.000346841 0.00629395 0.0062959
4.07 -0.00436838 0.0693276 0.0196271 0.0201073
4.08 -0.00156973 0.0991269 0.0132748 0.0133673
4.09 0.000770544 0.0889007 0.0190612 0.0190767
4.1 0.00924158 0.065817 0.00588021 0.0109537
4.11 0.00174029 0.0258278 -0.02598 0.0260382
4.12 -0.000747773 0.0541284 -0.0191554 0.01917
4.13 0.00248493 0.0521566 -0.00679675 0.00723676
4.14 0.0109771 0.0425413 -0.000372881 0.0109834
4.15 0.015026 0.000160038 -0.0391615 0.0419452
4.16 -0.00373704 -0.0781811 -0.000539281 0.00377575
4.17 0.00784068 0.000148712 0.00613707 0.0099569
4.18 -0.00291086 -0.0745004 0.0191212 0.0193415
4.19 0.00925691 0.048024 0.01857 0.0207494
4.2 -0.0051926 0.0387803 -0.0191935 0.0198835
4.21 0.00658719 0.0275537 0.00592109 0.00885722
4.22 0.00590407 0.103674 0.0188519 0.0197548
4.23 0.00164084 0.0571432 -0.00707123 0.00725911
4.24 0.00290413 0.0163537 0.0385097 0.038619
4.25 0.00287643 0.0384057 0.0125314 0.0128573
4.26 0.00603114 0.085322 0.0063112 0.0087296
4.27 -0.00722535 0.0395104 0.000569573 0.00724777
4.28 0.00291801 0.0296925 -0.0129864 0.0133102
4.29 0.00301968 -0.0192413 -0.000539387 0.00306748
4.3 -0.00319174 -0.14945 0.0182522 0.0185292
4.31 0.000430172 0.0710232 0.0397669 0.0397692
4.32 0.0227352 0.00449394 0.0117134 0.0255752
4.33 -0.00148779 0.0764592 0.0388907 0.0389191
4.34 0.00371951 0.00687554 -0.000293325 0.00373106
4.35 -0.00161609 0.125762 0.038637 0.0386708
4.36 -0.00976923 0.15287 0.0330478 0.0344615
4.37 0.00202061 0.0968542 -0.0194095 0.0195144
4.38 -0.00841197 0.027186 0.0066363 0.0107146
4.39 0.0107644 0.038463 0.00640486 0.0125258
4.4 -0.00254771 0.0552315 0.00640246 0.00689074
4.41 0.0105366 0.00705904 -0.0130831 0.0167984
4.42 -0.010198 0.144221 0.0197173 0.0221985
4.43 0.00994741 0.0430611 0.0190763 0.0215141
4.44 0.013836 0.0454919 -0.000475456 0.0138442
4.45 0.0157083 -0.0453704 0.0378971 0.0410237
4.46 0.0038957 -0.0650169 -0.00707905 0.00808019
4.47 0.0038396 -0.0826528 -0.00113243 0.00400312
4.48 0.00304572 -0.0461732 -0.000692682 0.00312349
4.49 0.00234849 0.0167888 0.0123426 0.0125641
4.5 0.00639979 0.0406856 0.0194269 0.0204539
4.51 -0.00816406 0.000235455 0.0453089 0.0460385
4.52 0.00446866 -0.0874715 0.00627918 0.00770694
4.53 0.0112956 -0.0109484 0.00569072 0.0126481
4.54 0.0020202 0.00336786 -0.0067986 0.0070924
4.55 0.00455999 -0.0564197 0.0252969 0.0257046
4.56 0.0139734 0.00446826 0.0321095 0.0350183
4.57 0.011664 0.00190949 0.0191106 0.022389
4.58 -0.000751975 -0.0175326 0.0127376 0.0127598
4.59 0.00158053 -0.085968 0.0451887 0.0452163
4.6 0.0131296 0.0548955 -0.00709497 0.014924
4.61 -0.0122297 0.0301039 0.037757 0.0396882
4.62 0.0146098 -0.0352264 -0.0591185 0.060897
4.63 -0.00988182 0.117617 0.0198024 0.0221311
4.64 0.0083328 -0.0182131 -0.0065979 0.0106286
4.65 0.0142995 0.138442 -0.0187314 0.0235657
4.66 0.00740716 -7.25736e-06 -0.00647333 0.00983717
4.67 0.00208864 -0.0191058 0.0123453 0.0125207
4.68 -0.00135732 0.0230909 -0.0126072 0.01268
4.69 0.00244934 0.011997 0.0316711 0.0317656
4.7 0.00400536 -0.00680156 0.00588929 0.00712226
4.71 -0.0068836 -0.0272162 -0.019175 0.0203732
4.72 0.00773558 -0.00906498 -0.00724713 0.0106
4.73 -0.00817997 0.014105 0.0383199 0.0391833
4.74 0.00989785 0.060771 -1.58688e-05 0.00989786
4.75 -0.00116896 0.0138628 -0.00667592 0.00677749
4.76 0.0106192 0.0203834 -0.000382947 0.0106261
4.77 0.00727784 0.000112221 -0.0134871 0.0153254
4.78 0.00252398 0.136911 0.0387799 0.038862
