0 -0.0082847 -0.0618709 -0.000746364 0.00831825
0.01 -0.00736025 -0.0359151 -0.0191275 0.0204947
0.02 -0.0095728 0.125719 -0.0194352 0.0216649
0.03 0.00482308 -0.146101 0.0116906 0.0126464
0.04 -0.00148268 0.0588597 -0.0134602 0.0135416
0.05 0.0186388 0.0378796 -0.0140038 0.0233133
0.06 -0.000921262 0.0670464 0.0259617 0.025978
0.07 0.00566153 0.0457596 0.00604503 0.00828223
0.08 -0.00862014 -0.0531237 -0.0196826 0.0214875
0.09 -0.00161436 0.0858653 -0.0264525 0.0265017
0.1 0.0023661 -0.0369773 -0.0457585 0.0458196
0.11 0.00663565 0.0315271 -0.013159 0.0147374
0.12 0.013247 0.0271078 -0.00727236 0.0151119
0.13 0.00406506 -0.194714 -0.0338822 0.0341251
0.14 -0.00844603 -0.0263066 -0.0320253 0.0331203
0.15 -0.000555421 0.000254342 0.0252245 0.0252306
0.16 0.00728931 -0.0758086 -0.0268737 0.0278447
0.17 0.0114086 0.0374952 0.0386118 0.040262
0.18 -0.0127494 0.0208901 -0.0123327 0.0177381
0.19 0.00180012 -0.0368519 -0.0330681 0.0331171
0.2 0.0064922 -0.00415122 -0.0137297 0.0151872
0.21 -0.00161892 0.0406069 0.0196541 0.0197207
0.22 -0.00111702 -0.00809339 0.0120556 0.0121072
0.23 -0.00469293 -0.00176933 -0.00699489 0.0084233
0.24 -0.00920913 0.00567918 -0.0201147 0.0221226
0.25 -0.00518804 0.0074867 0.0126773 0.0136978
0.26 4.77675e-06 -0.00849281 -0.000720692 0.000720708
0.27 0.00276438 -0.00613422 -0.000953258 0.00292412
0.28 0.0108727 -0.0202434 -0.0197634 0.0225568
0.29 -0.00114308 0.0897048 -0.0192021 0.0192361
0.3 -0.00443327 0.0113243 0.0255946 0.0259757
0.31 -0.00141915 0.0767866 0.0254424 0.025482
0.32 -0.00165279 0.0273322 -0.00642466 0.00663385
0.33 -0.00147749 0.0541291 0.00637183 0.00654088
0.34 -0.00257211 -0.163544 0.0117767 0.0120543
0.35 -0.00252487 0.0861172 0.0126149 0.0128651
0.36 -0.00476913 0.00688035 -0.0130199 0.0138659
0.37 0.00403231 -0.122994 -0.0147219 0.0152642
0.38 0.0111511 0.0199941 0.0319159 0.0338079
0.39 0.00981084 -0.0372442 -0.0267524 0.0284946
0.4 0.0101853 0.109629 0.00634957 0.0120024
0.41 -0.00813815 -0.0489944 -0.0261542 0.0273911
0.42 0.011682 -0.0518762 -0.0138513 0.0181198
0.43 -0.00959807 0.09908 -0.0252883 0.0270485
0.44 0.00315054 -0.00210482 0.0193342 0.0195893
0.45 0.00118768 -0.17971 -0.0141543 0.014204
0.46 -0.00949779 0.0141547 7.70388e-05 0.0094981
0.47 -0.000458793 -0.040006 -0.0130006 0.0130087
0.48 -0.00376021 -0.167376 -0.040004 0.0401803
0.49 0.00352394 0.00242143 0.00578116 0.00677053
0.5 0.00259154 0.0559866 0.0257859 0.0259158
0.51 -0.00168554 0.0990523 0.0127337 0.0128448
0.52 -0.00652247 0.0841029 -5.59832e-05 0.00652271
0.53 0.00299713 -0.0019199 -0.00668691 0.00732786
0.54 -0.00328388 -0.0560646 -0.0261708 0.026376
0.55 0.000290616 -0.0315989 0.00633826 0.00634492
0.56 -0.00765047 -0.00433574 -0.000327174 0.00765746
0.57 0.00388279 0.0416939 0.0197655 0.0201433
0.58 -0.00927185 0.0141347 -0.0196677 0.0217436
0.59 0.00739835 -0.0535853 -0.000989582 0.00746424
0.6 0.00974322 0.0116115 -0.0065441 0.0117369
0.61 -0.00815269 -0.0979833 -0.0393868 0.0402217
0.62 0.00310591 -0.0153664 -0.020393 0.0206282
0.63 -0.00220536 0.152677 -0.00597244 0.00636661
0.64 0.000583368 -0.183409 0.00501297 0.0050468
0.65 0.0174633 0.0296074 -0.00110378 0.0174982
0.66 0.00282806 0.0025248 0.0125721 0.0128863
0.67 -0.0139377 -0.090064 0.0257785 0.0293052
0.68 0.0105365 -0.0378786 -0.0780537 0.0787616
0.69 0.00305298 -0.100249 -0.0199364 0.0201688
0.7 0.00723942 -0.048992 0.0056644 0.00919209
0.71 -0.00491611 -0.0191873 -0.00728847 0.00879147
0.72 1.93715e-06 -0.0400772 -0.0136979 0.0136979
0.73 -0.00922888 -0.0480081 -0.0523031 0.0531111
0.74 0.0197672 -0.0206799 -0.0140681 0.0242622
0.75 0.0108065 -0.0153882 -0.00755089 0.0131832
0.76 0.010151 0.00695302 -0.0390746 0.0403716
0.77 0.025548 0.0155439 -0.0137821 0.0290284
0.78 -0.00243918 0.0193261 -0.0523567 0.0524135
0.79 -0.0017059 0.0188019 -0.00741526 0.00760895
0.8 -0.00514149 -0.015244 0.00675292 0.00848745
0.81 0.00243435 0.100637 0.0127058 0.0129369
0.82 0.00132131 0.0614499 -0.0198949 0.0199387
0.83 -0.0124405 -0.0684184 -0.0332549 0.0355057
0.84 -0.00648946 0.0615663 -0.0124536 0.014043
0.85 0.00453349 -0.0653187 0.0121124 0.012933
0.86 0.000699054 -0.0006072 0.038539 0.0385454
0.87 -0.00522625 -0.0414565 0.00557645 0.00764268
0.88 -0.00860272 -0.120262 -0.0460698 0.0468661
0.89 0.00678045 -0.00886395 -0.0133699 0.014991
0.9 -0.00114237 0.000283154 -0.0134095 0.0134581
0.91 -0.00893978 -0.0169095 -0.0134675 0.0161646
0.92 0.00645046 0.120547 -0.0060494 0.00884329
0.93 0.00373914 -0.0646699 -0.000785735 0.00382081
0.94 0.00704008 0.0272113 -0.0647641 0.0651456
0.95 0.00349324 0.0153675 -0.0132624 0.0137147
0.96 0.00825599 -0.0361265 -0.000581005 0.00827641
0.97 -0.0116497 -0.0688855 -0.0131815 0.0175917
0.98 0.00323521 -0.0381258 -0.00704261 0.00775016
0.99 0.00643772 0.053959 -0.013063 0.0145632
1 0.00858183 -0.0410989 0.0252582 0.0266763
1.01 -0.000901999 0.00494941 -0.000545028 0.00105388
1.02 -0.000832797 0.0092 -0.0196948 0.0197124
1.03 -0.0101384 0.0817221 -0.0387655 0.0400693
1.04 -0.0185988 -0.203308 -0.0080123 0.0202513
1.05 -0.00021924 -0.00440843 0.0122063 0.0122083
1.06 -0.00202113 0.117067 0.0191747 0.019281
1.07 -0.00677879 -0.0092869 -0.0589256 0.0593143
1.08 -0.00173875 -0.0215 -0.0264005 0.0264577
1.09 -0.00928874 -0.00796815 -0.0388764 0.0399707
1.1 0.00270529 0.0606299 -0.0258195 0.0259609
1.11 -0.00110667 0.0627406 0.0194317 0.0194632
1.12 -0.00866205 0.0582023 0.0197159 0.0215348
1.13 0.00967121 -0.0147946 -0.00124726 0.00975131
1.14 0.00924433 0.145628 -0.00621815 0.011141
1.15 -0.00778558 -0.0222668 -0.0197194 0.0212007
1.16 -0.0125785 -0.0237931 -0.0190354 0.0228159
1.17 -0.000861001 -0.0171161 -0.0194856 0.0195047
1.18 0.00563238 0.0186479 -0.0518344 0.0521395
1.19 -0.000627077 0.000591971 -0.0329109 0.0329168
1.2 0.00302732 0.0201694 -0.0323972 0.0325383
1.21 0.0108664 0.0377361 0.0189174 0.0218162
1.22 0.00355891 0.0065889 -0.0197709 0.0200887
1.23 -0.0121105 0.011481 -0.044774 0.0463829
1.24 0.0128844 0.0681511 -0.0201126 0.0238857
1.25 -0.0154183 -0.0354311 -0.0131796 0.0202837
1.26 0.00331976 -0.0290282 -0.0198392 0.0201151
1.27 -0.000640627 -0.0218535 -0.033045 0.0330512
1.28 0.00264546 0.00716385 0.0253579 0.0254955
1.29 -0.000543725 -0.0396548 -0.0262164 0.026222
1.3 -0.0015354 0.000521144 9.49956e-05 0.00153834
1.31 0.00571386 0.107861 0.013042 0.0142387
1.32 -0.00350055 -0.0381369 -0.0515038 0.0516226
1.33 -0.0100687 0.0282977 -0.0068254 0.0121641
1.34 -0.00722019 -0.0357446 -0.0258326 0.0268226
1.35 -0.00812176 -0.017604 -0.0067012 0.0105294
1.36 -0.00130923 0.0938265 -0.00600769 0.0061487
1.37 0.0104783 -0.0061694 -0.03303 0.0346522
1.38 0.00520492 0.0590017 -0.00701076 0.00873166
1.39 -0.00219226 0.0457855 0.0185739 0.0187028
1.4 0.0110301 0.0152211 0.0124191 0.0166102
1.41 0.000704754 -0.107789 0.0182374 0.018251
1.42 0.00257716 0.00715873 -0.0137004 0.0139407
1.43 0.0116635 -0.0339214 0.00577342 0.0130143
1.44 -0.0096205 0.0681749 -0.0063596 0.0115325
1.45 -0.00285216 0.0287152 -0.0396607 0.0397631
1.46 0.000610291 -0.058384 -0.000752531 0.000968896
1.47 0.0118587 -0.065298 -0.0136383 0.0180729
1.48 0.015122 0.0132902 -0.0199893 0.0250649
1.49 0.0084328 -0.0720269 -0.0202825 0.0219657
1.5 -0.00168182 0.0319474 0.00612869 0.00635527
1.51 -0.00858225 0.0852215 0.00676181 0.010926
1.52 0.00240346 0.0334682 -0.0254396 0.0255528
1.53 -0.00177968 0.0458449 -0.020137 0.0202154
1.54 0.0227912 -0.000509713 0.0121053 0.0258066
1.55 0.000409733 -0.125031 -0.0139386 0.0139446
1.56 -0.00843368 0.000365166 -0.00639199 0.0105823
1.57 0.00263266 0.0114426 -0.0130698 0.0133323
1.58 0.0140078 0.00505435 -0.0653862 0.0668698
1.59 0.0141031 0.00467095 -0.0133833 0.0194425
1.6 0.00577567 0.0409543 -0.0195455 0.020381
1.61 0.00539017 0.166081 -0.0128537 0.0139381
1.62 0.00716819 -0.0354634 -0.0327946 0.0335688
1.63 4.5076e-05 -0.0315345 -0.0263577 0.0263577
1.64 0.00721076 -0.0308439 -0.039751 0.0403997
1.65 -0.0116068 0.0197914 -0.0318756 0.033923
1.66 0.0324763 -0.0340763 -0.089531 0.0952393
1.67 0.0804798 -0.0406052 -0.308747 0.319063
1.68 0.136051 -0.0830774 -0.63306 0.647515
1.69 0.211357 -0.0674237 -0.649272 0.682807
1.7 0.210236 -0.161566 -0.530024 0.570197
1.71 0.219309 0.0141875 -0.238628 0.324098
1.72 0.188708 -0.0559117 -0.212995 0.284566
1.73 0.158329 -0.023236 -0.186048 0.244299
1.74 0.143282 -0.0358878 -0.159798 0.214627
1.75 0.110551 -0.0189941 -0.294421 0.314493
1.76 0.134605 -0.0237397 -0.428965 0.449589
1.77 0.118854 0.0216575 -0.671179 0.681622
1.78 0.135054 0.0167572 -0.741805 0.753999
1.79 0.161534 -0.000103619 -0.684724 0.70352
1.8 0.178056 -0.0152364 -0.569149 0.596351
1.81 0.187464 0.152814 -0.516896 0.54984
1.82 0.19587 0.0808339 -0.472479 0.51147
1.83 0.195995 0.211019 -0.530261 0.565324
1.84 0.191176 0.284993 -0.632141 0.660417
1.85 0.20008 0.1235 -0.683954 0.712618
1.86 0.207115 0.0832975 -0.716465 0.745801
1.87 0.210033 0.103722 -0.754829 0.783505
1.88 0.218803 0.303347 -0.787067 0.816915
1.89 0.225219 0.0901622 -0.827136 0.85725
1.9 0.222942 0.106031 -0.964274 0.989711
1.91 0.220297 0.0321046 -1.01532 1.03894
1.92 0.208397 -0.0401165 -1.12596 1.14508
1.93 0.225192 0.0830536 -1.22272 1.24329
1.94 0.22646 -0.00227055 -1.34736 1.36626
1.95 0.25361 -0.0681914 -1.34909 1.37272
1.96 0.274328 -0.0143504 -1.43429 1.46029
1.97 0.286496 -0.0837618 -1.50014 1.52725
1.98 0.299838 -0.0921845 -1.62404 1.65148
1.99 0.326044 -0.157092 -1.77465 1.80435
2 0.320447 -0.220352 -1.80181 1.83008
2.01 0.376306 -0.157355 -1.88763 1.92477
2.02 0.413416 -0.165528 -2.14865 2.18807
2.03 0.42 -0.223583 -2.29745 2.33552
2.04 0.442899 -0.303657 -2.37118 2.41219
2.05 0.470653 -0.284939 -2.59785 2.64014
2.06 0.49008 -0.1671 -2.7993 2.84188
2.07 0.493573 -0.297765 -3.0389 3.07872
2.08 0.484052 -0.286946 -3.18116 3.21778
2.09 0.499552 -0.469237 -3.40171 3.43819
2.1 0.480639 -0.242857 -3.60725 3.63913
2.11 0.486198 -0.369258 -3.99 4.01951
2.12 0.497918 -0.419583 -4.3859 4.41408
2.13 0.513661 -0.415195 -4.67143 4.69959
2.14 0.511841 -0.422773 -4.87787 4.90465
2.15 0.54785 -0.444085 -5.12456 5.15376
2.16 0.552809 -0.52274 -5.39705 5.42529
2.17 0.586913 -0.423622 -5.71407 5.74413
2.18 0.648408 -0.371288 -5.96238 5.99754
2.19 0.702203 -0.436109 -6.11147 6.15168
2.2 0.723245 -0.364701 -6.22633 6.26819
2.21 0.723083 -0.453808 -6.4696 6.50989
2.22 0.744167 -0.28353 -6.75349 6.79437
2.23 0.74443 -0.426269 -7.13483 7.17356
2.24 0.762696 -0.405976 -7.38876 7.42802
2.25 0.786534 -0.424951 -7.67356 7.71376
2.26 0.802604 -0.35972 -7.83375 7.87476
2.27 0.830866 -0.430244 -8.08667 8.12924
2.28 0.861747 -0.356233 -8.28646 8.33114
2.29 0.907881 -0.38081 -8.51445 8.56272
2.3 0.950591 -0.344861 -8.69653 8.74833
2.31 1.01596 -0.359523 -8.80079 8.85924
2.32 1.05153 -0.407654 -8.91161 8.97343
2.33 1.06278 -0.34801 -9.06646 9.12854
2.34 1.08129 -0.297415 -9.20242 9.26573
2.35 1.04202 -0.363768 -9.28398 9.34227
2.36 0.998761 -0.355987 -9.24239 9.2962
2.37 0.942743 -0.268965 -9.34946 9.39687
2.38 0.903726 -0.227528 -9.53041 9.57316
2.39 0.887732 -0.467354 -9.98543 10.0248
2.4 0.907498 -0.559243 -10.3125 10.3523
2.41 0.86023 -0.466062 -9.44398 9.48308
2.42 0.780561 -0.216353 -6.3812 6.42876
2.43 0.67662 -0.224888 -6.15457 6.19165
2.44 0.673895 -0.290431 -13.7587 13.7752
2.45 0.675203 -0.876424 -12.8339 12.8516
2.46 1.21945 -0.406674 -9.87541 9.95041
2.47 1.54357 -0.5219 -8.79471 8.92914
2.48 1.70402 -0.745534 -8.90273 9.06434
2.49 1.6128 -0.950785 -8.2193 8.37604
2.5 1.36242 -0.885071 -7.69708 7.81673
2.51 0.963055 -0.726398 -7.58924 7.6501
2.52 0.655019 -0.695096 -7.54178 7.57017
2.53 0.413147 -0.67369 -7.40808 7.4196
2.54 0.303285 -0.689281 -7.3021 7.30839
2.55 0.224722 -0.766829 -7.14593 7.14946
2.56 0.23031 -0.677937 -6.77865 6.78256
2.57 0.260189 -0.743003 -6.33328 6.33862
2.58 0.31493 -0.564387 -5.91123 5.91961
2.59 0.302663 -0.407064 -5.56993 5.57815
2.6 0.276783 -0.11548 -5.37665 5.38377
2.61 0.203295 -0.312603 -5.16619 5.17019
2.62 0.159923 -0.272799 -4.92481 4.92741
2.63 0.150075 -0.240425 -4.63351 4.63594
2.64 0.159361 -0.291116 -4.23385 4.23684
2.65 0.127754 -0.325169 -3.97104 3.97309
2.66 0.139285 -0.288274 -3.66104 3.66369
2.67 0.143615 -0.353808 -3.26753 3.27068
2.68 0.171871 -0.296057 -2.65399 2.65955
2.69 0.175794 -0.277322 -2.10495 2.11227
2.7 0.159578 -0.272004 -1.59338 1.60135
2.71 0.103674 -0.157244 -1.07358 1.07857
2.72 0.0550174 -0.152968 -0.560025 0.562721
2.73 0.0230432 -0.0207189 -0.176217 0.177717
2.74 -0.00351732 -0.0515437 -0.098713 0.0987757
2.75 -0.0262077 0.0956289 0.00679786 0.027075
2.76 0.00201197 0.056648 -0.045644 0.0456884
2.77 -0.003593 -0.0423613 -0.00108301 0.00375268
2.78 0.00248329 -0.0103788 -0.00698022 0.00740879
2.79 0.0140104 0.000627227 -0.0143547 0.0200586
2.8 -0.000681853 0.000392578 -0.0654984 0.0655019
2.81 -0.00579102 0.021224 -0.00668896 0.00884749
2.82 0.0028345 -0.0779332 -0.0460256 0.0461128
2.83 -0.00828334 -0.0217944 -0.0456165 0.0463625
2.84 -0.000123016 -0.0578599 -0.0456946 0.0456947
2.85 -0.00873574 -0.0171868 -0.0582805 0.0589316
2.86 -0.00127281 -0.00366218 -0.0136049 0.0136643
2.87 -0.000479294 -0.0306932 -0.040059 0.0400618
2.88 -0.00868328 0.0860702 0.0182728 0.0202311
2.89 -0.00186322 0.0765016 0.000297889 0.00188689
2.9 0.000568504 0.017535 -0.0465094 0.0465129
2.91 0.000566378 0.0442404 -0.00109574 0.00123346
2.92 -0.000597012 -0.0483462 -0.000954062 0.00112546
2.93 -0.0146253 0.107014 -0.0193832 0.0242818
2.94 0.00448461 0.0780479 -0.0461172 0.0463347
2.95 0.0113916 0.0021817 0.0248635 0.0273489
2.96 -0.0134386 -0.076599 -0.0529727 0.0546507
2.97 -0.0115508 -0.024171 0.0189691 0.0222092
2.98 0.0101364 0.0471854 0.0184303 0.0210339
2.99 0.0021111 0.0212285 -0.00745723 0.0077503
3 -0.00268184 0.0905686 -0.0381842 0.0382782
3.01 -0.00719148 0.116067 -0.0389255 0.0395843
3.02 0.00248207 0.0205722 -0.0197746 0.0199298
3.03 -0.000400118 -0.0264552 -0.0455602 0.045562
3.04 0.00240686 0.0651942 -0.0135774 0.013789
3.05 0.0142803 -0.00860935 -0.0142847 0.0201985
3.06 -0.0186757 -0.176103 0.011583 0.0219761
3.07 0.0106138 0.00231308 0.0123771 0.0163048
3.08 -0.0223925 -0.196332 -0.0401164 0.0459429
3.09 0.00129142 -0.117066 0.00635249 0.00648243
3.1 0.0100892 -0.0196465 0.0312648 0.0328524
3.11 0.0105351 0.033906 0.0312156 0.0329454
3.12 0.0153866 -0.0848829 0.0242523 0.0287215
3.13 -0.0165763 0.0143914 0.00601518 0.0176339
3.14 0.00632134 -0.0529739 0.0307232 0.0313668
3.15 -0.000345568 0.0180277 -0.0072075 0.00721578
3.16 0.00364701 -0.0647904 -0.00745864 0.00830253
3.17 -0.0117185 -0.0596032 -0.0520005 0.0533046
3.18 0.00719863 -0.0135547 -0.00711014 0.010118
3.19 0.00588926 0.0322258 -0.0394345 0.0398718
3.2 -0.00930083 0.0413896 -0.0134504 0.0163529
3.21 0.00569708 0.0632794 -0.0260843 0.0266992
3.22 0.00284252 -0.0642901 -0.00775168 0.00825642
3.23 -0.0129658 -0.000956348 -0.0201622 0.0239714
3.24 -0.0121484 -0.0376429 -0.000480182 0.0121579
3.25 -0.00997228 0.0549607 -0.0456239 0.046701
3.26 0.00214312 0.0389298 -0.0324106 0.0324814
3.27 -0.0100134 0.0459342 -0.012772 0.0162293
3.28 -0.00883867 0.0942637 0.0131644 0.0158564
3.29 -0.00832505 0.00939729 -0.000183673 0.00832707
3.3 0.0064586 -0.0485375 -0.00076044 0.00650322
3.31 -0.00241772 -0.137185 0.0508958 0.0509531
3.32 0.00415056 -0.0340014 0.0253542 0.0256916
3.33 -0.00104621 0.0586927 -0.00691134 0.00699008
3.34 -0.00219743 0.0637269 -0.00672032 0.00707046
3.35 0.0114302 -0.0514879 0.0180843 0.0213937
3.36 0.00393112 -0.0155894 -0.0201703 0.0205498
3.37 0.00283657 0.0204332 -0.0325031 0.0326266
3.38 0.0131697 -0.0388317 -0.0527107 0.054331
3.39 0.00154865 0.0343831 -0.0074081 0.00756824
3.4 0.00198991 0.0162943 -0.000701083 0.0021098
3.41 0.00270276 0.0741442 -8.1622e-05 0.00270399
3.42 -0.00975969 0.113245 0.0379456 0.0391806
3.43 -0.00514787 0.0163526 0.00608091 0.00796731
3.44 -0.0107159 -0.105356 0.00592727 0.012246
3.45 -0.00885846 0.0273656 -0.0135642 0.0162006
3.46 0.00614765 0.0762705 -0.0196425 0.020582
3.47 -0.00839606 0.0227453 0.0127489 0.0152653
3.48 0.00689945 -0.0225038 0.0379647 0.0385865
3.49 -0.00123083 -0.0123949 -0.0139842 0.0140382
3.5 -0.00493139 0.0917697 0.0199167 0.0205182
3.51 -0.00803821 -0.0350501 -0.0325989 0.0335753
3.52 -0.00100191 -0.0663086 -0.0457936 0.0458045
3.53 0.00307574 -0.014816 -0.00102381 0.00324167
3.54 -0.00663485 0.142176 0.000340082 0.00664356
3.55 -0.0139173 0.0440006 0.0315072 0.0344441
3.56 0.010228 0.0246857 0.0063032 0.0120143
3.57 -0.00158813 -0.0212006 -0.0205714 0.0206326
3.58 -0.00147118 -0.00385035 -0.032309 0.0323425
3.59 0.00238281 -0.0282465 0.00516848 0.00569131
3.6 0.00133408 0.0571713 0.0185322 0.0185802
3.61 0.00121727 0.13727 -0.0383229 0.0383422
3.62 -0.00842969 -0.0175561 -0.00623629 0.0104858
3.63 0.0152076 0.0262914 -0.0133501 0.020236
3.64 -0.000665836 0.0182499 0.0119233 0.0119419
3.65 0.00381921 -0.0151917 0.0313138 0.0315458
3.66 0.00306574 -0.0242323 -0.0137966 0.0141331
3.67 -0.000833385 -0.00415222 -0.0131176 0.013144
3.68 0.00227281 0.016151 0.00608022 0.00649113
3.69 -0.000472935 -0.0890144 -0.00109467 0.00119246
3.7 -0.00115441 0.0628517 0.00655674 0.00665759
3.71 -0.00993399 0.0367807 0.0385818 0.0398402
3.72 -0.00459843 -0.028535 0.00565652 0.00728984
3.73 -0.0158886 0.000483643 -0.0127936 0.0203991
3.74 -0.0127426 -0.0144692 -0.0322128 0.0346416
3.75 0.00342244 -0.0514186 0.005707 0.00665455
3.76 -0.0037728 -0.0287775 0.0310185 0.0312471
3.77 0.00278724 0.0379622 -0.000205528 0.0027948
3.78 0.00643654 0.0140437 0.00555419 0.00850166
3.79 0.0036958 -0.0157184 0.012177 0.0127255
3.8 0.0039707 -0.0200758 -0.0201895 0.0205762
3.81 -0.0013309 -0.00386056 0.0123775 0.0124488
3.82 0.00725075 -0.022139 -0.0200944 0.0213626
3.83 0.0104264 0.0248739 0.0250073 0.0270938
3.84 -0.00433007 -0.0776672 -0.000794837 0.00440242
3.85 -0.00835947 -0.00405768 0.0251298 0.0264837
3.86 0.0113328 -0.0111883 0.00603155 0.0128379
3.87 -0.00878567 -0.01301 -0.0194039 0.0213002
3.88 -0.00885962 0.000661119 -0.000407338 0.00886898
3.89 0.00691173 -0.0490607 -0.0200534 0.0212111
3.9 0.0023323 -0.0144404 -0.0333608 0.0334422
3.91 -0.000149598 0.0356731 0.00639377 0.00639552
3.92 0.00834395 0.0396534 -0.0141849 0.016457
3.93 0.0155739 0.0752836 0.0446072 0.0472477
3.94 -0.00481807 -0.0329238 -0.00727578 0.00872644
3.95 0.00256986 0.0518055 0.00641906 0.00691437
3.96 0.00174328 0.0349336 -0.0329172 0.0329633
3.97 0.00701067 -0.00434628 0.0120972 0.0139818
3.98 -0.00930145 0.00539769 -0.000534661 0.0093168
3.99 0.0100239 0.00266504 -0.0201929 0.022544
4 0.0139193 -0.0306053 0.0180197 0.0227697
4.01 -0.00181975 0.00507145 -0.0325818 0.0326326
4.02 0.011011 0.00695474 -0.0335613 0.0353215
4.03 0.0101986 -0.00652991 0.00551869 0.011596
4.04 -0.0094854 0.0634662 0.0193718 0.0215694
4.05 -0.000740425 0.0091398 0.0383703 0.0383775
4.06 0.00289388 -0.00609263 -0.0201925 0.0203988
4.07 -0.00503149 0.00713984 0.00638399 0.00812842
4.08 -0.00973395 0.0544248 -0.00638752 0.0116426
4.09 -0.0128182 -0.00976298 -0.00739591 0.0147988
4.1 -0.000325476 -0.017687 0.00563795 0.00564733
4.11 0.00592666 0.0318052 0.0122979 0.0136515
4.12 -0.00418329 -0.0419898 -0.0587916 0.0589403
4.13 -0.00259002 -0.154876 0.0311627 0.0312701
4.14 0.00390521 -0.114071 -0.00130556 0.00411766
4.15 0.0105334 -0.0286294 0.0310321 0.0327711
4.16 0.00151432 0.0794184 -0.000232065 0.001532
4.17 -0.0116243 -0.12238 -0.00129478 0.0116962
4.18 -0.00728174 0.200941 -0.000362583 0.00729076
4.19 -0.0112438 -0.172091 -0.0078405 0.0137075
4.2 0.00142145 0.0752134 0.0250495 0.0250898
4.21 -0.00201011 -0.051998 -0.0592455 0.0592796
4.22 0.00189585 0.0788909 -1.52681e-05 0.00189591
4.23 -0.00511899 0.0210052 0.0189048 0.0195856
4.24 -0.00884171 -0.00800629 -0.0197934 0.0216784
4.25 0.00312943 -0.00614436 -0.00114757 0.00333321
4.26 0.000612473 -0.0854313 0.0314789 0.0314849
4.27 0.0036009 0.011067 -0.025613 0.0258649
4.28 0.00510965 0.0590432 0.0186308 0.0193188
4.29 0.00368884 -0.0510445 0.0120766 0.0126274
4.3 0.00228758 -0.00556524 0.0244715 0.0245782
4.31 -0.00524793 -0.0456376 -0.0137904 0.0147552
4.32 -0.0072433 -0.125281 0.0123479 0.0143156
4.33 0.0193243 -0.0424868 -0.0272946 0.0334429
4.34 0.00137311 0.155478 -0.0189984 0.019048
4.35 0.00536047 -0.10578 0.0248908 0.0254615
4.36 -0.00760044 -0.133926 -0.020493 0.021857
4.37 0.0101244 0.0299616 -0.0332173 0.034726
4.38 -0.00482239 0.0208288 0.0059058 0.00762456
4.39 -0.000377983 0.0135567 -0.0128555 0.0128611
4.4 -0.00213914 0.157251 -0.0190613 0.019181
4.41 0.0115155 -0.038306 -0.0266693 0.0290492
4.42 0.00984232 0.0564873 -0.000647086 0.00986357
4.43 -0.000719848 -0.0355205 -0.0266705 0.0266802
4.44 -0.0158259 0.018411 0.0261084 0.0305304
4.45 0.011354 -0.0201985 0.00572261 0.0127146
4.46 -0.00895633 -0.0616717 -0.00120155 0.00903657
4.47 -0.00222409 0.0546667 0.00634871 0.00672701
4.48 -0.00180822 -0.0482096 -0.0523063 0.0523375
4.49 0.00236181 0.0967287 0.0127809 0.0129973
4.5 -0.0041402 -0.149593 -0.0273634 0.0276748
4.51 -0.00816476 -0.0486255 -0.0139583 0.0161709
4.52 -0.000603754 -0.0129868 0.0189267 0.0189363
4.53 0.00692105 -0.017981 -0.0203161 0.0214627
4.54 -0.00454034 -0.0283365 -0.0203259 0.0208268
4.55 0.0109377 -0.0331064 0.00568002 0.0123246
4.56 -1.69678e-05 -0.0579532 -0.00741044 0.00741046
4.57 -0.00925013 0.0409555 -0.00663693 0.0113848
4.58 -0.00751917 -0.0218928 -0.0133499 0.0153218
4.59 0.0180499 -0.0155202 -0.00118735 0.018089
4.6 0.00102265 -0.0943362 -0.00140908 0.00174107
4.61 0.0166238 -0.041085 0.0440378 0.047071
4.62 -0.00866225 -0.0256941 0.00519818 0.0101023
4.63 -0.000241572 -0.0672211 0.0120937 0.0120962
4.64 -0.00137747 0.0229551 -0.0136519 0.0137212
4.65 -0.00458823 0.0515669 0.0384099 0.038683
4.66 0.00406539 -0.0334695 -0.0392538 0.0394638
4.67 0.0109961 -0.0329276 0.0048362 0.0120127
4.68 0.0145298 0.0405282 -0.0585372 0.0603136
4.69 0.000934875 -0.205865 0.00468456 0.00477693
4.7 0.0101372 0.00304326 0.0115483 0.0153664
4.71 0.0102413 0.0114614 -0.033156 0.0347017
4.72 -0.00564065 -0.000935711 -0.0459129 0.0462581
4.73 -0.00956024 0.0413261 -0.000110544 0.00956087
4.74 0.00347733 0.0198081 -0.019375 0.0196846
4.75 0.00679282 -0.0263338 0.00538143 0.00866615
4.76 0.0169652 0.110053 -0.00678166 0.0182704
4.77 -0.00279524 0.0595228 -0.000792351 0.00290537
4.78 0.00652966 0.0180679 0.0316648 0.0323311
4.79 -0.0082875 -0.0708157 -0.0200621 0.0217065
4.8 0.0094794 0.029792 -0.0458683 0.0468376
4.81 -0.00389538 -0.0508067 -0.00133884 0.00411904
4.82 0.00175916 0.00785323 -0.020466 0.0205415
4.83 0.000284046 -0.0895844 0.0377156 0.0377166
4.84 0.00334551 0.0560816 -0.0069875 0.0077471
4.85 -0.00547374 -0.00131483 -0.0134197 0.0144931
4.86 -0.0116708 -0.0597143 -0.0391255 0.0408291
4.87 -0.00812179 -0.0308148 -0.00123901 0.00821575
4.88 0.0224144 -0.017904 0.0120435 0.0254451
4.89 -0.00835833 -0.0440958 -0.0388453 0.0397344
4.9 0.00617378 0.00111199 0.0052798 0.00812354
4.91 0.000549437 -0.0448875 -0.000424392 0.000694255
4.92 -0.00087873 -0.00828752 -0.0263526 0.0263672
4.93 -0.00404363 -0.0779921 -0.00118942 0.00421494
4.94 -0.012148 -0.00181205 0.012857 0.0176883
4.95 0.00487633 0.157622 -0.013147 0.0140222
4.96 0.00305885 0.0203948 0.0314614 0.0316097
4.97 -0.00245567 0.0903679 -0.00653486 0.00698103
4.98 0.00176115 0.00362645 -0.0459647 0.0459984
4.99 -0.000803334 0.0272049 -0.0134481 0.013472
5 0.0027115 0.0918717 0.00623536 0.00679941
5.01 0.0043085 -0.0651381 0.00560162 0.00706692
5.02 0.0219447 0.0181524 0.0113152 0.0246902
5.03 0.0218894 0.0178116 -0.0201555 0.0297555
5.04 -0.0124713 -0.0103539 -0.03872 0.0406789
5.05 9.9849e-05 -0.0445459 0.0116927 0.0116931
5.06 0.000777858 0.044254 -0.00105763 0.00131287
5.07 -0.0030425 0.0421701 -0.0200927 0.0203218
5.08 -0.00786612 -0.0533705 0.0251892 0.0263888
5.09 -0.0111943 -0.0643873 -0.00745725 0.0134508
5.1 0.00558571 0.0543897 0.0251605 0.0257731
5.11 -0.0043786 -0.0107743 -0.013127 0.013838
5.12 0.0144373 0.0268748 -0.00724141 0.0161516
5.13 0.0105143 -0.0463247 -0.014072 0.0175662
5.14 -0.00673648 0.200539 -0.0129827 0.0146263
5.15 -0.00096507 0.0228534 -0.0261098 0.0261276
5.16 0.00254993 0.0876813 -0.03268 0.0327793
5.17 0.00538198 -0.0117534 -0.0333556 0.033787
5.18 0.00317098 -0.0374973 -0.0203268 0.0205727
5.19 -0.00520082 -0.00144539 -0.0202869 0.020943
5.2 0.00654452 0.05795 -0.00673522 0.00939116
5.21 0.0107061 0.0025947 -0.00720355 0.0129039
5.22 -0.00194459 0.0190157 0.00585431 0.00616882
5.23 -0.00122451 0.000150068 -0.0064333 0.0065488
5.24 -0.00415597 0.00272044 -0.00713189 0.00825445
5.25 0.00708651 0.0669771 0.0383389 0.0389884
5.26 -0.00179519 0.0634767 -0.0065738 0.00681451
5.27 0.0076552 -0.0494364 0.0122842 0.0144742
5.28 -0.00569259 -0.0724856 -0.0268949 0.0274907
5.29 -0.00866088 0.0313361 0.000553397 0.00867854
5.3 0.01109 -0.00217918 -0.00734678 0.0133028
5.31 -0.00388407 -0.126889 0.0115282 0.0121649
5.32 -0.00922672 0.00523989 -0.0523614 0.0531681
5.33 0.0132169 0.0276583 0.0120994 0.0179187
5.34 0.00241963 -0.0190378 -0.020505 0.0206473
5.35 -0.00481345 -0.0016424 -0.0254987 0.025949
5.36 0.00218828 0.0296933 0.0125402 0.0127297
