0 0.00605709 -0.0885884 -0.0193199 0.0202472
0.01 -0.00544915 -0.0499933 -0.00636759 0.00838089
0.02 0.00636571 -0.0262616 0.00665413 0.00920868
0.03 -0.00531602 -0.0996377 0.0129632 0.0140109
0.04 0.00939847 -0.0588883 -0.00708901 0.0117722
0.05 0.00302164 0.114141 -0.00663206 0.00728797
0.06 -0.00226678 -0.0609793 0.0251919 0.0252937
0.07 0.0126144 -0.0922307 -0.0393194 0.0412934
0.08 0.00174796 -0.0726531 -0.00654299 0.00677245
0.09 0.010285 -0.0913242 -0.00655986 0.0121989
0.1 0.00886549 -0.014518 -0.00625601 0.0108506
0.11 -0.00629072 -0.0811605 -0.0260427 0.0267917
0.12 0.0119918 0.0730055 -0.0128386 0.0175679
0.13 -0.00823698 0.0315239 -0.025624 0.0269154
0.14 0.0129684 -0.0257686 -0.000112864 0.0129688
0.15 -0.00175213 -0.043092 0.0246094 0.0246717
0.16 0.00556414 -0.0260844 0.00029644 0.00557203
0.17 0.0134932 -0.00773283 -0.0132997 0.0189459
0.18 0.00490905 0.018877 -0.0124247 0.0133593
0.19 0.013697 -0.0749525 -0.0324001 0.0351764
0.2 -0.00878474 -0.0616427 -0.00621749 0.0107624
0.21 0.00441113 0.00597747 -0.00660541 0.00794289
0.22 -0.00231445 -0.0300775 0.0257755 0.0258792
0.23 0.0214255 -0.0395514 0.0318631 0.0383968
0.24 -0.0137341 -0.041159 -0.0122744 0.0184197
0.25 0.000344619 0.138317 0.000840319 0.000908239
0.26 -0.00638766 0.0125497 -0.00583674 0.00865273
0.27 0.00622698 -0.0798616 0.00623601 0.00881266
0.28 -0.00224421 0.0233562 0.0133839 0.0135708
0.29 -0.00777603 -0.0354707 -0.0257473 0.0268959
0.3 -0.0135386 0.0525165 0.0523887 0.0541098
0.31 -0.00798698 -0.12029 0.0517065 0.0523197
0.32 -0.00295496 0.0865125 0.0199485 0.0201661
0.33 0.00509966 -0.0520723 -0.0322938 0.0326939
0.34 0.00097526 0.00304299 -0.0314852 0.0315003
0.35 -0.00415371 -0.180573 -0.0257549 0.0260877
0.36 0.000641111 -0.080598 -0.00708935 0.00711828
0.37 0.000667012 0.00845466 -0.0250777 0.0250866
0.38 -0.00306027 -0.00281575 -0.0125425 0.0129104
0.39 -0.00208387 -0.0923221 0.0255605 0.0256453
0.4 0.000261728 -0.0362515 -0.00648814 0.00649342
0.41 0.0124897 -0.00760096 0.0190947 0.0228167
0.42 -0.00293376 -0.0250908 -0.0193816 0.0196024
0.43 0.0164378 0.0347629 0.00633492 0.0176163
0.44 -0.0250655 -0.096611 -0.0199632 0.0320438
0.45 0.0134869 -0.0352315 0.000333592 0.0134911
0.46 -0.00115441 0.0184663 0.0201007 0.0201338
0.47 0.00902964 -0.0144129 0.00604821 0.0108681
0.48 -0.00104779 -0.110926 -0.02605 0.0260711
0.49 0.00891234 0.0614205 0.0325422 0.0337406
0.5 0.00337987 -0.176333 -0.000830216 0.00348034
0.51 0.00506726 0.0101993 0.0128783 0.0138393
0.52 0.000210701 -0.102863 0.0317219 0.0317226
0.53 -0.00781744 -0.0133857 -0.0319478 0.0328903
0.54 0.0090083 -0.0544254 -0.0266584 0.0281393
0.55 -0.0145213 -0.0226199 0.0134621 0.0198014
0.56 0.00909131 -0.00527017 -0.000618503 0.00911233
0.57 0.00403124 0.0822512 -0.0120997 0.0127536
0.58 -0.00899052 -0.0702898 -0.00586129 0.0107324
0.59 0.00555072 0.076703 0.0328456 0.0333113
0.6 -0.000860776 -0.232033 -0.000808642 0.00118103
0.61 0.0131034 -0.05686 -0.0137337 0.0189819
0.62 0.00917127 0.038864 0.000399183 0.00917996
0.63 -0.0152165 -0.0397938 -0.0260364 0.0301568
0.64 0.00467695 -0.0296405 0.012683 0.0135179
0.65 -0.00151292 -0.119336 -0.0397213 0.0397501
0.66 -0.00775831 -0.0575101 -0.0134175 0.0154991
0.67 -0.00449912 -0.180306 -0.000489755 0.0045257
0.68 0.00190033 -0.122021 0.0127175 0.0128587
0.69 -0.00104027 0.0806861 -0.0253754 0.0253967
0.7 -0.00648454 -0.0499441 0.0196245 0.0206681
0.71 -0.00937753 0.0321964 0.00716715 0.0118028
0.72 0.0104699 -0.100371 0.00654793 0.0123488
0.73 -0.0130977 -0.103835 -0.0195188 0.023506
0.74 0.00933314 -0.0859411 -0.0139178 0.0167574
0.75 0.00242892 -0.0417725 -0.00634801 0.00679683
0.76 0.0157785 0.101569 -0.0122459 0.0199731
0.77 0.0132992 -0.0258619 -0.00670953 0.0148958
0.78 0.00144365 -0.0542318 0.0123644 0.0124484
0.79 -0.00215977 -0.0209766 -0.00653277 0.00688053
0.8 -0.000952435 -0.173683 -0.000482856 0.00106784
0.81 -0.00638972 -0.0140141 0.00620578 0.00890731
0.82 0.00552851 -0.0659021 -0.0388802 0.0392713
0.83 0.00476711 0.0908525 0.000765876 0.00482824
0.84 0.00152499 0.00325417 0.00680485 0.00697363
0.85 -0.00384603 0.00218867 0.0125953 0.0131694
0.86 0.00546312 -0.0346645 0.0126863 0.0138126
0.87 0.0176636 -0.0735251 0.0191966 0.0260866
0.88 0.00218313 -0.0726598 -0.0262471 0.0263377
0.89 0.00784099 -0.00895805 -0.0454938 0.0461645
0.9 0.0132407 -0.0392516 -0.000402886 0.0132468
0.91 0.00780522 0.0310166 -0.0130597 0.0152143
0.92 5.05263e-05 0.10234 -0.00556191 0.00556214
0.93 0.00597257 -0.0750461 -0.0128575 0.014177
0.94 -0.0135164 -0.00990362 0.0198211 0.023991
0.95 0.00534536 0.00533805 0.0258406 0.0263877
0.96 -0.0027108 -0.100998 -0.0327301 0.0328422
0.97 0.00506288 -0.0386412 -0.0129588 0.0139127
0.98 -0.00366026 -0.0602678 -0.00655682 0.00750928
0.99 -0.0130895 -0.0768203 -0.0129607 0.0184205
1 0.00305963 0.0697586 -0.0131708 0.0135215
1.01 -0.00972162 -0.0968129 -0.0185712 0.0209619
1.02 -0.00666964 0.0084458 -0.0129781 0.0145916
1.03 -0.00616526 -0.0767097 -0.0126049 0.0140319
1.04 0.0114065 0.0552745 -0.0189994 0.0221604
1.05 0.00271423 -0.0461621 7.57678e-05 0.00271529
1.06 0.00925007 -0.076806 0.0184377 0.0206279
1.07 -0.000179548 -0.267775 -0.0274095 0.0274101
1.08 0.0050451 -0.0524524 -0.0134897 0.0144023
1.09 0.00179281 0.0207231 0.052291 0.0523218
1.1 -0.00530096 -0.0680873 0.00616007 0.00812691
1.11 0.0024444 -0.0688332 -0.0190355 0.0191918
1.12 -0.00271367 0.0151289 0.00689038 0.00740549
1.13 -0.0143165 -0.089679 -0.0318938 0.0349596
1.14 0.0121628 -0.0744515 -0.00716843 0.0141181
1.15 0.00593695 -0.0349104 -0.00667945 0.00893658
1.16 -0.00379728 -0.251922 0.0120078 0.0125939
1.17 0.0138832 -0.0665624 -0.0578271 0.0594703
1.18 0.00520732 0.0103698 0.0061732 0.00807617
1.19 0.0130464 -0.110307 -0.046266 0.0480703
1.2 -0.00944622 -0.061295 -0.0192796 0.0214694
1.21 0.00528379 -0.0394554 -0.0322221 0.0326525
1.22 -0.00122493 -0.0574265 -0.0125657 0.0126253
1.23 0.0175158 -0.032811 0.0254708 0.0309123
1.24 -0.0118347 0.105308 -0.0122251 0.0170151
1.25 0.00148456 -0.0280707 -0.0316518 0.0316866
1.26 -0.00126096 -0.133417 0.0125649 0.012628
1.27 0.00228488 -0.0908029 -0.000341446 0.00231025
1.28 -0.00641349 -0.0406525 0.000353398 0.00642322
1.29 0.0177424 -0.0730493 -0.00685426 0.0190203
1.3 -0.00680363 -0.0803311 -0.0260954 0.0269678
1.31 -0.00245488 -0.0207994 0.00646626 0.00691657
1.32 0.0127879 -0.0478351 -0.0327426 0.0351512
1.33 -0.00133174 -0.0840573 -0.0125544 0.0126248
1.34 0.00102186 -0.0143436 -0.00633156 0.00641349
1.35 -0.0170521 -0.168173 -0.0134335 0.0217079
1.36 0.0019035 -0.0995433 -0.0259355 0.0260053
1.37 -0.00982089 -0.0521255 -0.0313783 0.0328793
1.38 0.012982 -0.012591 -0.0253585 0.0284884
1.39 -0.00723018 0.0492813 -0.0193838 0.0206884
1.4 0.0123785 -0.0254168 -0.0326848 0.0349503
1.41 -0.00251978 0.0147032 -0.0253182 0.0254433
1.42 0.0157992 0.0792069 -0.00597761 0.0168922
1.43 -0.0141451 -0.0185779 0.0201004 0.0245787
1.44 0.00226263 -0.108336 -0.0131286 0.0133221
1.45 -0.00557254 -0.0278802 -0.0318454 0.0323293
1.46 0.00141545 0.0702717 0.0265198 0.0265575
1.47 0.0141573 -0.120625 0.0320837 0.0350684
1.48 -0.0123469 -0.148858 -0.00730065 0.0143439
1.49 0.00153371 -0.0589717 -0.0322354 0.0322718
1.5 0.00109692 -0.0496979 0.0128485 0.0128952
1.51 -0.00585215 -0.14827 0.00621881 0.00853939
1.52 -0.000156994 -0.0354841 -0.00704391 0.00704566
1.53 -0.000462986 -0.00873203 -0.0197359 0.0197414
1.54 -0.00955219 -0.0521145 0.0192076 0.0214517
1.55 0.00838051 -0.040964 0.0126156 0.0151455
1.56 -0.00371979 -0.189866 0.012873 0.0133996
1.57 0.000424135 0.0267317 -0.0130782 0.013085
1.58 0.000996277 0.0484192 0.00716147 0.00723043
1.59 0.0182694 -0.0820607 0.0121903 0.021963
1.6 0.0131581 -0.0752155 -0.00676699 0.0147962
1.61 -0.0127716 -0.166302 0.00601867 0.0141187
1.62 -0.00830652 -0.186508 -0.00735073 0.011092
1.63 -0.000937482 -0.0753109 -0.0570203 0.057028
1.64 0.00347161 -0.189403 -0.0138306 0.0142596
1.65 0.00557947 -0.0438773 0.0129862 0.0141341
1.66 0.00694194 -0.164863 0.00553295 0.00887717
1.67 -0.00102989 -0.23574 -0.00134486 0.00169391
1.68 0.0033737 -0.131364 -0.0332174 0.0333883
1.69 0.0137661 -0.0840738 -0.0198341 0.0241432
1.7 0.00770504 -0.143278 -0.000373845 0.0077141
1.71 -0.00143843 -0.133167 -0.0324624 0.0324943
1.72 0.00109651 -0.062889 -0.00682729 0.00691478
1.73 -0.00209325 -0.0657463 -0.00012805 0.00209716
1.74 0.00909613 0.00319081 0.0388893 0.039939
1.75 -0.00256157 -0.0566981 -0.0189046 0.0190774
1.76 0.00116478 0.0174113 -5.69224e-05 0.00116617
1.77 0.00894072 0.00760247 0.0383649 0.039393
1.78 -0.00715341 -0.263688 -0.0140273 0.015746
1.79 -0.00742115 -0.115583 -0.0586944 0.0591617
1.8 0.00134975 -0.000903055 -0.012327 0.0124007
1.81 0.00508935 -0.0297422 0.000225095 0.00509433
1.82 -0.0208611 -0.120764 -0.0645666 0.067853
1.83 -0.0319172 0.0397854 -0.276486 0.278322
1.84 -0.0906713 0.0195665 -0.596508 0.603359
1.85 -0.166787 0.0285135 -0.963899 0.978222
1.86 -0.187892 -0.193481 -1.14599 1.16129
1.87 -0.165945 -0.148483 -1.14894 1.16087
1.88 -0.135395 -0.176536 -1.09324 1.10159
1.89 -0.0924508 -0.190769 -1.06217 1.06619
1.9 -0.0611553 -0.196681 -1.06306 1.06482
1.91 -0.0603275 -0.197208 -1.09404 1.09571
1.92 -0.0774021 -0.133121 -1.15744 1.16003
1.93 -0.108604 -0.282589 -1.32506 1.3295
1.94 -0.133869 -0.159882 -1.45968 1.46581
1.95 -0.152881 -0.214654 -1.60821 1.61546
1.96 -0.149675 -0.215876 -1.71158 1.71811
1.97 -0.150988 -0.143844 -1.83422 1.84043
1.98 -0.141407 -0.233754 -1.89345 1.89873
1.99 -0.119967 -0.211497 -1.95858 1.96225
2 -0.116161 -0.151363 -2.0485 2.05179
2.01 -0.116552 -0.205008 -2.17785 2.18097
2.02 -0.0986372 -0.30488 -2.30176 2.30387
2.03 -0.0945091 -0.334229 -2.43127 2.4331
2.04 -0.0774374 -0.286646 -2.48477 2.48597
2.05 -0.0508339 -0.356322 -2.70558 2.70606
2.06 -0.0576216 -0.387572 -2.90197 2.90254
2.07 -0.0242543 -0.430105 -3.04558 3.04568
2.08 0.00510919 -0.474802 -3.24783 3.24783
2.09 0.0220739 -0.502832 -3.38461 3.38468
2.1 0.0484188 -0.53676 -3.5536 3.55393
2.11 0.0652115 -0.386562 -3.65746 3.65804
2.12 0.0804308 -0.551634 -3.82054 3.82139
2.13 0.142044 -0.527181 -3.94407 3.94663
2.14 0.133469 -0.61524 -4.11345 4.11561
2.15 0.155481 -0.583803 -4.33331 4.33609
2.16 0.161775 -0.64917 -4.67762 4.68042
2.17 0.161818 -0.808817 -4.98903 4.99165
2.18 0.186179 -0.711247 -5.21604 5.21936
2.19 0.222378 -0.732862 -5.35378 5.3584
2.2 0.235473 -0.847717 -5.56882 5.5738
2.21 0.266119 -0.821821 -5.76953 5.77566
2.22 0.298258 -0.813711 -6.03084 6.03821
2.23 0.293791 -0.823904 -6.28964 6.2965
2.24 0.330937 -0.908869 -6.47234 6.4808
2.25 0.3432 -1.07279 -6.55792 6.5669
2.26 0.378599 -0.898588 -6.7057 6.71637
2.27 0.400193 -1.03675 -6.94723 6.95875
2.28 0.463797 -1.11113 -7.26031 7.27511
2.29 0.484998 -1.09305 -7.41707 7.43291
2.3 0.531313 -1.19815 -7.41877 7.43777
2.31 0.547922 -1.09282 -7.46409 7.48417
2.32 0.543924 -1.19413 -7.60582 7.62525
2.33 0.574887 -1.14657 -7.77541 7.79663
2.34 0.564645 -1.22548 -8.03469 8.0545
2.35 0.482318 -0.93149 -7.43281 7.44844
2.36 0.543329 -0.709734 -4.42961 4.46281
2.37 0.483928 -0.452894 -3.42949 3.46346
2.38 0.383224 -0.39707 -4.34878 4.36564
2.39 0.135168 -1.09948 -13.2984 13.2991
2.4 0.0389807 -1.65033 -11.085 11.0851
2.41 0.454149 -1.07335 -8.76831 8.78006
2.42 0.897897 -1.02285 -6.36187 6.42492
2.43 1.18085 -1.23848 -5.29836 5.42835
2.44 1.42388 -1.38522 -5.04361 5.24074
2.45 1.26427 -1.45493 -4.92347 5.0832
2.46 0.982657 -1.23474 -4.66584 4.7682
2.47 0.668257 -1.0221 -4.43735 4.48738
2.48 0.409395 -1.02041 -4.08118 4.10166
2.49 0.228365 -0.750316 -3.48573 3.49321
2.5 0.149657 -0.700194 -3.03198 3.03567
2.51 0.0313837 -0.729006 -2.56415 2.56434
2.52 -0.0883877 -0.535227 -2.2617 2.26343
2.53 -0.167935 -0.467816 -1.84871 1.85633
2.54 -0.218395 -0.383733 -1.52654 1.54209
2.55 -0.24591 -0.23326 -1.19307 1.21815
2.56 -0.287295 -0.386534 -0.920593 0.964381
2.57 -0.285575 -0.204749 -0.744206 0.797118
2.58 -0.285363 -0.0308418 -0.575688 0.642533
2.59 -0.216411 -0.0581279 -0.371097 0.429589
2.6 -0.0373467 -0.087155 -0.180438 0.184262
2.61 -0.00885729 -0.0787614 -0.000681983 0.00888351
2.62 -0.0243146 -0.0831432 -0.0258825 0.035512
2.63 -0.0148824 -0.0177511 0.0063591 0.0161841
2.64 -0.00562644 -0.0725634 0.00633518 0.00847298
2.65 0.00565044 -0.0118057 -0.0137353 0.0148522
2.66 0.00103519 -0.0852234 -0.019837 0.019864
2.67 0.00134503 -0.0538476 0.0189289 0.0189766
2.68 -0.00292078 -0.0159976 -0.0126678 0.0130002
2.69 -0.00695997 -0.00929873 0.0001791 0.00696228
2.7 -0.00180988 -0.105968 -0.00704401 0.00727281
2.71 -0.0219266 2.53695e-05 -0.0449731 0.0500335
2.72 0.00511937 -0.0210247 0.00623314 0.00806597
2.73 -0.013868 -0.0499825 0.019966 0.0243098
2.74 -0.00938173 -0.109989 -0.00717092 0.0118084
2.75 -0.014326 -0.00467271 -0.000304006 0.0143293
2.76 -0.00992873 -0.047986 0.00722525 0.0122794
2.77 -0.0221446 -0.0221232 -0.0254328 0.0337225
2.78 -0.00247556 0.00156294 0.00019801 0.00248347
2.79 -0.00333436 -0.0426004 0.0129445 0.013367
2.8 -0.0159533 0.0985209 -0.0443953 0.0471747
2.81 0.00207326 -0.068338 0.0195374 0.0196471
2.82 -0.0178934 -0.0607357 -0.0321442 0.0367889
2.83 0.00574783 -0.0524065 0.0256848 0.0263201
2.84 -0.0132703 -0.11242 0.0123808 0.018149
2.85 -0.00103399 -0.0886617 0.0254788 0.0254997
2.86 0.00135972 -0.0141265 0.00678432 0.00691924
2.87 -0.00599559 -0.0678023 -0.038443 0.0389077
2.88 -0.00693012 -0.133965 -0.0462933 0.0468091
2.89 -0.00204827 -0.0521625 -0.0129073 0.0130688
2.9 -0.00616631 -0.0540904 0.00619517 0.00874091
2.91 -0.00224278 -0.0701318 -0.0325726 0.0326498
2.92 0.00496425 0.0190567 0.045302 0.0455732
2.93 0.000413341 -0.00940876 0.0124395 0.0124464
2.94 -0.0101118 -0.00737545 0.0322364 0.0337851
2.95 -0.00874641 -0.0754148 0.0520927 0.0528219
2.96 0.00453315 0.0372939 0.0259925 0.0263848
2.97 -0.0131374 -0.0768702 0.000417309 0.0131441
2.98 0.00538492 -0.0791017 -0.019534 0.0202626
2.99 -0.00644001 -0.0721912 -0.0064945 0.00914616
3 -0.00282117 -0.0471519 -0.0578302 0.0578989
3.01 0.0216873 -0.079546 -0.0203126 0.0297143
3.02 -0.00197839 -0.0122617 0.0326723 0.0327322
3.03 0.00927753 -0.0413634 0.0447202 0.0456724
3.04 0.00299503 -0.167311 -0.000326951 0.00301282
3.05 -0.00407262 -0.0375264 -0.000437434 0.00409605
3.06 0.00187398 -0.00568728 0.0322169 0.0322713
3.07 0.00497748 -0.074121 -0.0395125 0.0398248
3.08 -0.0132114 -0.0631992 0.0194114 0.0234807
3.09 0.0132479 -0.03878 -0.0069458 0.0149583
3.1 -0.00410332 -0.0245803 -0.019481 0.0199085
3.11 -0.011457 -0.0242134 -0.00667312 0.0132587
3.12 0.00216838 -0.0591116 0.019273 0.0193946
3.13 -0.00371889 0.0291164 -0.0126224 0.0131588
3.14 -0.00546373 -0.121622 -0.0132617 0.0143431
3.15 -0.00779152 -0.0178389 -0.0121835 0.0144619
3.16 -0.0138607 -0.00961614 0.0199445 0.0242879
3.17 0.0023423 -0.149236 -0.00706959 0.00744752
3.18 -0.00872904 -0.150704 0.00591026 0.0105417
3.19 0.00154111 -0.0813206 0.0189543 0.0190168
3.2 0.0130638 -0.0259908 0.0256371 0.0287737
3.21 0.00517048 -0.0787922 -0.0135105 0.0144661
3.22 -0.0111092 -0.00220383 0.00594202 0.0125985
3.23 -0.00206812 -0.00341782 0.0201766 0.0202823
3.24 -0.0070556 -0.0625069 -0.0326916 0.0334443
3.25 -0.00278955 -0.0788341 -0.0130153 0.0133109
3.26 -0.0099955 -0.132392 -0.00101952 0.0100474
3.27 -0.00703397 -0.00505649 0.0200489 0.021247
3.28 -0.0150671 0.0846207 0.00689088 0.0165681
3.29 -0.010296 -0.0652718 0.0448393 0.0460062
3.3 -0.00303595 -0.0603755 0.00616261 0.00686985
3.31 -0.00235411 -0.0563818 0.0123361 0.0125587
3.32 -0.0148321 -0.0805392 -0.0384049 0.0411695
3.33 -0.00298482 -0.0381896 0.0317761 0.031916
3.34 0.00134321 -0.036249 0.0127117 0.0127825
3.35 -0.00770914 -0.0178866 0.0322324 0.0331415
3.36 -0.00972839 -0.0746643 0.00677175 0.0118532
3.37 0.0045412 -0.0835636 0.006204 0.00768844
3.38 0.000813408 0.0305991 -0.0251083 0.0251214
3.39 0.00121925 -0.0274881 -0.00618637 0.00630538
3.4 -0.000595006 0.00474066 0.0252437 0.0252507
3.41 -0.0122444 0.0117615 -0.0194733 0.0230029
3.42 -0.00815952 -0.00807674 -0.00680401 0.0106241
3.43 -0.00275762 -0.105134 -0.0459626 0.0460453
3.44 -0.0206749 -0.0101227 0.0266734 0.0337478
3.45 -0.00716508 0.0353013 0.00047696 0.00718094
3.46 -0.00830136 0.0319912 -0.0126546 0.0151345
3.47 -0.000994648 0.036756 -0.0133178 0.0133549
3.48 0.00289595 -0.130956 0.0184629 0.0186886
3.49 -0.00152536 -0.0435757 -7.98767e-05 0.00152745
3.5 -0.0142982 -0.0359926 0.000297036 0.0143013
3.51 -0.00155886 -0.0571712 0.0263486 0.0263946
3.52 0.00159625 -0.0102746 0.045267 0.0452951
3.53 -0.00977802 -0.0877451 -0.025779 0.0275711
3.54 -0.0142003 0.0530449 -0.0120656 0.0186341
3.55 -0.0132826 -0.0496704 -0.0190476 0.0232215
3.56 -0.00150124 -0.0928037 -0.0129717 0.0130583
3.57 -0.0100547 -0.0337204 -0.00684458 0.0121633
3.58 -0.0151244 -0.062313 -0.0130249 0.0199599
3.59 -0.00892442 -0.141786 -0.019731 0.0216555
3.6 -0.0190215 -0.0596705 -0.0323817 0.0375552
3.61 -0.00168171 -0.0697923 0.0182541 0.0183314
3.62 0.00586197 -0.0572117 9.42867e-05 0.00586273
3.63 -0.011471 -0.00658071 0.00689068 0.0133815
3.64 -0.00315117 -0.0338872 -0.00641852 0.00715033
3.65 0.00164155 -0.0993035 0.018607 0.0186792
3.66 0.000877067 0.0260473 -0.00612067 0.00618319
3.67 -0.0189592 -0.0107927 -0.00627337 0.0199702
3.68 -0.0330445 -0.0599815 -0.000475373 0.0330479
3.69 -0.00206998 -0.0789833 -0.0259356 0.0260181
3.7 0.0036733 0.0242426 -0.000310911 0.00368643
3.71 -0.0184335 0.0378714 -0.0383186 0.0425218
3.72 -0.00567639 -0.161551 0.00531739 0.00777792
3.73 0.00250933 -0.0816962 0.00641047 0.0068841
3.74 -0.00213165 -0.114851 0.019024 0.0191431
3.75 0.0125325 -0.0122493 -0.0132414 0.0182318
3.76 0.000669986 -0.0759454 0.00573455 0.00577356
3.77 0.000681213 0.0533396 0.045248 0.0452531
3.78 -0.0100774 0.00607962 0.00692295 0.0122262
3.79 0.0132507 -0.0524749 0.0187085 0.0229257
3.8 -0.00935663 -0.0608711 0.0185959 0.0208172
3.81 -0.00850956 0.000844254 -0.0070743 0.0110661
3.82 -0.00758721 -0.00886796 -0.00647817 0.0099766
3.83 0.00185842 -0.0812196 0.005885 0.00617146
3.84 -0.0278367 -0.170921 -0.0326863 0.0429334
3.85 -0.00265036 -0.0426725 -0.0326343 0.0327417
3.86 -0.00994037 -0.11866 -0.0264014 0.0282107
3.87 -0.00691154 -0.106982 -0.000948011 0.00697625
3.88 -0.0214258 -0.0716363 0.00627596 0.0223261
3.89 -0.0020835 -0.0787891 -0.0324082 0.0324751
3.9 0.0043618 -0.0338072 -0.0259999 0.0263632
3.91 0.00495327 0.00573667 0.0130915 0.0139972
3.92 -0.00621828 -0.045345 -0.00707663 0.00942049
3.93 0.00134445 -0.0496029 -0.0392791 0.0393021
3.94 -0.0169233 -0.0696228 0.0383004 0.0418727
3.95 0.00196072 -0.023637 0.0516498 0.051687
3.96 -0.00301369 -0.0428422 0.0189522 0.0191903
3.97 -0.00538633 -0.0903562 -0.0258558 0.0264109
3.98 -0.00646409 -0.000323377 6.12862e-05 0.00646438
3.99 -0.00679797 0.0483195 -0.0123561 0.0141027
4 0.0135371 -0.039589 0.0128511 0.0186655
4.01 -0.0171848 -0.0745467 0.000370076 0.0171888
4.02 -0.0124917 -0.0726162 -0.0188886 0.0226456
4.03 -0.00860955 -0.160079 -0.0261043 0.0274874
4.04 -0.00700447 0.0355881 0.0199571 0.0211506
4.05 0.00279995 -0.113295 0.0127487 0.0130526
4.06 0.00225799 -0.0278799 -0.0131014 0.0132946
4.07 -0.0138394 -0.0451492 -0.0186016 0.0231851
4.08 0.0093278 -0.0813717 -0.00749371 0.0119651
4.09 -0.00313525 -0.0383278 -0.000305912 0.00315014
4.1 -0.00777595 0.0671224 0.013272 0.0153822
4.11 -0.00621561 -0.0139217 0.032156 0.0327512
4.12 -0.00563308 -0.139636 -0.0390588 0.0394629
4.13 0.0134261 -0.0349458 0.00612706 0.0147581
4.14 0.00186761 -0.0276612 0.0255392 0.0256074
4.15 -0.00183461 -0.0791962 0.0193623 0.019449
4.16 -0.0027501 -0.0740527 0.0123452 0.0126478
4.17 -0.0211138 -0.0988735 -0.019413 0.028682
4.18 -0.0184318 0.0201117 -0.00584596 0.0193367
4.19 -0.0150943 0.084848 0.0202011 0.0252175
4.2 -0.00207988 -0.0434619 0.026259 0.0263412
4.21 0.00119041 -0.00950095 -0.0253488 0.0253767
4.22 -0.013406 -0.143703 -0.00043422 0.0134131
4.23 -0.00561221 -0.0632886 -0.0383451 0.0387536
4.24 -0.00989594 -0.0384748 0.0127544 0.0161432
4.25 -0.00794466 0.00480497 0.00684899 0.0104893
4.26 -0.0143529 -0.0138939 0.039018 0.0415741
4.27 0.00215302 -0.0639584 0.0129218 0.0130999
4.28 -0.00197304 -0.0168312 0.0262508 0.0263248
4.29 -0.00958445 -0.0790641 -0.00635488 0.0114998
4.3 -0.00626807 -0.0450515 -0.0127732 0.0142283
4.31 0.00523374 -0.0833243 -0.0196615 0.0203462
4.32 -0.0151389 -0.00870881 0.0127617 0.0198002
4.33 -0.00585851 -0.0767376 -0.0382083 0.0386549
4.34 -0.00177899 -0.0482283 0.0319777 0.0320271
4.35 0.00546094 -0.00761734 -0.0195452 0.0202937
4.36 -0.0038637 -0.176362 0.0190623 0.01945
4.37 -0.00641726 0.00381277 0.0132963 0.0147639
4.38 -0.00915673 -0.110169 -0.000660162 0.0091805
4.39 -6.6272e-05 0.0757215 -0.0192016 0.0192017
4.4 -0.00201739 0.00557698 0.0261143 0.0261921
4.41 0.00126654 -0.0634301 -0.00665111 0.00677063
4.42 0.000570061 0.00361625 -0.0255702 0.0255766
4.43 0.00969008 -0.0639438 0.0123478 0.0156961
4.44 -0.00678685 -0.0357497 0.0130308 0.0146923
4.45 -0.00215618 -0.0788138 0.0122401 0.0124286
4.46 -0.025221 -0.0565099 -0.00603354 0.0259326
4.47 -0.0175999 -0.0381103 -0.0191648 0.0260201
4.48 -0.00773726 0.0759875 0.00667561 0.0102191
4.49 0.00031931 -0.170042 0.0382631 0.0382645
4.5 -0.0112834 0.0109144 -0.0254736 0.0278607
4.51 -0.00659255 -0.0229842 0.000500462 0.00661152
4.52 -0.00402585 0.109278 0.00694421 0.0080268
4.53 0.00495327 0.00573667 0.0130915 0.0139972
4.54 -0.00264309 -0.03405 -0.0193794 0.0195588
4.55 -0.00610526 -0.054215 -0.0258488 0.02656
4.56 -0.0028462 0.063637 0.00711621 0.00766428
4.57 -0.00666206 -0.000531184 0.0064958 0.00930475
4.58 -0.00500183 -0.0817779 -0.0325787 0.0329605
4.59 0.00453092 0.0417015 9.70299e-05 0.00453196
4.6 0.00131153 -0.0498462 -0.0194279 0.0194721
4.61 -0.00249624 0.0239253 -0.00607025 0.00656347
4.62 -0.0173779 -0.0606075 -0.000254 0.0173798
4.63 0.00399278 0.0908024 -0.0188989 0.019316
4.64 0.0136098 -0.142198 -0.0205413 0.0246409
4.65 0.00171177 -0.0458696 0.00621475 0.00644618
4.66 -0.00562225 -0.188851 -0.00703171 0.00900304
4.67 -0.0101137 -0.0923699 -0.013002 0.0164723
4.68 0.00628579 -0.0213733 0.038647 0.0391548
4.69 0.000972949 -0.0541478 -0.000586817 0.00113622
4.7 -0.0120788 0.0024385 -0.0062952 0.0136208
4.71 -0.00531252 -0.0947595 -0.0194726 0.0201843
4.72 -0.00840449 -0.227318 -0.0200661 0.0217551
4.73 -0.00946968 -0.141383 -0.00711097 0.0118423
4.74 0.00594947 -0.0616481 -0.0133054 0.014575
4.75 -0.00920569 -0.159403 0.00595778 0.0109654
