0 -0.031608 0.067983 0.0583595 0.0663694
0.01 -0.00855932 0.0810912 0.0325845 0.0336899
0.02 -0.00717342 -0.0853808 0.0579275 0.05837
0.03 -0.0209884 0.00825314 0.0388717 0.044176
0.04 -0.00893014 0.0724797 0.0195246 0.0214699
0.05 -0.0094241 -0.00770542 0.070131 0.0707614
0.06 -0.00490386 0.149852 0.0398613 0.0401618
0.07 -0.0230075 -0.0977278 0.0317896 0.0392418
0.08 -0.0170263 0.0373922 -0.0133449 0.0216328
0.09 -0.00926995 0.0991291 0.0255713 0.0271997
0.1 -0.00352567 0.0242644 0.0647711 0.064867
0.11 -0.0184984 -0.0603685 0.0387759 0.0429623
0.12 -0.00771703 0.000197207 0.0643919 0.0648527
0.13 0.00101254 -0.0586342 -0.000606013 0.00118003
0.14 -0.0100928 -0.105785 0.0711526 0.0718649
0.15 -0.000217171 0.0136626 0.0580136 0.058014
0.16 -0.019938 0.0521523 0.0262336 0.0329504
0.17 0.00771394 -0.0135879 0.0510306 0.0516103
0.18 -0.016657 0.00985105 0.0388844 0.0423019
0.19 -0.0113277 0.00251488 0.0446399 0.0460548
0.2 0.00221521 0.0612124 0.0445248 0.0445799
0.21 -0.0118983 -0.0237216 0.0514076 0.0527666
0.22 -8.52258e-05 0.0894112 0.0837722 0.0837723
0.23 0.0082491 0.00850064 0.044677 0.0454322
0.24 -0.00795097 0.0627844 0.0455298 0.0462188
0.25 -0.000383086 0.0405851 0.038619 0.0386209
0.26 -0.02073 0.0522977 0.0586662 0.062221
0.27 -0.0155738 0.013757 0.0775195 0.0790684
0.28 -0.00336236 0.011198 0.0322578 0.0324326
0.29 -0.0256993 -0.154467 0.0321273 0.0411414
0.3 -0.00534031 0.0791526 0.0647234 0.0649434
0.31 -0.00819923 0.0762019 0.0648266 0.0653431
0.32 -0.000789313 -0.00802482 0.037774 0.0377823
0.33 -0.000583672 0.0315936 -0.00051513 0.000778481
0.34 -0.00860769 0.0452103 0.0326252 0.0337416
0.35 -0.000244284 0.0490668 0.0254581 0.0254593
0.36 -0.0151434 0.0849413 0.0910328 0.0922837
0.37 -0.0196418 -0.0547212 0.031309 0.0369602
0.38 -0.00375243 -0.0288226 0.0834548 0.0835391
0.39 0.00437022 -0.0296126 0.0382871 0.0385357
0.4 -0.00775408 -0.00883062 0.0386732 0.0394429
0.41 -0.00866527 0.112911 0.0647306 0.065308
0.42 -0.00694339 -0.0354028 0.0193247 0.0205343
0.43 -0.0074539 -0.0668442 0.044447 0.0450677
0.44 0.0144732 0.00919793 0.0316317 0.0347856
0.45 -0.00889554 0.0631143 0.0519412 0.0526974
0.46 0.0111164 0.0159876 0.031215 0.0331354
0.47 -0.00892441 0.0584616 0.0391173 0.0401224
0.48 -6.63973e-05 0.00469404 0.0384655 0.0384655
0.49 -0.0197132 0.0838792 0.0517831 0.0554085
0.5 -0.00931273 0.00118429 0.0188863 0.0210575
0.51 -0.000467223 0.0446788 0.0710939 0.0710954
0.52 -0.0087376 0.0319775 0.0321887 0.0333535
0.53 -0.00935235 -0.0169691 0.025244 0.0269207
0.54 -0.00850056 0.11694 0.0713315 0.0718362
0.55 -0.0044213 -0.00612593 0.0192073 0.0197096
0.56 -0.0149353 -0.0756247 0.0248614 0.0290026
0.57 0.0116957 0.0155069 0.0512503 0.0525679
0.58 -0.0112704 -0.0108 0.0514877 0.0527068
0.59 -0.0134591 -0.00929906 0.00572714 0.014627
0.6 -0.0128251 0.0254352 0.0387378 0.0408057
0.61 -0.0313871 -0.0836509 0.0251524 0.0402218
0.62 -0.0197159 0.0430269 0.0134286 0.0238546
0.63 -0.0148871 -0.039905 0.0510736 0.0531991
0.64 -0.0187444 -0.00199417 0.0393341 0.0435721
0.65 0.00369163 0.0287664 -1.86637e-05 0.00369167
0.66 -0.009333 0.0367378 0.0322938 0.0336154
0.67 -0.0120166 0.0296534 0.032848 0.034977
0.68 -0.0117175 -0.0107619 0.0324047 0.0344581
0.69 -0.00463955 0.0292198 0.0390494 0.039324
0.7 -0.00856511 -0.00374081 0.0196631 0.0214476
0.71 -0.0081776 0.00042958 0.0388356 0.0396872
0.72 0.00319356 0.0383455 0.0257151 0.0259126
0.73 -0.00811372 0.0186787 0.0252317 0.0265042
0.74 0.00422204 -0.00208965 0.0248831 0.0252388
0.75 -0.0160568 0.0633794 0.0386021 0.0418084
0.76 -0.0199371 -0.0144685 -0.000562191 0.019945
0.77 -0.0152306 0.0134895 0.0522569 0.0544312
0.78 -0.00525316 0.154689 0.0715455 0.0717381
0.79 -0.0115959 -0.0152763 0.0516628 0.0529482
0.8 -0.00564969 0.0703968 0.0447582 0.0451133
0.81 -0.013429 0.0616516 0.039286 0.0415178
0.82 -0.00470176 0.0829351 0.051961 0.0521733
0.83 0.000315555 0.0173578 0.0583587 0.0583595
0.84 -0.00825398 0.0986424 0.0259024 0.0271857
0.85 -0.0279545 0.0611781 0.0195236 0.0340972
0.86 -0.0325187 -0.190463 0.00644127 0.0331505
0.87 -0.0121565 0.00291941 0.0515931 0.0530059
0.88 -0.00761442 -0.0086406 0.00682952 0.0102285
0.89 -0.0114421 -0.015139 0.0251774 0.0276555
0.9 -0.00927987 0.054697 0.0324087 0.0337111
0.91 -0.000499296 0.0273192 0.0184022 0.018409
0.92 -0.000854379 0.0273168 0.032245 0.0322563
0.93 -0.0265914 -0.12675 0.0377779 0.0461982
0.94 0.00461116 -0.0115942 0.0445719 0.0448098
0.95 -0.0165464 0.0455873 0.0319383 0.0359699
0.96 -0.00629913 -0.161784 0.0702438 0.0705256
0.97 -0.00510782 0.047697 0.0193996 0.0200607
0.98 -0.01106 -0.0599696 0.0447658 0.0461118
0.99 -0.0166357 0.0902621 0.0327797 0.0367595
1 -0.0110856 -0.0198466 0.0645955 0.0655398
1.01 -0.0131738 0.0835602 0.020089 0.0240233
1.02 -0.00948596 0.0727536 0.0196105 0.0217843
1.03 0.000383025 -0.00901945 0.0580648 0.0580661
1.04 -0.00743917 -0.00448333 0.0259639 0.0270086
1.05 -0.00794485 -0.00856688 0.0385648 0.0393746
1.06 -0.0150203 0.0177294 0.0777936 0.0792304
1.07 0.00351927 0.042641 0.0769321 0.0770126
1.08 -0.00952833 0.148249 0.0456712 0.0466545
1.09 -0.00361343 0.0156707 0.0322389 0.0324408
1.1 0.0150999 0.00484386 0.0439905 0.0465099
1.11 -0.0085353 -0.0215673 0.0125726 0.0151961
1.12 -0.000612687 -0.0440863 0.0443255 0.0443297
1.13 -0.000272083 0.0359419 0.045343 0.0453439
1.14 -0.00958859 0.0815914 0.0771722 0.0777656
1.15 -0.0210759 0.146555 0.0259872 0.0334594
1.16 -0.00463179 0.0204038 0.0322678 0.0325985
1.17 -0.0191825 0.0118478 0.0322689 0.03754
1.18 -0.00352906 0.00196738 0.0520326 0.0521521
1.19 -0.0190574 0.0203626 0.038889 0.0433074
1.2 -0.0133861 0.0304397 0.0189923 0.0232357
1.21 0.00419298 -0.00690336 0.0383122 0.0385409
1.22 -0.00362639 0.00657758 0.0255276 0.0257839
1.23 -0.0188475 -0.0421593 0.0387436 0.0430848
1.24 -0.00739105 -0.0845674 0.0186203 0.0200335
1.25 0.00641053 0.0409755 0.00570812 0.00858356
1.26 -0.0177166 -0.136873 0.0192806 0.0261844
1.27 -0.00273554 -0.0250637 0.0255785 0.0257244
1.28 -0.0113751 0.0158171 0.0514413 0.052684
1.29 -0.00470576 0.034075 0.0512619 0.0514774
1.3 -0.00330647 -0.00717762 0.0643662 0.064451
1.31 -0.00433157 -0.0149699 0.0317031 0.0319976
1.32 0.00859483 -0.00936591 0.0256309 0.0270336
1.33 -0.00821081 0.0268899 0.0455324 0.0462668
1.34 -0.00686487 -0.103007 0.0385406 0.0391472
1.35 -0.0316722 0.0458315 0.0525257 0.0613358
1.36 -0.00803134 0.0318419 0.0641848 0.0646853
1.37 -0.00837652 -0.00368189 0.025833 0.0271571
1.38 -6.52578e-05 0.00875888 0.0316496 0.0316497
1.39 -0.0111487 -0.0151534 0.0444929 0.0458684
1.4 -0.00359511 0.00698369 0.0379915 0.0381612
1.41 -0.0257598 0.336969 0.014473 0.0295471
1.42 -0.00781376 0.0313704 0.0258469 0.0270022
1.43 -0.0194837 0.0206781 0.019735 0.0277324
1.44 -0.0138061 -0.0851621 0.0578101 0.0594359
1.45 -0.0188523 -0.0242375 0.038588 0.0429469
1.46 -0.000124301 0.00465673 0.0381949 0.0381951
1.47 -0.0117942 -0.00603556 0.032083 0.0341822
1.48 -0.00313537 -0.00642029 0.0187328 0.0189934
1.49 -0.0242515 0.04563 0.052525 0.0578534
1.5 -0.0139443 -0.00918164 0.0125563 0.0187644
1.51 -0.000329398 0.0492568 0.0384953 0.0384967
1.52 -0.0109133 0.00192941 0.0523741 0.0534991
1.53 -0.00041329 0.0184959 0.0643268 0.0643281
1.54 -0.022538 -0.0442211 0.0256079 0.0341134
1.55 -0.000543394 0.0853972 0.0578559 0.0578585
1.56 0.00764356 -0.0577539 0.0887975 0.0891259
1.57 -0.00466816 0.127321 0.0389918 0.0392703
1.58 0.00499974 -0.159523 0.0119036 0.0129109
1.59 -0.000375332 0.0317693 0.0318375 0.0318397
1.6 -0.015452 0.10291 0.0327745 0.0362345
1.61 -0.0119888 0.0386934 0.0449175 0.04649
1.62 0.00334233 0.0336037 0.0316655 0.0318414
1.63 -0.0309974 -0.0571633 0.0319249 0.0444976
1.64 -0.000618827 0.0272651 0.0512899 0.0512937
1.65 -0.00520923 0.11909 0.0520056 0.0522658
1.66 -0.0056157 0.0706607 -0.00023165 0.00562047
1.67 -0.0320513 0.112938 0.0708151 0.0777307
1.68 -0.012118 0.0784065 0.0717932 0.0728087
1.69 -0.014965 -0.0219478 0.0201506 0.0250998
1.7 -0.0107142 0.162648 0.0134455 0.0171923
1.71 -0.0152965 -0.093697 0.0514644 0.0536896
1.72 -0.00743958 -0.0176745 0.00628814 0.00974105
1.73 -0.0255953 -0.171657 0.0312979 0.0404312
1.74 -0.0137641 -0.116535 0.0637695 0.065238
1.75 -0.0166784 0.121635 0.0268205 0.0315833
1.76 -0.0059982 0.115169 0.0326865 0.0332323
1.77 -0.000923791 0.0805605 0.0516996 0.0517078
1.78 -0.00500236 0.0342514 0.0642609 0.0644553
1.79 -0.0131418 0.0481155 0.0443542 0.0462602
1.8 -0.0111534 0.042362 0.0782266 0.0790177
1.81 -0.0170172 0.0907895 0.0325629 0.0367414
1.82 0.00796759 -0.00893513 0.0189737 0.0205787
1.83 -0.0136874 0.0749207 0.0711873 0.0724912
1.84 -0.000763657 0.0450163 0.0578393 0.0578444
1.85 -0.000701794 0.000749608 0.018914 0.018927
1.86 -0.0149605 -0.0449502 0.0707054 0.0722708
1.87 0.00100237 -0.0814225 0.0183376 0.018365
1.88 0.0134685 0.0847643 -0.0195313 0.0237249
1.89 0.0565729 0.0316057 -0.130801 0.142511
1.9 0.0939305 -0.0807537 -0.119887 0.152301
1.91 0.0859023 -0.11649 -0.172899 0.193063
1.92 0.11114 0.00219828 -0.192527 0.222303
1.93 0.111654 -0.0517372 -0.193531 0.223429
1.94 0.0934197 -0.241664 -0.258589 0.274947
1.95 0.11352 -0.0745669 -0.265702 0.288936
1.96 0.0976927 -0.0382158 -0.323455 0.337886
1.97 0.101607 -0.0983868 -0.382751 0.396008
1.98 0.0976081 -0.00224432 -0.479491 0.489325
1.99 0.0978602 -0.0826057 -0.531648 0.54058
2 0.11114 -0.171442 -0.570784 0.581504
2.01 0.112675 0.0687017 -0.634547 0.644473
2.02 0.119289 -0.0518248 -0.693414 0.7036
2.03 0.11847 -0.0506283 -0.804078 0.812759
2.04 0.118612 -0.0865921 -0.855321 0.863506
2.05 0.106785 -0.0967568 -0.906531 0.912798
2.06 0.0866325 -0.0435918 -1.0547 1.05826
2.07 0.0598558 -0.138596 -1.11179 1.1134
2.08 0.0388877 -0.0402828 -1.18157 1.18221
2.09 0.0256421 -0.152386 -1.2781 1.27836
2.1 0.0274508 -0.18454 -1.35078 1.35106
2.11 0.0250663 0.00878607 -1.4406 1.44081
2.12 0.0493605 -0.144427 -1.48683 1.48765
2.13 0.0523692 -0.128762 -1.54465 1.54554
2.14 0.0872458 -0.118843 -1.57121 1.57363
2.15 0.09037 -0.116133 -1.67442 1.67685
2.16 0.0668383 -0.128782 -1.71946 1.72076
2.17 0.0802034 -0.096236 -1.77881 1.78062
2.18 0.0816202 -0.213894 -1.81748 1.81931
2.19 0.0793117 0.0157397 -1.86143 1.86312
2.2 0.0786731 -0.0902941 -1.96533 1.96691
2.21 0.0533966 -0.186698 -2.087 2.08769
2.22 0.0579327 -0.201907 -2.24385 2.2446
2.23 0.0670415 -0.21174 -2.32095 2.32191
2.24 0.0776152 -0.24043 -2.39953 2.40079
2.25 0.082939 -0.10122 -2.4706 2.47199
2.26 0.0925705 -0.129401 -2.65274 2.65435
2.27 0.10356 -0.238328 -2.79632 2.79823
2.28 0.0997664 -0.347155 -2.86198 2.86372
2.29 0.121421 -0.311494 -3.0425 3.04492
2.3 0.142063 -0.248047 -3.10188 3.10513
2.31 0.151133 -0.319994 -3.2309 3.23443
2.32 0.162181 -0.339321 -3.38111 3.385
2.33 0.191356 -0.3393 -3.49831 3.50354
2.34 0.185973 -0.367492 -3.65388 3.65861
2.35 0.209214 -0.310264 -3.75166 3.75749
2.36 0.227918 -0.55417 -3.88842 3.8951
2.37 0.263289 -0.400642 -4.03227 4.04086
2.38 0.293457 -0.352251 -4.26615 4.27623
2.39 0.317182 -0.505811 -4.35172 4.36326
2.4 0.350445 -0.495525 -4.40463 4.41855
2.41 0.395542 -0.483206 -4.50984 4.52715
2.42 0.401054 -0.477321 -4.62722 4.64456
2.43 0.407416 -0.480971 -4.77588 4.79323
2.44 0.378731 -0.360114 -4.94959 4.96406
2.45 0.39327 -0.418107 -5.06546 5.0807
2.46 0.390177 -0.460863 -5.19977 5.21439
2.47 0.413293 -0.573316 -5.33087 5.34687
2.48 0.44001 -0.46873 -5.58415 5.60146
2.49 0.464716 -0.532511 -5.85731 5.87571
2.5 0.461105 -0.463623 -6.03267 6.05027
2.51 0.489695 -0.481353 -6.13089 6.15041
2.52 0.507478 -0.555356 -6.24823 6.2688
2.53 0.531367 -0.610294 -6.56692 6.58838
2.54 0.550206 -0.577279 -6.85335 6.8754
2.55 0.543035 -0.640211 -7.04163 7.06254
2.56 0.559552 -0.797944 -7.1264 7.14834
2.57 0.555423 -0.711453 -7.15164 7.17317
2.58 0.572951 -0.612242 -7.25521 7.27779
2.59 0.596105 -0.720587 -7.46349 7.48726
2.6 0.643057 -0.754985 -7.71121 7.73798
2.61 0.612752 -0.759474 -7.25755 7.28337
2.62 0.594068 -0.611926 -5.24936 5.28287
2.63 0.454989 -0.157947 -4.30545 4.32942
2.64 0.279501 -0.385989 -9.89516 9.89911
2.65 0.209021 -0.715731 -9.79892 9.80115
2.66 0.525531 -0.757336 -9.01429 9.0296
2.67 0.875024 -0.799347 -7.40177 7.45331
2.68 1.1494 -0.722193 -6.40984 6.51208
2.69 1.27096 -0.800447 -5.34966 5.49856
2.7 1.28821 -0.682879 -4.9347 5.10008
2.71 1.13426 -0.951446 -4.93753 5.06614
2.72 0.914641 -0.634847 -4.75652 4.84366
2.73 0.702746 -0.608364 -4.49392 4.54853
2.74 0.471511 -0.571367 -4.01902 4.04659
2.75 0.298468 -0.453886 -3.66941 3.68153
2.76 0.150762 -0.549395 -3.41424 3.41757
2.77 0.0264406 -0.436939 -3.0984 3.09851
2.78 -0.082975 -0.195522 -2.73448 2.73574
2.79 -0.19433 -0.114037 -2.39238 2.40026
2.8 -0.231968 -0.108655 -2.02518 2.03842
2.81 -0.263388 -0.0714543 -1.84086 1.85961
2.82 -0.328001 -0.0276694 -1.65648 1.68864
2.83 -0.341443 0.0254604 -1.57053 1.60721
2.84 -0.358716 0.00435473 -1.44004 1.48404
2.85 -0.337239 0.00892564 -1.20847 1.25464
2.86 -0.301225 0.0795803 -0.956817 1.00311
2.87 -0.280463 0.142288 -0.685134 0.740316
2.88 -0.254994 0.130661 -0.427019 0.49736
2.89 -0.234554 0.139244 -0.225438 0.325327
2.9 -0.0627044 0.0442079 -0.0282506 0.0687746
2.91 -0.0192108 0.0343932 0.0917471 0.0937368
2.92 -0.0107691 -0.0917493 0.102496 0.10306
2.93 -0.0153554 -0.0214277 0.0314239 0.0349749
2.94 -0.00749026 -0.0402219 0.0834583 0.0837938
2.95 -0.0044877 -0.00143189 0.0576728 0.0578472
2.96 -0.00458799 -0.00592762 0.0381057 0.0383809
2.97 -0.0012803 0.0276127 0.0382303 0.0382517
2.98 0.000388381 -0.013589 0.0516433 0.0516447
2.99 -0.0080533 -0.0174379 0.0061035 0.0101049
3 -0.0036009 -0.0110668 0.025613 0.0258649
3.01 -0.0147212 0.0937036 0.0128356 0.0195311
3.02 -0.0206428 0.0305853 0.0575477 0.0611381
3.03 -0.0044627 0.0159591 0.0130094 0.0137535
3.04 -0.0117702 -0.00610088 0.0510898 0.0524281
3.05 -0.00348408 0.0155512 0.0392533 0.0394076
3.06 -0.0100704 0.100263 0.0510498 0.0520336
3.07 -0.00913818 0.0238969 0.0636366 0.0642893
3.08 -0.00478235 0.0521732 0.0192245 0.0198104
3.09 -0.0235371 0.0234868 0.0580638 0.062653
3.1 0.00185099 0.0397201 0.0314985 0.0315529
3.11 -0.00593554 0.0840739 0.0385756 0.0390295
3.12 -0.00348172 -0.0113349 0.0452318 0.0453656
3.13 -0.00484977 0.00768416 0.0509299 0.0511603
3.14 -0.00288986 -0.0291244 0.0577654 0.0578376
3.15 -0.012145 -0.0503618 0.0318686 0.0341043
3.16 -0.00905624 0.0411645 0.0454967 0.0463893
3.17 0.0089658 -0.116739 0.0565265 0.0572332
3.18 -0.00449764 0.0344312 0.0322229 0.0325353
3.19 0.00716376 0.0272153 0.0834094 0.0837165
3.2 0.00132278 0.0529579 0.0379525 0.0379756
3.21 -0.000545414 0.00967062 0.0379973 0.0380012
3.22 -0.0110406 -0.0194735 0.0572784 0.0583327
3.23 0.00437544 -0.00227456 0.0509036 0.0510913
3.24 0.00731708 -0.00847832 0.0435868 0.0441967
3.25 -0.00114799 0.0365991 0.0383068 0.038324
3.26 -0.00320997 -0.0381701 0.051519 0.0516189
3.27 -0.00469962 -0.0372763 0.0442975 0.0445461
3.28 -0.0120642 -0.0194388 0.0383515 0.0402043
3.29 -0.0114238 -0.0106152 0.0254672 0.027912
3.3 -0.0120908 -0.00585911 0.045082 0.0466752
3.31 -0.00479443 0.114742 0.0391876 0.0394798
3.32 -0.00937333 0.0371398 0.0642674 0.0649474
3.33 -0.00584226 0.0882592 0.0384326 0.0388741
3.34 0.00251977 -0.00527433 0.0244394 0.0245689
3.35 -0.000345464 0.0629653 0.0577599 0.057761
3.36 -0.00060051 0.0317888 0.0515797 0.0515832
3.37 0.00240738 0.0301588 0.0311746 0.0312674
3.38 -0.0176918 0.0377412 0.032163 0.0367077
3.39 -0.0083021 0.00901016 0.0713297 0.0718112
3.4 -0.00520069 0.0434921 0.0446811 0.0449828
3.41 0.0054871 0.0547738 0.0317256 0.0321966
3.42 -0.00433778 -0.139718 0.0373983 0.037649
3.43 -0.000108788 0.00023573 0.0191689 0.0191692
3.44 1.5174e-05 -0.00852511 0.0380671 0.0380671
3.45 -0.00148156 0.130341 0.0646064 0.0646234
3.46 -0.00389572 -0.0511289 0.0511677 0.0513158
3.47 -0.0128359 -0.05859 0.0116859 0.0173586
3.48 -0.018854 -0.0775051 0.0637824 0.0665107
3.49 -0.0118045 0.00308386 0.0700647 0.0710522
3.5 0.012195 -0.0250232 0.0383109 0.040205
3.51 -0.00632646 0.0176711 0.0504197 0.0508151
3.52 -0.0136674 0.0128232 0.0446812 0.0467248
3.53 -0.00146468 0.0724901 0.0384604 0.0384883
3.54 -0.0119886 -0.0414407 0.0509519 0.0523433
3.55 -0.00559178 0.0704341 0.0450287 0.0453746
3.56 -0.00638374 0.0668366 0.0317706 0.0324056
3.57 -0.00529155 0.115014 0.0898213 0.089977
3.58 -0.012369 -0.0236377 0.0384564 0.0403966
3.59 -0.0188121 -0.0689422 0.0259859 0.0320806
3.6 -0.00377296 -0.015728 0.0518093 0.0519465
3.61 -0.00850045 0.0145078 0.0060592 0.0104389
3.62 -0.0124562 0.083553 0.0646193 0.0658089
3.63 -0.00756105 0.00913774 0.0583366 0.0588246
3.64 -0.0134253 0.070757 0.0323487 0.035024
3.65 -0.01549 -0.0570985 0.0193632 0.0247967
3.66 0.000271412 -0.0177284 0.0579174 0.057918
3.67 -0.00420481 -0.00157509 0.0644541 0.0645911
3.68 0.0084936 -0.0407469 0.0706104 0.0711194
3.69 -0.0191318 -0.0820924 0.0768325 0.0791786
3.7 -0.0121921 -0.0105156 0.051768 0.0531843
3.71 -0.0037543 -0.0108821 -0.000407536 0.00377635
3.72 -0.00779441 -0.00842867 0.0706468 0.0710755
3.73 -0.0112103 -0.0110854 0.0456974 0.0470523
3.74 -0.00819071 0.000604162 0.0575016 0.058082
3.75 -0.00452048 0.0608593 0.0777069 0.0778383
3.76 -0.00047597 0.0269513 0.0647769 0.0647787
3.77 -0.0235099 -0.0303113 0.0387504 0.0453245
3.78 0.000689129 -0.0582502 0.0508393 0.050844
3.79 0.0198697 -0.0205917 0.0313919 0.0371518
3.8 -0.00431762 0.0206668 0.051513 0.0516936
3.81 -0.0155493 0.0498643 0.0322183 0.0357743
3.82 -0.00946145 0.0953083 0.0574173 0.0581916
3.83 -0.00565937 0.128719 0.0643613 0.0646096
3.84 -0.00527651 -0.00519151 0.0121002 0.0132006
3.85 0.00763422 0.00467237 0.0513076 0.0518725
3.86 0.0103517 0.0118208 0.0822943 0.0829428
3.87 -0.000628949 0.0497562 0.0575558 0.0575593
3.88 -0.0109808 -0.0689424 0.0447274 0.0460556
3.89 -0.0109118 -0.0554239 0.0509549 0.0521101
3.9 -0.0123087 -0.0731262 0.051044 0.0525071
3.91 -0.00468844 0.0120553 0.0384531 0.0387378
3.92 -0.0111417 -0.0601223 0.0768806 0.0776838
3.93 -0.00418516 0.0203853 0.0262122 0.0265442
3.94 0.00370621 0.00688905 0.0446256 0.0447792
3.95 0.00452562 -0.0245953 0.0379327 0.0382017
3.96 0.0031331 0.0518224 0.0511818 0.0512776
3.97 -0.0184124 0.0649176 0.0379928 0.0422193
3.98 0.000272587 0.00897611 0.044763 0.0447638
3.99 -0.0107946 -0.131418 0.0507145 0.0518506
4 -0.0162084 0.0233259 0.0251372 0.0299098
4.01 -0.000650841 0.0227744 0.0707805 0.0707835
4.02 -0.0126774 0.0392684 0.0451656 0.0469111
4.03 -0.0282058 -0.0185467 0.0323549 0.0429232
4.04 -5.13239e-05 -0.0355578 0.00610227 0.00610248
4.05 0.00356544 0.11878 0.0391964 0.0393583
4.06 -0.00358235 -0.00672384 0.0772949 0.0773779
4.07 -0.00538829 -0.0140616 0.0382064 0.0385845
4.08 -0.0159826 0.0185967 0.0586553 0.0607938
4.09 0.00202383 0.0254841 0.0573321 0.0573678
4.1 -0.0063416 0.0488359 0.00601412 0.00873988
4.11 -0.00460011 0.0340012 0.0644074 0.0645715
4.12 -0.00073597 0.10326 0.0515303 0.0515356
4.13 -0.00128088 0.0142604 0.0448075 0.0448258
4.14 -0.00997631 0.0508771 0.0449012 0.0459961
4.15 0.00713507 0.0227238 0.0443325 0.044903
4.16 0.00570612 0.0231707 0.0575737 0.0578557
4.17 -0.0122698 0.114402 0.0842484 0.0851372
4.18 -0.00903674 0.0456681 0.070925 0.0714983
4.19 -0.00312824 -0.0512282 0.024867 0.025063
4.2 0.0101191 0.0341892 0.0508494 0.0518465
4.21 -0.00201097 0.0237097 0.0443204 0.044366
4.22 -0.00381552 -0.0109185 0.0578893 0.058015
4.23 -0.00737488 -0.0533383 0.0643231 0.0647445
4.24 -0.0152776 -0.0531812 0.0388384 0.0417352
4.25 -0.00920583 0.050113 0.0901834 0.090652
4.26 -0.0121569 -0.0102717 0.0319173 0.0341541
4.27 -0.012205 -0.0236937 0.0770111 0.0779722
4.28 -0.00687395 -0.031333 0.0515672 0.0520233
4.29 -0.00822789 0.014055 0.0516979 0.0523485
4.3 -0.000295908 0.0452555 0.0768521 0.0768527
4.31 -0.00233068 -0.0165302 0.0712937 0.0713318
4.32 -0.000364727 0.125062 0.0842666 0.0842674
4.33 -0.00215994 0.108586 0.0323356 0.0324077
4.34 0.00677821 0.049749 0.0510825 0.0515302
4.35 -0.00301441 -0.0337159 0.0454445 0.0455444
4.36 -0.00434945 0.0163372 0.0447506 0.0449615
4.37 -0.0289749 0.0755226 0.0258526 0.0388317
4.38 -0.00979209 0.108774 0.0322982 0.0337499
4.39 -0.000770444 -0.0127885 0.0378251 0.0378329
4.4 0.00359666 0.0739066 0.064338 0.0644385
4.41 -0.00832161 -0.0259613 0.0385036 0.0393926
4.42 0.0064551 0.0183866 0.0572361 0.057599
4.43 -0.014239 -0.142832 0.0700335 0.0714664
4.44 -0.00111454 0.103464 0.045252 0.0452657
4.45 -0.0159292 0.00999225 0.0708102 0.0725798
4.46 0.000580529 -0.0446425 0.0382924 0.0382968
4.47 0.0116503 0.0113716 0.0380153 0.0397604
4.48 -0.00807192 0.00978481 0.0511054 0.051739
4.49 -0.000991258 -0.0438819 0.0380472 0.0380601
4.5 -0.022086 -0.164955 0.0572194 0.061334
4.51 0.000556934 0.0579963 0.0834435 0.0834454
4.52 -0.00463108 0.0786938 0.0906587 0.0907769
4.53 0.00404125 -0.00183857 0.0384232 0.0386352
4.54 -0.0133369 0.115343 0.0519646 0.0536488
4.55 -0.0326764 0.0998745 0.0132813 0.0352723
4.56 -0.00640721 0.0839973 0.0518773 0.0522715
4.57 -0.00115134 0.0942554 0.0709261 0.0709355
4.58 -0.0127253 -0.00589988 0.0449677 0.0467336
4.59 -0.00495475 0.136914 0.0647637 0.0649529
4.6 -0.0222947 -0.156024 0.076497 0.0796797
4.61 0.0101243 0.0520983 0.0643423 0.0651339
4.62 -0.00405684 -0.0194884 0.0255902 0.0259098
4.63 0.00348322 0.0028429 0.0126162 0.0130882
4.64 -0.00500028 0.132618 0.0777816 0.0779422
4.65 -0.000539063 0.0448553 0.0392115 0.0392152
4.66 -0.0157479 -0.0436492 -0.000127149 0.0157484
4.67 0.0181306 0.0378813 0.0252107 0.0310531
4.68 -0.0153108 0.0185586 0.0328576 0.0362497
4.69 -0.00333845 0.0109715 0.0775182 0.0775901
4.7 -0.0162096 -0.0033787 0.0382916 0.0415812
4.71 -0.00769618 -0.0220041 0.0444066 0.0450685
4.72 -0.00360625 -0.100003 0.0697847 0.0698778
4.73 -0.0127063 0.0346158 0.0323417 0.0347482
4.74 -0.00760125 -0.0129388 0.0703952 0.0708044
4.75 -0.00487286 0.0210822 0.0504845 0.0507191
4.76 -0.0120343 0.034397 0.0579355 0.0591722
