0 -0.0192093 -0.11836 -0.0192966 0.0272278
0.01 -0.00855588 -0.0978939 -0.0132778 0.0157957
0.02 -0.000240786 -0.0940678 -0.0322049 0.0322058
0.03 -0.026402 -0.211827 -0.0587417 0.0644023
0.04 -0.0185896 -0.167128 -0.0838071 0.0858441
0.05 -0.00762986 -0.129291 -0.0330782 0.0339468
0.06 -0.021963 -0.134576 -0.0257243 0.0338247
0.07 -0.0265673 -0.149254 -0.0134069 0.0297584
0.08 -0.0358327 -0.0546551 -0.044535 0.0571607
0.09 -0.0204303 -0.0506338 -0.0256666 0.0328051
0.1 -0.0115668 -0.0382852 -0.0127594 0.0172218
0.11 -0.0200728 -0.0284561 -0.0507951 0.0546174
0.12 -0.0224235 -0.134343 -0.0512799 0.0559682
0.13 -0.0221488 -0.152073 -0.05193 0.0564561
0.14 -0.0152266 -0.178526 -0.0395348 0.0423657
0.15 -0.00747069 -0.0941299 -0.0320958 0.0329538
0.16 -0.0103126 -0.257705 -0.0457664 0.0469139
0.17 0.00110022 -0.152634 -0.00709314 0.00717796
0.18 0.000119417 -0.125179 -0.0655685 0.0655686
0.19 -0.0103181 -0.150362 -0.0517177 0.0527369
0.2 -0.0117248 -0.109742 -0.0320255 0.0341043
0.21 -0.00764514 -0.0851156 -0.00641583 0.00998054
0.22 -0.0117755 -0.131947 -0.0325004 0.0345679
0.23 -0.011498 -0.127521 -0.0192976 0.0224633
0.24 -0.0146187 -0.196813 -0.0517287 0.0537547
0.25 -0.00891833 -0.0125478 -0.0454922 0.0463582
0.26 -0.0111876 -0.0827929 0.0128905 0.0170683
0.27 -0.0187752 -0.127492 -0.00692489 0.0200116
0.28 -0.0219331 -0.129763 -0.0391534 0.0448781
0.29 -0.00773469 -0.0761106 -0.0451646 0.0458221
0.3 -0.0147713 -0.160817 -0.0392734 0.0419594
0.31 -0.0119744 -0.113419 -0.0518422 0.0532071
0.32 -0.00421533 -0.122691 -0.0389682 0.0391955
0.33 -0.0237303 -0.0797792 -0.0380356 0.0448311
0.34 -0.0163023 -0.124627 -0.0581551 0.0603968
0.35 -0.0249409 0.0682103 -0.0379051 0.0453745
0.36 -0.0103434 -0.212851 -0.0457687 0.046923
0.37 -0.0158181 -0.124906 -0.0387312 0.0418368
0.38 -0.0121972 -0.140286 -0.0261215 0.0288289
0.39 -0.0125031 0.0116993 -0.00613023 0.013925
0.4 -0.0116885 -0.113885 -0.0511224 0.0524416
0.41 -0.016238 -0.0931873 -0.0520832 0.0545558
0.42 -0.0177541 -0.248513 -0.0203182 0.0269822
0.43 -0.0104005 -0.212889 -0.0460393 0.0471995
0.44 -0.0053823 -0.0594843 -0.0651371 0.0653591
0.45 -0.0268241 -0.140192 -0.0321435 0.0418657
0.46 -0.022625 -0.13437 -0.0376695 0.0439418
0.47 -0.0186514 -0.100221 -0.0512203 0.0545105
0.48 -0.0264258 -0.0867091 0.00632383 0.0271719
0.49 -0.0109718 -0.0920484 -0.0710161 0.0718587
0.5 -0.0119165 -0.0334282 -0.00621379 0.0134392
0.51 -0.0105792 -0.127482 -0.0135163 0.0171643
0.52 -0.00246058 -0.163922 -0.0648453 0.064892
0.53 -0.0223791 -0.134112 -0.057482 0.0616847
0.54 -0.00798838 -0.160717 -0.0584655 0.0590087
0.55 -0.0155162 -0.107173 -0.0382367 0.041265
0.56 -0.0114551 -0.00693651 -0.0189511 0.0221442
0.57 -0.0192045 -0.113642 -0.0254795 0.0319064
0.58 -0.0155216 -0.125243 -0.0254766 0.0298325
0.59 -0.0197574 -0.00183046 0.0329408 0.0384116
0.6 -0.000142543 -0.111728 -0.0264914 0.0264918
0.61 -0.0228022 -0.124871 -0.032181 0.0394406
0.62 -0.0150959 -0.045405 -0.0374962 0.040421
0.63 -0.0198092 -0.0728774 -0.0519393 0.0555886
0.64 -0.0280927 -0.0819641 0.000880071 0.0281065
0.65 -0.00397208 -0.110057 -0.0134843 0.0140572
0.66 -0.015186 -0.120618 -0.0382562 0.04116
0.67 -0.0195728 -0.135768 -0.0642773 0.0671913
0.68 -0.0221615 -0.125496 -0.0190511 0.0292246
0.69 -0.0196251 -0.140556 -0.0195772 0.0277202
0.7 -0.0171507 -0.226419 0.0123853 0.0211552
0.71 -0.011112 -0.136522 -0.0449394 0.0462929
0.72 -0.0114166 -0.060606 -0.0257303 0.0281494
0.73 -0.0177631 -0.208746 -0.026331 0.0317623
0.74 -0.0108821 -0.154463 -0.0645266 0.0654378
0.75 -0.0210784 0.0522935 -0.0446264 0.049354
0.76 -0.00730667 -0.219258 -0.0524749 0.0529811
0.77 -0.00104547 -0.0134333 -0.0385323 0.0385464
0.78 -0.0255605 -0.225939 -0.0263914 0.0367403
0.79 -0.0104374 -0.150255 -0.0450829 0.0462754
0.8 -0.00769292 -0.107644 -0.0129523 0.0150646
0.81 -0.0101538 -0.23982 -0.032506 0.0340549
0.82 -0.0184903 -0.154501 -0.0193037 0.0267306
0.83 0.00366906 -0.127372 -0.0137733 0.0142536
0.84 -0.00897189 -0.119909 -0.06495 0.0655668
0.85 -0.0106515 -0.163137 -0.058736 0.059694
0.86 -0.0226149 -0.138003 -0.0456875 0.0509782
0.87 -0.00675092 -0.0944598 0.00637297 0.00928384
0.88 -0.0106986 -0.123291 -0.038836 0.0402827
0.89 -0.0102899 -0.230723 -0.0589917 0.0598825
0.9 -0.0151132 -0.0716118 0.000385631 0.0151181
0.91 -0.0107832 -0.132388 -0.0260375 0.028182
0.92 -0.0151058 -0.0804081 -0.0315345 0.0349659
0.93 -0.0192194 -0.0732293 -0.0193693 0.0272865
0.94 -0.0200517 -0.0376274 -0.0248505 0.0319314
0.95 -0.00366843 -0.0605582 -0.0514048 0.0515355
0.96 -0.0119161 -0.100191 -0.0318959 0.0340491
0.97 -0.0265174 -0.153431 -0.0522841 0.0586242
0.98 -0.0032732 -0.141414 -0.038681 0.0388192
0.99 -0.015863 -0.11585 -0.0322904 0.0359765
1 -0.00422549 -0.122839 -0.0263637 0.0267002
1.01 -0.0124098 -0.0640689 -0.051631 0.0531015
1.02 -0.00764499 -0.0943835 -0.0317931 0.0326993
1.03 -0.0263284 -0.136096 -0.0583929 0.064054
1.04 -0.0117886 -0.0959221 -0.0256358 0.0282164
1.05 -0.0222946 -0.147654 -0.0639419 0.0677172
1.06 -0.0182113 -0.212773 -0.0385981 0.0426786
1.07 -0.0169523 -0.0751289 -0.0256675 0.0307604
1.08 -0.00747113 -0.129961 -0.045433 0.0460432
1.09 -0.028151 -0.0148973 -0.0513542 0.0585639
1.1 -0.0150989 -0.161228 0.0126539 0.0197002
1.11 -0.0159157 -0.120618 -0.012729 0.0203798
1.12 -0.00406831 -0.113919 -0.00727984 0.0083395
1.13 -0.00272018 -0.150633 -0.0580826 0.0581463
1.14 -0.0216449 -0.201257 -0.0393364 0.0448983
1.15 -0.0263774 -0.207969 -0.0454358 0.0525374
1.16 -0.0182415 -0.154567 -0.0451777 0.0487214
1.17 -0.024091 -0.0705221 -0.0458929 0.0518318
1.18 -0.00924981 -0.182253 -0.00664014 0.0113864
1.19 -0.0085002 -0.093449 -0.0389002 0.0398181
1.2 -0.0192855 -0.109711 -0.0253197 0.031828
1.21 -0.0128754 -0.0819262 -0.039288 0.041344
1.22 -0.0228807 -0.12911 -0.0266805 0.0351478
1.23 -0.0220963 -0.170106 -0.0388993 0.044737
1.24 -0.00631258 -0.193156 -0.0329127 0.0335126
1.25 -0.0112334 -0.132188 -0.012806 0.0170348
1.26 -0.0157866 -0.0538139 -0.00628673 0.0169923
1.27 -0.0191579 -0.0828025 -0.0253989 0.031814
1.28 -0.0270989 -0.135673 -0.0260306 0.0375758
1.29 -0.0193344 -0.149515 -0.0195775 0.0275154
1.3 -0.00692627 -0.170279 -0.0394359 0.0400395
1.31 -0.0187094 -0.145538 -0.0388132 0.0430872
1.32 -0.0303079 -0.133748 -0.0445204 0.0538575
1.33 -0.0147484 -0.116721 -0.0385232 0.0412498
1.34 -0.0101675 -0.159491 -0.0450129 0.046147
1.35 -0.0353575 -0.11776 -0.0701426 0.0785502
1.36 -0.0151329 -0.102659 -0.0381413 0.0410336
1.37 0.00473217 -0.137237 -0.0259437 0.0263717
1.38 -0.0144162 -0.157033 -0.0577027 0.0594763
1.39 -0.0180493 -0.17241 -0.0639907 0.0664875
1.4 -0.0055451 -0.180044 -0.0646763 0.0649136
1.41 -0.00451016 -0.0692468 -0.0511636 0.051362
1.42 -0.00557969 -0.260441 -0.0136527 0.0147489
1.43 -0.0184721 -0.288421 -0.0462319 0.0497856
1.44 -0.0121781 -0.109038 -0.0641247 0.0652709
1.45 -0.0188733 -0.216348 -0.0459569 0.0496814
1.46 -0.0228872 -0.133949 -0.0445211 0.0500595
1.47 -0.0226771 -0.0627857 -0.0195559 0.0299447
1.48 -0.00348125 -0.0964908 -0.0323191 0.0325061
1.49 -0.0219968 -0.098828 -0.0187894 0.0289292
1.5 -0.0172518 -0.164133 -0.0066389 0.0184851
1.51 -0.00397978 -0.122743 -0.0199233 0.0203169
1.52 -0.0187312 -0.140451 -0.0328034 0.0377746
1.53 -0.0121256 -0.0467754 -0.0833814 0.0842584
1.54 -0.0110062 -0.136434 -0.0580475 0.0590817
1.55 0.00813731 -0.134528 -0.06492 0.065428
1.56 -0.0190088 -0.154306 -0.0451299 0.0489698
1.57 -0.0228522 -0.213859 -0.0331994 0.0403042
1.58 -0.0172051 -0.316021 -0.0395426 0.0431235
1.59 -0.00525357 -0.0861669 -0.0460833 0.0463818
1.6 -0.00863251 -0.102435 -0.0389767 0.0399212
1.61 -0.00385982 -0.0962865 -0.0385974 0.0387899
1.62 -0.0147016 -0.143375 -0.0387467 0.0414421
1.63 -0.018691 -0.0384212 0.000495255 0.0186976
1.64 -0.0196744 -0.100045 -0.0712615 0.0739276
1.65 -0.020919 -0.282367 -0.00695636 0.0220453
1.66 -0.0182696 -0.226001 -0.0585451 0.0613295
1.67 -0.0227052 -0.165151 -0.0452675 0.0506426
1.68 -0.0144983 -0.147737 -0.0516028 0.0536008
1.69 -0.00370982 -0.131979 -0.0198526 0.0201963
1.7 -0.01581 -0.111263 -0.000459123 0.0158167
1.71 -0.0143674 -0.1306 -0.0317292 0.0348305
1.72 -0.0236719 -0.0797614 -0.0126258 0.0268285
1.73 -0.0269884 -0.060163 -0.0504789 0.0572407
1.74 -0.0288151 -0.0809888 -0.0840344 0.0888374
1.75 -0.0185393 -0.216945 -0.0072229 0.0198966
1.76 -0.018371 -0.131969 -0.032277 0.0371389
1.77 -0.0184058 -0.145404 -0.0321021 0.0370043
1.78 -0.0260698 -0.172185 -0.0325634 0.0417134
1.79 -0.0107815 -0.159074 -0.0965897 0.0971896
1.8 -0.0175068 -0.19531 -0.0128192 0.0216984
1.81 -0.0136157 -0.229033 -0.0517696 0.0535302
1.82 -0.0130511 -0.215664 -0.0135842 0.0188378
1.83 -0.00741484 -0.116249 -0.0456788 0.0462767
1.84 -0.0157677 -0.115891 -0.057932 0.0600395
1.85 -0.0119453 -0.0380809 -0.0190377 0.022475
1.86 -0.0152018 -0.138656 -0.0642838 0.0660568
1.87 -0.00382306 -0.109718 -0.057933 0.058059
1.88 -0.0235984 -0.106624 -0.0512963 0.0564641
1.89 -0.0156087 -0.0981866 0.0067206 0.0169941
1.9 -0.0126717 -0.0730968 -0.0324683 0.0348534
1.91 -0.000635067 -0.00930816 -0.0254916 0.0254995
1.92 -0.0207065 -0.0858498 -0.052328 0.0562759
1.93 0.000784677 -0.166248 -0.0197611 0.0197766
1.94 -0.00804823 -0.0671062 -0.0390325 0.0398536
1.95 0.0118129 -0.114693 -0.0393348 0.0410703
1.96 -0.0377152 -0.169752 7.23149e-06 0.0377152
1.97 -0.00733406 -0.138896 -0.0452009 0.045792
1.98 -0.00875229 -0.138159 -0.0456792 0.0465101
1.99 -0.0153054 -0.143151 -0.0252829 0.0295546
2 -0.014565 -0.165502 -0.058191 0.0599861
2.01 -0.0114898 -0.100506 -0.0127419 0.0171573
2.02 -0.0170568 -0.106006 -0.0260187 0.0311112
2.03 -0.0144842 -0.111939 -0.0580459 0.0598257
2.04 -0.0179635 -0.12752 -0.0131748 0.0222769
2.05 -0.0244211 -0.00805406 -0.0128597 0.0276001
2.06 -0.0140281 -0.206291 -0.0456503 0.047757
2.07 0.0023565 -0.0999839 -0.0393983 0.0394688
2.08 -0.0256938 -0.145665 -0.00601065 0.0263875
2.09 -0.0146887 -0.134282 -0.0320354 0.0352424
2.1 -0.0202379 0.011638 -0.0253747 0.0324569
2.11 -0.0311438 -0.147025 -0.0255615 0.0402906
2.12 0.000957498 -0.184228 -0.0396182 0.0396298
2.13 0.0586675 -0.116959 -0.235203 0.242409
2.14 0.132782 -0.11338 -0.50294 0.520173
2.15 0.198373 -0.242587 -0.681179 0.709476
2.16 0.24897 -0.162517 -0.703374 0.746137
2.17 0.273487 -0.253071 -0.711715 0.762452
2.18 0.265133 -0.248669 -0.647075 0.699287
2.19 0.247638 -0.135285 -0.704904 0.747138
2.2 0.21788 -0.312442 -0.847056 0.874629
2.21 0.173594 -0.364989 -1.14929 1.16233
2.22 0.158804 -0.359667 -1.42779 1.4366
2.23 0.145321 -0.345719 -1.60159 1.60817
2.24 0.15973 -0.376404 -1.75781 1.76505
2.25 0.164256 -0.361859 -1.82172 1.82911
2.26 0.246128 -0.0871112 -1.60867 1.62739
2.27 0.244931 -0.424903 -2.1983 2.2119
2.28 0.235177 -0.262199 -2.44782 2.45909
2.29 0.203044 -0.241995 -2.58924 2.59719
2.3 0.220599 -0.391153 -2.62818 2.63742
2.31 0.238598 -0.335695 -2.61509 2.62595
2.32 0.250199 -0.325169 -2.62178 2.63369
2.33 0.299252 -0.324088 -2.6484 2.66525
2.34 0.316524 -0.152284 -2.78897 2.80687
2.35 0.320709 -0.252784 -2.83428 2.85237
2.36 0.31974 -0.194372 -2.97561 2.99274
2.37 0.314251 -0.266954 -3.09871 3.1146
2.38 0.314585 -0.347344 -3.13159 3.14735
2.39 0.312892 -0.364205 -3.24865 3.26369
2.4 0.310501 -0.265037 -3.24277 3.25761
2.41 0.340983 -0.377417 -3.29587 3.31346
2.42 0.349548 -0.405242 -3.41222 3.43008
2.43 0.365807 -0.28154 -3.48383 3.50298
2.44 0.396333 -0.375768 -3.60185 3.62359
2.45 0.38892 -0.273054 -3.64789 3.66856
2.46 0.387078 -0.508242 -3.77202 3.79183
2.47 0.408513 -0.405526 -3.77856 3.80057
2.48 0.402823 -0.392638 -3.94671 3.96721
2.49 0.414264 -0.372931 -4.02403 4.0453
2.5 0.409205 -0.391604 -4.12134 4.1416
2.51 0.412392 -0.393285 -4.23181 4.25186
2.52 0.43451 -0.468619 -4.42045 4.44176
2.53 0.419905 -0.495305 -4.62701 4.64602
2.54 0.437513 -0.518577 -4.82842 4.8482
2.55 0.432597 -0.555778 -5.0155 5.03413
2.56 0.454703 -0.69934 -5.14627 5.16632
2.57 0.479591 -0.589602 -5.28851 5.31021
2.58 0.521694 -0.625051 -5.40703 5.43214
2.59 0.585162 -0.70875 -5.58397 5.61455
2.6 0.63467 -0.600809 -5.69687 5.73211
2.61 0.655655 -0.595919 -5.8399 5.8766
2.62 0.676128 -0.573105 -5.94389 5.98222
2.63 0.699733 -0.516291 -5.99518 6.03588
2.64 0.695721 -0.647883 -6.15078 6.19
2.65 0.709342 -0.745206 -6.33368 6.37328
2.66 0.714356 -0.690801 -6.39207 6.43187
2.67 0.73774 -0.757743 -6.58694 6.62812
2.68 0.714058 -0.676389 -6.61747 6.65589
2.69 0.721347 -0.672004 -6.7258 6.76437
2.7 0.703148 -0.722818 -6.85531 6.89127
2.71 0.710836 -0.713955 -7.04189 7.07767
2.72 0.703124 -0.61963 -7.28073 7.3146
2.73 0.678968 -0.734402 -7.48029 7.51104
2.74 0.665119 -0.672237 -7.65383 7.68267
2.75 0.668007 -0.629276 -7.73836 7.76714
2.76 0.652357 -0.834192 -7.84246 7.86955
2.77 0.680347 -0.730732 -7.86976 7.89911
2.78 0.617407 -0.493699 -6.38963 6.41939
2.79 0.466848 -0.601896 -4.54169 4.56562
2.8 0.471656 -0.302719 -3.98776 4.01556
2.81 0.483173 -0.533956 -7.42802 7.44372
2.82 0.0795957 -0.463615 -12.118 12.1183
2.83 0.497328 -1.0675 -11.3048 11.3158
2.84 0.67306 -0.760665 -7.43684 7.46724
2.85 0.996232 -0.75429 -5.36576 5.45746
2.86 1.28928 -0.982174 -4.36114 4.54772
2.87 1.40867 -1.33741 -4.13573 4.36905
2.88 1.3674 -1.34904 -4.24551 4.46029
2.89 1.19211 -0.986925 -4.16437 4.33164
2.9 0.951641 -0.846294 -3.63705 3.75949
2.91 0.703694 -0.777107 -3.21136 3.28756
2.92 0.499736 -0.663397 -2.5456 2.59418
2.93 0.346713 -0.62202 -2.17519 2.20265
2.94 0.201774 -0.688276 -1.86925 1.8801
2.95 0.109039 -0.706657 -1.5616 1.5654
2.96 0.0375974 -0.511661 -1.1214 1.12203
2.97 -0.0326193 -0.379653 -0.706153 0.706906
2.98 -0.040118 -0.206427 -0.300727 0.303391
2.99 -0.0559385 -0.192537 -0.0986301 0.113389
3 -0.00424978 -0.162529 -0.0530063 0.0531764
3.01 -0.00839794 -0.12903 -0.0330304 0.0340813
3.02 -0.0226489 -0.16465 -0.0400498 0.0460105
3.03 -0.0138687 -0.108029 -0.0588502 0.0604622
3.04 -0.0182026 -0.288209 -0.0721762 0.0744361
3.05 -0.0164761 -0.0796212 -0.0453908 0.0482886
3.06 -0.0125185 -0.0957407 -0.0515008 0.0530004
3.07 -0.0220731 -0.160864 -0.0447925 0.0499359
3.08 -0.0348286 -0.256269 -0.0589995 0.0685126
3.09 -0.0131722 -0.0815692 -0.0776805 0.0787894
3.1 -0.0188795 -0.167637 -0.0326533 0.0377183
3.11 -0.0127053 -0.0371878 -0.0517864 0.0533222
3.12 -0.0121748 -0.10938 -0.0450476 0.0466639
3.13 -0.0240145 -0.0262063 -0.0376962 0.0446956
3.14 -0.0229404 -0.165119 -0.0391738 0.0453966
3.15 -0.023602 -0.142293 -0.032319 0.0400196
3.16 -0.0123482 -0.144347 -0.052502 0.0539346
3.17 -0.0109727 -0.140436 -0.0196907 0.0225416
3.18 -0.0244411 -0.155067 -0.0586902 0.063576
3.19 -0.00833251 -0.16061 -0.00694993 0.0108504
3.2 -0.0355762 -0.134564 -0.019526 0.0405824
3.21 -0.00103698 -0.106628 0.0189273 0.0189557
3.22 -0.0253633 -0.091924 -0.0521662 0.0580053
3.23 -0.020386 -0.0730419 -0.0255301 0.0326707
3.24 -0.030604 -0.110951 -0.0127213 0.0331427
3.25 -0.0228771 -0.147011 -0.0516633 0.0565019
3.26 -0.00752961 -0.120711 -0.0454656 0.0460848
3.27 -0.0234864 -0.0979343 -0.0260103 0.0350449
3.28 -0.00794001 -0.124836 -0.0585063 0.0590426
3.29 -0.021156 -0.0722974 -0.0456738 0.0503356
3.3 -0.0118511 -0.158172 -0.0200283 0.0232719
3.31 -0.014785 -0.183424 -0.0131539 0.0197894
3.32 -0.0244657 -0.0657604 -0.0321011 0.0403615
3.33 -0.0312538 -0.0931988 -0.0255255 0.0403528
3.34 -0.0167275 0.00482458 -0.0251905 0.0302386
3.35 -0.0163004 -0.0396331 -0.0129186 0.0207989
3.36 -0.0110442 -0.162919 -0.0200953 0.0229302
3.37 -8.70083e-05 -0.0980152 -0.0267365 0.0267367
3.38 -0.0196767 -0.0508609 -0.00593342 0.0205518
3.39 -0.027155 -0.15331 -0.020084 0.0337751
3.4 -0.0155506 -0.0979883 -0.0192618 0.0247556
3.41 -0.0264892 -0.20741 -0.020206 0.033316
3.42 -0.0119332 -0.171516 -0.00758989 0.0141424
3.43 -0.0243026 -0.101628 -0.0320222 0.0402
3.44 -0.0274393 -0.20233 -0.0587639 0.0648546
3.45 -0.0160673 -0.138032 -0.0325329 0.0362843
3.46 -0.0185902 -0.145806 -0.019195 0.0267216
3.47 -0.0351728 -0.130749 -0.0261954 0.0438557
3.48 -0.00864798 -0.0753746 -0.0262893 0.0276752
3.49 -0.0208529 -0.107994 -0.0523 0.0563039
3.5 -0.0229019 -0.19631 -0.0260386 0.0346772
3.51 -0.00799409 -0.16968 0.00592542 0.00995068
3.52 -0.000415657 -0.0982446 -0.0262013 0.0262046
3.53 -0.0176198 -0.0967748 -0.0202656 0.0268542
3.54 -0.0188906 -0.171689 -0.0394866 0.0437727
3.55 -0.0193022 -0.148948 -0.0333673 0.038548
3.56 -0.0191844 -0.162568 -0.00717186 0.0204811
3.57 -0.0134006 -0.184263 0.00606002 0.0147071
3.58 -0.0156225 -0.120451 -0.0448057 0.0474511
3.59 -0.0246282 -0.0165408 -0.0387571 0.0459202
3.6 -0.0149404 -0.179012 -0.0136758 0.0202544
3.61 -0.0232041 -0.11143 -0.0126518 0.0264291
3.62 -0.0221303 -0.250323 -0.039268 0.0450747
3.63 -0.0231128 -0.147121 -0.0444553 0.0501046
3.64 -0.0191893 -0.0513011 -0.018824 0.0268808
3.65 -0.035519 -0.112863 -0.0322885 0.0480015
3.66 -0.0196292 -0.0960709 -0.0317729 0.0373474
3.67 -0.016219 -0.0530133 0.012936 0.020746
3.68 -0.00484249 -0.0196669 -0.00660613 0.00819089
3.69 -0.0229007 -0.133755 -0.0509944 0.0559005
3.7 -0.028589 -0.0323282 0.0068822 0.0294057
3.71 -0.00781267 -0.120729 -0.0259933 0.027142
3.72 -0.0184161 -0.145714 0.00675525 0.019616
3.73 -0.0248698 -0.0479116 -0.0384648 0.0458044
3.74 -0.0274921 -0.0816841 -0.0579145 0.0641085
3.75 -0.0127705 -0.108724 0.0121505 0.0176273
3.76 -0.0149849 -0.134125 0.00610217 0.0161797
3.77 -0.0262221 -0.100519 0.0194821 0.0326672
3.78 -0.0128378 -0.0463354 -0.02561 0.0286475
3.79 -0.0271366 -0.148786 -0.0197943 0.0335888
3.8 -0.00884013 -0.044321 -0.0129385 0.0156701
3.81 -0.0122402 -0.148667 -0.0397165 0.0415599
3.82 -0.013716 -0.018792 -0.0386247 0.0409878
3.83 -0.0205922 -0.0457174 -0.0129511 0.0243263
3.84 -0.0276889 -0.135483 -0.0323471 0.0425794
3.85 -0.0305579 -0.102731 -0.0314408 0.0438442
3.86 -0.031899 -0.164054 -0.0581546 0.0663288
3.87 -0.0193701 -0.189332 -0.0587548 0.0618654
3.88 -0.00777308 -0.125215 -0.0260125 0.027149
3.89 -0.00122153 -0.0669545 -0.0130351 0.0130922
3.9 -0.00808676 -0.137874 -0.00684799 0.0105967
3.91 -0.0202471 -0.0192808 -0.0513681 0.0552144
3.92 -0.0151479 -0.210119 -0.0583733 0.0603067
3.93 -0.0185723 -0.131834 -0.0449195 0.0486076
3.94 -0.0318739 -0.114936 -0.0323878 0.0454413
3.95 -0.0307527 -0.151328 -0.0322483 0.044561
3.96 -0.0198063 -0.153496 -0.0257135 0.0324573
3.97 -0.0193495 -0.109263 0.0127857 0.0231922
3.98 -0.0241963 -0.00839576 0.019904 0.031331
3.99 -0.0167061 -0.0843197 -0.0194657 0.0256517
4 -0.00709355 -0.183433 -0.0139603 0.0156592
4.01 -0.0174946 -0.0656203 -0.0199847 0.0265603
4.02 -0.0118855 -0.0781208 -0.0324644 0.0345717
4.03 -0.0210841 -0.299586 -0.033233 0.039357
4.04 -0.0115262 -0.167048 -0.0136263 0.0178473
4.05 -0.0168843 -0.0881538 -0.0325386 0.0366584
4.06 -0.0235484 -0.111142 -0.0125277 0.0266734
4.07 -0.0272379 -0.0866608 -0.0125649 0.0299963
4.08 -0.0048614 -0.037543 -0.00031868 0.00487183
4.09 -0.0188164 -0.162901 -0.0134271 0.0231158
4.1 -0.0182689 -0.190351 0.00618434 0.0192873
4.11 -0.0219753 -0.187972 -0.013064 0.0255652
4.12 -0.0148526 -0.125139 0.00617868 0.0160865
4.13 -0.0236172 -0.0219066 -0.00598951 0.0243649
4.14 -0.00106512 -0.107196 -0.0258511 0.025873
4.15 -0.0230792 -0.115945 -0.0519617 0.0568565
4.16 -0.0204554 -0.0997515 -0.0514334 0.0553518
4.17 -0.0160132 -0.093529 -0.0193188 0.0250926
4.18 -0.0114448 -0.109562 -0.0191827 0.0223374
4.19 -0.0156907 -0.111369 -0.00709391 0.0172198
4.2 -0.0115421 -0.091741 -0.0511498 0.0524359
4.21 -0.03702 -0.285801 -0.0392259 0.0539365
4.22 -0.0166327 -0.101914 -0.0327583 0.036739
4.23 -0.0180601 -0.199121 -0.0393462 0.0432931
4.24 -0.0144197 -0.170062 -0.045064 0.0473148
4.25 -0.0279023 -0.08599 -0.0195636 0.0340775
4.26 -0.0173679 0.0186407 -0.0186446 0.0254807
4.27 -0.0245902 0.00960155 0.000935839 0.024608
4.28 -0.0148013 -0.112221 0.00641495 0.0161316
4.29 -0.0085004 -0.186774 -0.0525417 0.0532248
4.3 -0.0175363 0.0590775 -0.0123019 0.021421
4.31 -0.00184203 -0.101883 -0.0395732 0.039616
4.32 -0.0256109 -0.234953 -0.00719059 0.0266011
4.33 -0.00801113 -0.00905575 0.0196986 0.0212653
4.34 -0.036737 -0.331062 -0.0460198 0.0588849
4.35 -0.0293983 -0.174095 -0.013579 0.0323829
4.36 -0.0199527 -0.117985 -0.0516342 0.0553553
4.37 -0.0200996 -0.0188195 -0.0132245 0.02406
4.38 -0.0314874 -0.110585 -0.0646068 0.0718714
4.39 -0.0027834 -0.150185 -0.0199772 0.0201702
4.4 -0.0283672 -0.0546446 -0.0255992 0.0382102
4.41 -0.0201176 -0.135385 -0.0265187 0.033286
4.42 -0.0252012 -0.0743814 -0.0198281 0.0320664
4.43 -0.0189795 -0.113823 -0.0189688 0.0268335
4.44 -0.0210608 -0.242299 -0.012807 0.0246491
4.45 -0.0158485 -0.0895005 -0.0127186 0.0203209
4.46 -0.0118518 -0.0151797 -0.0198177 0.0230913
4.47 -0.014287 -0.170524 -0.0189732 0.0237508
4.48 -0.0169283 -0.0751942 -0.00666075 0.0181915
4.49 -0.00381963 -0.0647809 -0.051533 0.0516744
4.5 -0.0190547 -0.171794 -0.0517883 0.0551826
4.51 -0.0228567 -0.102611 -0.019713 0.0301833
4.52 -0.0188432 -0.091827 -0.00639237 0.019898
4.53 -0.0229489 -0.262981 -0.0394565 0.045645
4.54 -0.0197752 -0.0955951 -0.0129448 0.0236353
4.55 -0.0119807 -0.0554396 -0.0131614 0.0177977
4.56 -0.0127463 -0.1218 -0.0399101 0.0418961
4.57 -0.0155825 -0.102318 -0.0260248 0.0303332
4.58 -0.00411087 -0.109109 -0.00119976 0.00428237
4.59 -0.0123386 -0.100237 -0.00683289 0.0141043
4.6 -0.0161175 -0.146885 -0.0395851 0.0427405
4.61 -0.0121059 -0.096023 -0.0125665 0.0174491
4.62 -0.0227834 -0.129635 -0.0321299 0.039388
4.63 -0.015032 -0.107451 -0.0188128 0.0240808
4.64 0.000421381 -0.21022 -0.0527018 0.0527035
4.65 -0.0119929 -0.118104 -0.025879 0.0285228
4.66 -0.018974 -0.140871 -0.0453047 0.0491175
4.67 -0.0220894 -0.183167 0.0125265 0.025394
4.68 -0.0229666 -0.138348 -0.0127669 0.0262766
4.69 -0.0188896 -0.122506 -0.0327266 0.0377868
4.7 -0.0187466 -0.132087 -0.0446168 0.0483952
4.71 -0.0126476 -0.0505224 -0.0198001 0.0234947
4.72 -0.0128272 -0.0462065 -0.0130758 0.018317
4.73 -0.0246238 0.0455104 -0.0183822 0.0307285
4.74 -0.0265653 -0.153481 -0.0389061 0.0471105
4.75 -0.017887 -0.248212 -0.020156 0.0269483
4.76 -0.018959 -0.0560512 -0.0187348 0.026654
4.77 0.00359028 -0.101123 -0.0260129 0.0262595
4.78 -0.0151546 -0.165331 -0.0393688 0.0421849
4.79 0.00365909 -0.114148 -0.0328846 0.0330876
4.8 -0.0227332 -0.111353 -0.0259535 0.0345019
4.81 -0.00796313 -0.120867 -0.0580759 0.0586193
4.82 -0.0119718 -0.127275 6.56678e-05 0.011972
4.83 -0.0198558 -0.126357 -0.0456814 0.04981
4.84 -0.0315263 -0.0704481 0.00014177 0.0315266
4.85 -0.00244818 -0.155009 -0.00674245 0.00717316
4.86 -0.027326 -0.00585254 -0.0257535 0.0375493
4.87 -0.0277042 -0.11769 -0.0450369 0.0528757
4.88 -0.0125804 -0.121998 -0.0588084 0.060139
4.89 -0.0189502 -0.0383236 -0.0124178 0.0226565
4.9 -0.0189753 -0.158308 -0.00677308 0.0201479
4.91 -0.0202233 -0.1221 -0.045127 0.0494513
4.92 -0.0200239 -0.0821579 -0.0187866 0.0274571
4.93 -0.0115558 -0.104919 -0.0259067 0.0283671
4.94 -0.0259936 -0.190264 -0.0256646 0.0365286
4.95 -0.0213598 -0.0679161 -0.0579563 0.0617671
4.96 -0.0115714 -0.203091 -0.0459 0.0473361
4.97 -0.0171815 -0.0304634 -0.044374 0.0475842
4.98 -0.0241257 -0.034935 -0.0127044 0.0272663
4.99 -0.00468918 -0.0688744 -0.0135993 0.014385
5 -0.0200217 -0.00627019 -0.025181 0.0321706
5.01 -0.0194928 -0.131569 -0.0195007 0.0275726
5.02 -0.0115511 -0.12284 -0.025751 0.0282231
5.03 0.000703678 -0.14342 -0.0716306 0.071634
5.04 -0.0152174 -0.124968 -0.01988 0.0250356
5.05 -0.0195592 -0.0333691 -0.0187854 0.0271192
5.06 -0.0191258 -0.158446 -0.0388558 0.0433078
5.07 -0.0044312 -0.117974 -0.0588377 0.0590044
5.08 -0.0156485 -0.116159 -0.0383132 0.0413857
5.09 -0.0140991 -0.170304 -0.0390562 0.0415231
5.1 -0.024776 -0.00789537 -0.0252705 0.03539
5.11 -0.00851167 -0.0175281 -0.0255136 0.026896
5.12 -0.0144372 -0.161414 -0.000539393 0.0144473
5.13 -0.0267408 -0.122783 -0.0513972 0.0579374
5.14 -0.011678 -0.136396 -0.0322491 0.0342984
5.15 -0.0160349 -0.12035 -0.0323478 0.036104
5.16 -0.0187195 -0.203342 -0.000259972 0.0187213
5.17 0.00706739 -0.107859 -0.0584846 0.0589101
5.18 -0.0150948 -0.0802989 0.00613821 0.0162951
5.19 -0.00465778 -0.153946 -0.0261798 0.0265909
5.2 -0.00804781 -0.0980566 -0.0262388 0.0274452
5.21 -0.0225595 -0.169731 -0.00700193 0.0236212
5.22 -0.019552 -0.078177 -0.0126512 0.0232881
5.23 -0.0304887 -0.205197 -0.00737756 0.0313686
5.24 -0.020869 -0.116925 -0.0266968 0.0338856
5.25 -0.0358611 -0.0366876 -0.0385588 0.0526574
5.26 -0.0114367 -0.105187 -0.0062885 0.0130515
5.27 -0.016338 -0.0620133 -0.0320601 0.0359831
5.28 -0.0197844 -0.0692002 0.0127582 0.0235413
5.29 -0.0200358 -0.0552788 -0.013275 0.0240346
5.3 -0.0277292 -0.0415747 -0.0381235 0.0471414
5.31 0.00121749 -0.304678 -0.0332543 0.0332765
5.32 -0.0139807 -0.299889 -0.0201637 0.0245364
5.33 -0.021145 -0.148199 -0.084199 0.0868134
5.34 -0.00347629 -0.140976 -0.0201235 0.0204215
5.35 -0.0315461 -0.137346 -0.0265844 0.0412539
5.36 -0.0229079 -0.124797 -0.0453272 0.050787
5.37 -0.0117297 -0.162505 -0.0521617 0.0534643
5.38 -0.0163488 -0.0755139 -0.0128778 0.0208115
5.39 -0.00465139 -0.0557621 -0.019835 0.0203731
5.4 -0.0154057 -0.138218 -0.0457263 0.0482517
5.41 -0.0237989 -0.0933173 -0.0191238 0.0305305
5.42 -0.0158325 -0.0713015 -0.0129445 0.0204507
5.43 -0.0107229 -0.136597 -0.026127 0.0282418
5.44 -0.0234331 -0.111883 -0.0449341 0.0506772
5.45 -0.0152441 -0.134028 -0.00681094 0.0166964
5.46 -0.0156497 -0.156075 -0.0196966 0.0251569
5.47 -0.028447 -0.0816639 -0.0126451 0.0311309
