0 0.013411 0.0858838 -0.0644996 0.0658791
0.01 0.0216632 0.0847935 -0.051262 0.0556515
0.02 0.00615188 0.067636 -0.0192456 0.020205
0.03 0.00375645 -0.0158235 -0.0450055 0.045162
0.04 -0.0123078 0.0472651 -0.0512521 0.0527092
0.05 0.00308905 0.0556948 0.000290825 0.00310271
0.06 -0.00139772 0.0717193 -0.00570659 0.00587527
0.07 -0.00823421 -0.0621245 -0.0453244 0.0460663
0.08 0.00423708 0.0417355 -0.0443545 0.0445564
0.09 -0.0124914 0.0253607 -0.0515655 0.0530569
0.1 0.018976 0.0861818 -0.0248485 0.0312656
0.11 0.0157246 -0.045707 -0.013084 0.0204561
0.12 -0.00056344 0.0669064 -0.0453342 0.0453377
0.13 -0.00128429 0.0722586 -0.000218333 0.00130271
0.14 0.00128275 0.12833 -0.0185785 0.0186227
0.15 0.0034016 0.0737175 -0.0129341 0.0133739
0.16 0.00228496 0.162892 -0.0180766 0.0182204
0.17 -0.00267205 0.224261 -0.0245637 0.0247086
0.18 0.00248407 0.0163452 -0.0452732 0.0453413
0.19 0.0177992 0.140768 -0.00570411 0.0186909
0.2 0.00272761 0.114014 -0.0248306 0.02498
0.21 -0.000261033 0.0309069 -0.0245931 0.0245945
0.22 0.0110578 0.086675 0.000647263 0.0110768
0.23 0.00326058 0.0696434 -0.0256662 0.0258724
0.24 0.00466224 0.162036 -0.0642166 0.0643856
0.25 0.00176435 0.119268 -0.0447233 0.0447581
0.26 -0.00813665 0.0360197 -0.00605378 0.0101417
0.27 0.0143225 0.0797649 -0.00560898 0.0153816
0.28 0.00679844 0.0982724 0.000800571 0.00684542
0.29 0.0136997 0.174316 0.00089378 0.0137289
0.3 0.00301443 0.0469265 -0.0509067 0.0509959
0.31 0.0187073 0.0644673 -0.0121241 0.0222925
0.32 0.0204782 0.089725 -0.0323347 0.0382739
0.33 0.0209051 0.161252 -0.0378985 0.0432819
0.34 0.00880306 0.0837634 -0.058278 0.0589391
0.35 -0.000729338 0.0267445 -0.0379044 0.0379114
0.36 0.0107085 -0.0110808 -0.00668724 0.012625
0.37 -0.0119271 -0.0825797 -0.0517616 0.053118
0.38 0.0118768 0.0419995 -0.0257214 0.0283311
0.39 0.00297084 0.0025529 -0.0515866 0.0516721
0.4 0.00637315 0.13456 -0.00612988 0.00884265
0.41 0.00929621 0.114585 -0.064253 0.064922
0.42 0.014112 0.0357703 -0.0387821 0.0412698
0.43 0.00936464 0.0921111 -0.0451097 0.0460715
0.44 0.00305647 0.140787 -0.0122672 0.0126423
0.45 0.0192634 0.0324469 -0.0575017 0.0606426
0.46 -0.000398112 0.0266316 -0.0193624 0.0193665
0.47 0.0142437 0.0314044 -0.0321284 0.0351442
0.48 -0.0127307 0.0698776 -0.0576675 0.059056
0.49 0.00217598 0.0924424 -0.0188882 0.0190132
0.5 0.0103407 0.105217 0.00687148 0.0124156
0.51 -0.0146394 0.164723 -0.0506902 0.0527618
0.52 0.00647647 0.0136613 -0.051558 0.0519632
0.53 0.0113506 0.0283707 -0.0384275 0.0400688
0.54 0.0100258 0.0914413 0.0204565 0.0227812
0.55 0.0148507 0.0665272 -0.012063 0.0191327
0.56 -0.0176561 0.135414 -0.0311393 0.0357965
0.57 0.00705187 0.0669135 0.006798 0.00979499
0.58 0.00612878 0.0716051 -0.0188147 0.0197877
0.59 0.00280064 0.176392 -0.0179046 0.0181223
0.6 0.00712843 0.0623679 -0.0442719 0.0448421
0.61 -0.0024684 0.117286 -0.0513005 0.0513598
0.62 -0.00403203 0.0912474 -0.0305704 0.0308351
0.63 0.00365117 -0.0251982 -0.0321367 0.0323435
0.64 0.013367 0.0988434 -0.0386217 0.0408695
0.65 0.0103581 0.0380795 -0.0195132 0.022092
0.66 0.014759 0.00907341 -0.0452937 0.0476376
0.67 -0.00137882 0.0895953 -0.011994 0.012073
0.68 0.00638316 -0.0131638 -0.0450766 0.0455263
0.69 0.0100089 0.159063 -0.0319177 0.0334502
0.7 0.0120617 0.286648 -0.0303519 0.0326607
0.71 -0.00228997 0.063626 -0.0385318 0.0385998
0.72 -0.0129497 0.194645 -0.0436205 0.0455021
0.73 -0.00181841 0.192859 -0.0248543 0.0249207
0.74 0.0135396 0.0847881 -0.0641803 0.065593
0.75 0.00779541 -0.058534 -0.0197981 0.0212776
0.76 0.00281971 0.0782836 -0.00635638 0.00695373
0.77 -0.000763721 0.0359292 -0.0189295 0.0189449
0.78 0.0104051 0.12739 -0.0124339 0.0162132
0.79 -0.000561301 -0.0400942 -0.0584606 0.0584633
0.8 -0.00226544 0.192897 -0.0439373 0.0439957
0.81 0.00983596 0.11859 -0.0441979 0.0452791
0.82 0.013529 0.116567 -0.0576758 0.0592413
0.83 -0.00392741 0.0287797 -0.018722 0.0191295
0.84 -0.000794557 0.0713539 -0.0180561 0.0180736
0.85 0.0030701 0.0513715 -0.0765297 0.0765912
0.86 0.0083891 0.137133 -0.0124471 0.0150102
0.87 0.00321801 0.0650239 -0.0187097 0.0189845
0.88 -0.0084773 0.0268577 -0.0384829 0.0394055
0.89 -0.00625192 0.101429 -0.0120254 0.0135535
0.9 0.0316539 -0.00133275 -0.0198024 0.0373378
0.91 -0.00198152 0.228727 -0.0249331 0.0250117
0.92 0.0146359 0.0536454 -0.0257153 0.0295886
0.93 0.00585034 0.165868 -0.012436 0.0137434
0.94 -0.000171755 0.0665274 -0.0577219 0.0577221
0.95 -0.00627496 0.160107 -0.0251485 0.0259195
0.96 0.00206851 0.0874751 -0.0319118 0.0319787
0.97 0.0137461 0.00939817 -0.0779393 0.0791422
0.98 0.000112955 0.0487854 -0.0447234 0.0447235
0.99 0.00734862 0.0574693 -0.0315783 0.032422
1 -0.000681983 0.0360819 -0.0510443 0.0510489
1.01 0.00553956 0.201113 -0.0244055 0.0250262
1.02 0.00972895 0.0785876 -0.0124732 0.0158188
1.03 -0.00810109 0.0535395 -0.0381831 0.039033
1.04 -0.0131379 0.181394 -0.0694662 0.0706976
1.05 -0.00322106 -0.0964277 -0.045659 0.0457725
1.06 -0.00725258 0.0397378 0.0138766 0.0156576
1.07 0.0071817 -0.0356576 -0.0263219 0.0272841
1.08 0.00480162 -0.0437458 0.000502382 0.00482783
1.09 0.0063876 0.0583164 -0.0255774 0.0263629
1.1 0.00730146 0.0709327 -0.0510305 0.0515502
1.11 0.0141745 0.107449 -0.0452659 0.0474333
1.12 0.0110615 0.0199119 -0.0836022 0.0843309
1.13 0.00524047 -0.141323 -0.0332032 0.0336142
1.14 0.00771778 -0.0896188 -0.0585962 0.0591023
1.15 0.0250742 0.162866 -0.0261627 0.0362381
1.16 0.007358 0.0308936 -0.00588972 0.00942492
1.17 -0.0112132 -0.0784816 -0.0057563 0.0126044
1.18 -0.0129593 0.182101 0.0073942 0.0149204
1.19 0.0256378 0.122846 -0.045375 0.0521171
1.2 0.0032269 0.0734836 -0.03777 0.0379076
1.21 0.00579753 0.0452964 -0.0264316 0.0270599
1.22 0.0071805 -0.00470663 -0.0391157 0.0397693
1.23 -0.0034998 0.251209 -0.004512 0.00571023
1.24 0.00657881 0.0938835 -0.0121317 0.0138007
1.25 0.0116978 0.0596676 -0.0255743 0.0281227
1.26 -0.00373867 -0.0472106 -0.0384722 0.0386535
1.27 0.0184504 0.0376787 -0.0190587 0.0265265
1.28 0.0258853 0.0827039 -0.0263789 0.036958
1.29 -0.00812649 0.0361681 -0.0186582 0.0203511
1.3 0.0144433 0.0715079 -0.0320409 0.0351458
1.31 0.00564141 0.165551 -0.0436742 0.0440371
1.32 0.0058722 0.183421 -0.0247849 0.0254711
1.33 0.0100488 0.0651743 -0.0512805 0.0522557
1.34 -0.00332089 0.0280716 -0.0119945 0.0124457
1.35 -0.00146039 0.102814 -0.0115956 0.0116872
1.36 0.00574782 0.0854849 -0.0256093 0.0262464
1.37 -0.00131497 0.0984154 -0.0247222 0.0247572
1.38 0.00726963 0.0666032 -0.0577928 0.0582483
1.39 0.00334522 0.0241936 -0.0511648 0.0512741
1.4 0.00904378 0.078981 -0.0194017 0.021406
1.41 0.0111622 0.024388 -0.0388959 0.0404659
1.42 0.00671781 0.0222311 -0.0192583 0.0203963
1.43 0.0143757 0.120364 -0.0118326 0.0186191
1.44 -0.00962631 0.130419 -0.0510254 0.0519255
1.45 0.01083 0.0779109 -0.0251792 0.0274095
1.46 0.00276579 0.140317 -0.0113913 0.0117222
1.47 0.00326113 0.0735667 -0.0313676 0.0315367
1.48 -0.00881643 0.0450544 -0.024866 0.0263827
1.49 0.00205974 0.0697476 -0.0382294 0.0382848
1.5 0.00717618 0.0622567 -0.0313969 0.0322066
1.51 -0.0122625 0.083308 -0.0189784 0.0225953
1.52 0.0116046 0.0330037 -0.0453458 0.0468072
1.53 0.00588276 0.18355 -0.0122508 0.01359
1.54 0.00739238 0.00849811 -0.0194018 0.0207624
1.55 0.00279521 0.0651578 -0.0450396 0.0451262
1.56 0.00658034 0.0538259 -0.0509682 0.0513912
1.57 0.00734999 0.00403969 -0.0386983 0.0393901
1.58 0.0144693 0.044576 -0.0321942 0.0352963
1.59 -0.0017419 0.0721679 -0.0318362 0.0318838
1.6 0.0140673 0.160791 -0.0250378 0.028719
1.61 0.00667648 0.0895956 -0.0381333 0.0387134
1.62 0.0147311 0.00832453 -0.0386798 0.04139
1.63 0.00243239 0.0607604 -0.0189517 0.0191071
1.64 0.00318232 0.0157773 -0.0570113 0.0571001
1.65 0.0135988 0.156468 -0.0120961 0.0182001
1.66 -0.0028579 0.103829 -0.0121442 0.012476
1.67 0.0100707 -0.0107789 -0.0258793 0.0277697
1.68 0.0155491 0.0302697 -0.0382527 0.0412922
1.69 0.00458198 -0.0613455 -0.00696709 0.00833876
1.7 0.000554946 -0.058725 -0.0322232 0.032228
1.71 0.00435942 -0.0295608 -0.0256392 0.0260072
1.72 0.00774074 0.0797104 -0.0251658 0.0263294
1.73 -0.00147831 0.0409575 -0.0384432 0.0384716
1.74 -0.00195256 0.0280122 -0.0387557 0.0388048
1.75 0.01061 0.0603309 -0.0577879 0.0587538
1.76 0.000912835 -0.036567 -0.0322131 0.0322261
1.77 0.0107831 0.113833 0.000421607 0.0107914
1.78 0.00304312 0.0382073 -0.00636699 0.00705685
1.79 0.0111071 0.0465062 -0.0253136 0.0276432
1.8 0.00192386 0.118598 -0.0570781 0.0571105
1.81 0.00935393 0.10125 -0.0322666 0.0335951
1.82 0.0141949 0.0847644 0.0135089 0.0195955
1.83 0.0113099 0.0155815 -0.0261296 0.0284723
1.84 0.00575499 0.0633167 -0.0258137 0.0264474
1.85 -0.00761277 -0.0938167 -0.0455828 0.0462142
1.86 0.00553697 0.134674 -0.044026 0.0443728
1.87 -0.00193436 0.215263 -0.00548094 0.00581227
1.88 0.00347797 0.0558 -0.0322882 0.032475
1.89 -0.00383886 0.0867373 -0.030822 0.0310602
1.9 0.0112046 0.0288464 -0.0195994 0.0225761
1.91 0.007286 0.00448742 -0.000592879 0.00731008
1.92 0.018319 0.0645037 0.0193406 0.0266391
1.93 -0.0038725 0.00650041 -0.00605144 0.00718444
1.94 -0.00193447 0.0900303 -0.0381617 0.0382107
1.95 0.0186862 0.0509988 -0.0317296 0.0368231
1.96 0.0029365 0.104902 0.00728329 0.00785298
1.97 0.0106349 0.109288 -0.00576751 0.0120982
1.98 -0.00846653 -0.0305078 -0.0262536 0.027585
1.99 0.0149979 0.0218897 -0.0126339 0.01961
2 -0.0116842 0.0222934 -0.225369 0.225672
2.01 -0.00633738 0.0313591 -0.966178 0.966198
2.02 0.0467427 -0.0440581 -1.43531 1.43607
2.03 0.146254 -0.0740017 -1.41636 1.4239
2.04 0.207485 -0.130912 -1.20122 1.21901
2.05 0.223586 -0.142169 -1.06629 1.08948
2.06 0.248901 -0.127077 -1.05378 1.08278
2.07 0.212165 -0.0674682 -1.17513 1.19413
2.08 0.134109 -0.205724 -1.49104 1.49705
2.09 0.132647 -0.225817 -1.75549 1.7605
2.1 0.10945 -0.220148 -1.89754 1.90069
2.11 0.122903 -0.20523 -1.98997 1.99376
2.12 0.129709 -0.240704 -2.056 2.06008
2.13 0.174997 -0.246247 -2.15488 2.16197
2.14 0.190374 -0.140163 -2.25062 2.25865
2.15 0.210784 -0.402808 -2.34899 2.35843
2.16 0.219896 -0.24743 -2.38106 2.39119
2.17 0.212645 -0.234579 -2.36121 2.37076
2.18 0.247163 -0.206559 -2.42547 2.43803
2.19 0.231261 -0.321826 -2.47718 2.48795
2.2 0.228443 -0.369341 -2.49079 2.50124
2.21 0.247655 -0.247199 -2.53465 2.54672
2.22 0.251053 -0.280451 -2.65806 2.66989
2.23 0.262167 -0.305155 -2.69146 2.70419
2.24 0.273153 -0.333946 -2.7825 2.79588
2.25 0.275576 -0.429036 -2.8875 2.90062
2.26 0.279429 -0.395557 -2.97764 2.99072
2.27 0.280953 -0.311544 -3.12521 3.13781
2.28 0.299881 -0.393678 -3.27631 3.29001
2.29 0.31347 -0.374304 -3.42536 3.43968
2.3 0.308564 -0.344775 -3.54798 3.56137
2.31 0.333003 -0.35899 -3.6538 3.66895
2.32 0.341809 -0.564554 -3.84278 3.85795
2.33 0.328527 -0.479913 -3.98507 3.99859
2.34 0.35016 -0.545521 -4.21915 4.23365
2.35 0.342795 -0.540171 -4.4252 4.43846
2.36 0.349563 -0.565898 -4.593 4.60628
2.37 0.337388 -0.607038 -4.70957 4.72164
2.38 0.33613 -0.502718 -4.83198 4.84366
2.39 0.328774 -0.527707 -5.0329 5.04362
2.4 0.324953 -0.6315 -5.32277 5.33268
2.41 0.337942 -0.620848 -5.59482 5.60501
2.42 0.3668 -0.540453 -5.78262 5.79424
2.43 0.412842 -0.702065 -5.9593 5.97358
2.44 0.440404 -0.704918 -6.25244 6.26793
2.45 0.465195 -0.897904 -6.56673 6.58318
2.46 0.458395 -0.679422 -6.65555 6.67132
2.47 0.484428 -0.612864 -4.4327 4.45909
2.48 0.357385 -0.435445 -3.67638 3.69371
2.49 0.241567 -0.657306 -5.80668 5.8117
2.5 0.172045 -0.690134 -10.4683 10.4697
2.51 0.534496 -1.12871 -9.80996 9.82451
2.52 0.717267 -1.01591 -8.32349 8.35433
2.53 1.04163 -1.13512 -7.28095 7.35508
2.54 1.20127 -1.18529 -7.24633 7.34523
2.55 1.17484 -1.38792 -7.55468 7.64549
2.56 0.898871 -1.25377 -8.30625 8.35475
2.57 0.568288 -1.069 -8.52703 8.54594
2.58 0.3685 -0.936478 -8.25251 8.26073
2.59 0.273567 -0.990786 -7.74517 7.75
2.6 0.236504 -0.925811 -7.20793 7.21181
2.61 0.276563 -0.913321 -6.75817 6.76383
2.62 0.325837 -0.876365 -6.28696 6.29539
2.63 0.352713 -0.775899 -5.59955 5.61065
2.64 0.417491 -0.657577 -4.90037 4.91813
2.65 0.423835 -0.620673 -4.14874 4.17033
2.66 0.416496 -0.475604 -3.46152 3.48649
2.67 0.396083 -0.407095 -2.64507 2.67456
2.68 0.347954 -0.244366 -2.15724 2.18512
2.69 0.285904 -0.157952 -1.67407 1.69831
2.7 0.234369 -0.188528 -1.25009 1.27187
2.71 0.163491 -0.0777837 -0.909547 0.924124
2.72 0.0925817 -0.0650594 -0.651578 0.658122
2.73 0.031346 0.0792824 -0.355015 0.356397
2.74 -0.0374113 0.0860889 -0.0730474 0.0820703
2.75 -0.028942 0.204821 -0.0161821 0.0331587
2.76 0.0146975 -0.0266328 -0.026587 0.030379
2.77 0.02482 0.216865 -0.0384986 0.0458059
2.78 0.00466835 -0.0698467 -0.0135484 0.0143301
2.79 0.00464097 0.157835 -0.0584449 0.0586288
2.8 -0.0205669 0.0302843 -0.0517303 0.0556688
2.81 0.0132419 0.0676888 -0.0389026 0.0410946
2.82 0.0100892 0.0964992 -0.0128232 0.0163165
2.83 0.0104247 0.0877519 0.00611303 0.0120848
2.84 0.0094359 0.101222 -0.0129893 0.0160548
2.85 0.0112026 -0.0468802 -0.0394586 0.0410181
2.86 0.00375027 0.0328882 -0.0317026 0.0319236
2.87 0.00894294 0.0837727 -0.0387301 0.0397492
2.88 0.017986 0.171939 -0.0385815 0.0425679
2.89 -0.00617912 0.0704826 -0.0187414 0.0197338
2.9 0.00988489 0.0516776 -0.00672717 0.0119568
2.91 0.0145225 0.0625352 -0.0320793 0.0352134
2.92 0.00555326 0.0502604 -0.058132 0.0583967
2.93 0.00770486 0.312124 -0.0313263 0.0322599
2.94 0.00255651 0.0653716 -0.03177 0.0318727
2.95 0.012634 0.0991868 -0.0321716 0.0345634
2.96 -0.00148666 0.0232103 -0.0196216 0.0196778
2.97 0.00989565 0.0878181 -0.032248 0.0337321
2.98 0.006316 0.0583121 -0.00606758 0.00875828
2.99 0.0174492 0.0873154 -0.0324108 0.0368094
3 -0.0141642 -0.112182 -0.0520382 0.0539314
3.01 -0.00218306 0.206061 -0.00498419 0.00544131
3.02 0.0171767 0.123277 -0.0122057 0.0210718
3.03 0.00107465 0.0706602 -0.0512353 0.0512465
3.04 -0.00483729 0.0650235 0.00742956 0.00886554
3.05 0.00739496 -0.0758824 -0.0137281 0.0155932
3.06 0.0217586 0.0938391 -0.000134105 0.021759
3.07 0.00969311 0.025398 -0.0199348 0.0221664
3.08 0.0048974 0.0684975 -0.0325602 0.0329264
3.09 0.00618329 0.0493454 -0.0312827 0.0318879
3.1 0.00902637 0.146119 0.00698364 0.0114126
3.11 0.0100351 0.0519965 -0.0260373 0.0279042
3.12 -0.0011944 0.0541469 -0.0130998 0.0131542
3.13 0.010239 0.0609872 -0.0454706 0.0466091
3.14 -0.00702044 0.0847559 -0.0773447 0.0776626
3.15 -0.00443393 -0.0111152 -0.044597 0.0448169
3.16 0.0090364 0.10133 -0.0705889 0.0711649
3.17 -0.00303213 0.135644 -0.0190557 0.0192955
3.18 0.00157202 0.150161 -0.00511951 0.00535543
3.19 0.0160538 -0.108336 -0.0198635 0.0255398
3.2 -0.00502519 0.0294556 -0.0645841 0.0647793
3.21 -0.00431117 -0.0597913 -0.00708229 0.00829126
3.22 0.00256109 0.0208671 0.00556427 0.00612538
3.23 -0.014391 0.0711709 -0.0639527 0.0655518
3.24 0.0138755 0.089232 -0.0255677 0.0290902
3.25 -0.00804972 0.0314418 -0.0183366 0.0200257
3.26 -0.000382898 0.0539569 0.00690326 0.00691387
3.27 0.00617972 0.0231055 -0.0131818 0.0145584
3.28 0.0101853 0.109629 0.00634957 0.0120024
3.29 0.00246678 0.0610046 -0.0388029 0.0388813
3.3 0.0176223 0.0382248 -0.0132206 0.0220302
3.31 0.0234224 -0.0320339 -0.0258961 0.0349173
3.32 0.0154576 -0.014154 -0.025554 0.0298655
3.33 -0.0100544 0.0774672 -0.0449843 0.0460942
3.34 0.0117871 0.0508433 -0.0382172 0.0399936
3.35 0.0149151 0.0754888 -0.0259055 0.0298924
3.36 0.00215172 0.079136 -0.00617923 0.00654315
3.37 0.01196 -0.0342589 0.0190274 0.022474
3.38 0.00404778 0.158188 -0.0324468 0.0326983
3.39 -0.00164315 0.116721 0.0265674 0.0266182
3.4 -0.00129307 0.0318913 -0.000196785 0.00130796
3.41 0.00438236 0.113629 -0.051987 0.0521714
3.42 0.00739896 -0.0270224 -0.013029 0.0149833
3.43 0.00128081 0.155197 0.000582251 0.00140695
3.44 0.00536535 0.152633 0.000970318 0.00545238
3.45 0.0098819 0.0425718 0.000210058 0.00988413
3.46 -0.0168906 0.0592467 0.000346522 0.0168941
3.47 0.0169469 0.141379 -0.0188728 0.0253649
3.48 0.0108867 0.0153932 4.70883e-05 0.0108868
3.49 0.0194262 -0.00752439 -0.000329811 0.019429
3.5 0.000627516 0.182559 -0.00592236 0.00595551
3.51 0.000783241 0.15583 -0.0515678 0.0515738
3.52 0.0149084 -0.0626113 -0.0136331 0.020202
3.53 -0.000879864 0.0449612 0.0321596 0.0321717
3.54 -0.00148324 0.0587181 -0.0123452 0.012434
3.55 0.00797216 0.0976625 -0.000449017 0.0079848
3.56 -0.00281097 0.0773353 -0.0386207 0.0387229
3.57 0.00956762 0.0968562 -0.00633557 0.0114751
3.58 -9.85162e-05 -0.0447342 -0.00701138 0.00701207
3.59 0.00663612 0.0673578 0.000178848 0.00663853
3.6 0.00522248 0.130307 -0.00617752 0.00808925
3.61 0.0172109 0.0875096 0.00599798 0.0182261
3.62 0.0146146 0.0400159 -0.0190678 0.0240243
3.63 -0.00152969 0.130471 0.0265953 0.0266393
3.64 0.00607471 0.129696 0.00699051 0.00926117
3.65 0.00358019 0.0107895 -0.0255427 0.0257924
3.66 0.011375 0.073404 0.0192937 0.0223973
3.67 0.0213215 0.080654 -0.000105779 0.0213218
3.68 -0.000766085 0.0628153 -0.024908 0.0249197
3.69 0.0142967 0.0359916 -0.000297048 0.0142998
3.7 0.00972776 0.132178 -0.0316061 0.0330693
3.71 0.0101047 0.0694384 -0.0255107 0.027439
3.72 0.00659133 0.0671459 -0.0187577 0.019882
3.73 0.00606676 0.067826 -0.00620851 0.0086805
3.74 -0.00134081 0.0452132 -0.0185346 0.018583
3.75 0.00689509 0.0448013 -0.0319611 0.0326964
3.76 0.0119682 0.153287 -0.0320496 0.0342114
3.77 0.0253014 0.127347 -0.00610322 0.0260271
3.78 0.000928255 0.128469 -0.00585 0.00592319
3.79 -0.00993559 0.157172 -0.00514686 0.0111896
3.8 -0.00284532 0.10916 -0.0259844 0.0261397
3.81 -0.00596032 0.0258494 -0.0388221 0.039277
3.82 -0.0091309 0.0765378 0.00118051 0.0092069
3.83 0.00812668 -0.0227963 -0.0130576 0.01538
3.84 0.010321 0.131484 0.0200403 0.0225419
3.85 -0.00172993 0.0415069 -0.0327606 0.0328062
3.86 0.0144379 0.0760775 -0.0256193 0.0294076
3.87 0.026004 0.0692448 -0.0264364 0.0370823
3.88 0.0135461 0.0811752 -0.0387688 0.0410672
3.89 0.0106622 0.0514047 0.00687356 0.0126857
3.9 0.0184027 0.0377898 -0.0319337 0.0368568
3.91 0.0103136 0.0697554 0.00572758 0.0117973
3.92 0.0112442 0.0469997 -0.0259571 0.0282879
3.93 -0.00200664 0.0766738 -0.0120741 0.0122397
3.94 0.0219889 0.089089 -4.4901e-05 0.021989
3.95 0.00305324 0.015716 -0.0126329 0.0129966
3.96 0.00969192 0.0789886 -0.0390677 0.0402519
3.97 0.00266631 0.0784684 -0.0323769 0.0324865
3.98 -0.00163863 0.0631298 -0.0128671 0.012971
3.99 0.00172323 0.163812 -0.00586762 0.00611543
4 0.00697707 0.0447733 -0.0126837 0.0144761
4.01 0.0235922 0.249085 0.00642312 0.024451
4.02 0.00624244 0.0851744 0.0326023 0.0331945
4.03 0.0126507 0.0506041 -0.0329404 0.0352861
4.04 0.0152096 0.0220645 -0.0388487 0.0417199
4.05 0.00958372 0.105787 -0.0319388 0.0333456
4.06 0.00861691 0.0753732 -0.0328535 0.0339648
4.07 0.0238638 -0.166107 -0.00135587 0.0239023
4.08 0.00215273 0.105679 0.00691997 0.00724708
4.09 -0.00894011 0.085703 0.000413211 0.00894965
4.1 0.0215017 0.0896903 -0.0134079 0.0253396
4.11 0.0340155 0.0462122 -0.0137816 0.0367013
4.12 0.0106164 0.0340782 -0.0260378 0.028119
4.13 0.00584893 0.0458385 -0.0129236 0.0141856
4.14 0.00285113 0.069422 -0.0192698 0.0194795
4.15 0.011025 0.055802 -0.0192137 0.0221521
4.16 0.00318064 0.0651027 0.00720239 0.00787343
4.17 0.0136806 0.0631143 -0.00646083 0.0151295
4.18 0.00320264 0.0601771 -0.025061 0.0252648
4.19 0.00139792 0.159497 -0.0319461 0.0319767
4.2 0.0179151 0.105153 -0.0196146 0.0265647
4.21 -0.00221992 0.103688 -0.0192057 0.0193336
4.22 0.0136062 0.0541653 -0.00626679 0.01498
4.23 0.0204514 0.135212 -0.0065655 0.0214794
4.24 -0.00571635 0.146138 0.00042052 0.00573179
4.25 0.0116241 -0.0160632 -0.0259232 0.0284101
4.26 0.00870661 0.0571003 -0.019482 0.0213391
4.27 -0.00125044 0.152315 0.0264026 0.0264322
4.28 0.00333196 0.0468468 -0.0125844 0.0130181
4.29 0.0161378 -0.0326371 0.0192725 0.0251367
4.3 -0.00317867 -0.0919693 -0.0263625 0.0265534
4.31 0.00552405 0.205534 -0.00537947 0.00771063
4.32 -0.00932049 0.103506 -0.0120823 0.0152595
4.33 0.00273281 0.118712 -0.00587494 0.00647945
4.34 0.00422941 0.0596385 0.0391965 0.039424
4.35 0.00720428 0.0401852 0.01972 0.0209947
4.36 0.0239353 0.0836493 -0.00776383 0.025163
4.37 0.0213715 0.169641 0.000912011 0.0213909
4.38 -0.000501504 0.0581483 -0.0184164 0.0184232
4.39 0.0258024 0.0784864 0.0125543 0.0286945
4.4 0.011985 0.0284114 -0.0383132 0.040144
4.41 0.00213701 0.123492 -0.0309084 0.0309822
4.42 0.00805039 -0.210246 -0.0203499 0.0218844
4.43 0.00765243 -0.0357415 -0.0133701 0.0154052
4.44 -0.00333199 -0.0694866 0.018923 0.0192141
4.45 -0.000457778 -0.0134626 9.86053e-05 0.000468277
4.46 0.00707735 0.0360583 0.0123462 0.0142309
4.47 0.0216809 0.0627543 -0.0389322 0.0445621
4.48 0.00225113 0.0119699 -0.0132866 0.0134759
4.49 0.0142346 0.0804391 -0.0127633 0.0191187
4.5 0.0143128 0.0449229 -0.0259009 0.0295924
4.51 0.0113814 -0.0873493 -0.00701357 0.0133689
4.52 0.0212992 0.133987 -0.044307 0.0491606
4.53 0.0114718 0.0423919 0.0315851 0.0336039
4.54 0.0123593 0.126345 -0.0323972 0.0346747
4.55 0.0100492 0.0651546 -0.0261419 0.0280068
4.56 0.013245 0.192599 -0.0122834 0.0180641
4.57 0.0131411 0.0724806 -0.0582311 0.0596954
4.58 0.0178879 0.0827409 3.16236e-05 0.0178879
4.59 0.0216215 0.125414 -0.0067048 0.0226373
4.6 0.00479894 0.139567 -0.00601573 0.00769538
4.61 0.00533171 0.175331 -0.0128856 0.0139451
4.62 0.022373 0.0976871 -0.0319039 0.0389668
4.63 0.0107465 0.117997 -0.00562072 0.0121276
4.64 0.0185141 0.0557667 -0.00640967 0.0195923
4.65 -0.000427404 -0.0847182 -0.0141126 0.0141191
4.66 -0.000845261 0.0585773 -0.0194067 0.0194251
4.67 0.00620821 0.0850913 0.0261999 0.0269254
4.68 0.0171657 0.0967462 -0.0389535 0.042568
4.69 0.00152471 0.172892 0.000805555 0.00172443
4.7 0.0032442 0.0382531 -0.0451166 0.0452331
4.71 0.0125021 0.13546 -0.0197866 0.0234054
4.72 0.0347084 0.0370029 -0.0136353 0.0372907
4.73 0.00162788 0.0612608 -0.0192454 0.0193141
4.74 0.00552428 0.14804 -0.00568366 0.00792601
4.75 0.0176551 0.0917375 0.000302448 0.0176577
4.76 -0.000770816 0.00987082 0.00634984 0.00639646
4.77 0.00240731 0.091596 0.000638707 0.0024906
4.78 0.0150771 0.11551 0.0263464 0.0303555
4.79 -0.0019245 0.076807 -0.0190504 0.0191473
4.8 0.00688876 0.102781 0.00671914 0.00962299
4.81 -0.00538087 0.00289007 -0.0387013 0.0390735
4.82 0.00800066 -0.112402 -0.0454757 0.0461742
4.83 0.0050444 0.117205 -0.0446283 0.0449125
4.84 0.00593547 0.0853831 0.00681418 0.00903675
4.85 0.0027232 0.0519624 -0.0452055 0.0452875
4.86 0.0116327 0.00150327 0.00664677 0.0133977
4.87 -0.00324535 0.198508 -0.0379881 0.0381265
4.88 0.00512859 0.112769 0.000541997 0.00515715
4.89 0.0130018 0.108121 -0.0130502 0.0184216
4.9 0.0131959 0.152633 0.0197118 0.023721
4.91 0.00702843 0.102971 -0.0251245 0.0260891
4.92 0.00665873 -0.00451073 -0.00637445 0.00921804
4.93 0.010768 0.0514921 -0.00623386 0.0124423
4.94 0.00198222 0.0609606 -0.00572023 0.00605395
4.95 0.0141857 0.0406349 -0.00702167 0.0158284
4.96 0.0060968 0.0765434 -0.000199831 0.00610007
4.97 0.00680458 0.0137103 -0.000701006 0.00684059
4.98 0.0106995 0.0513259 -0.0190386 0.0218391
4.99 0.00590663 0.10337 -0.0123483 0.0136882
5 0.00422716 0.0546171 0.0141793 0.014796
5.01 0.0177335 0.149547 0.000806915 0.0177519
5.02 0.0139875 0.0406078 -0.0519787 0.0538278
5.03 0.0139386 0.0939677 -0.00634145 0.0153134
5.04 0.0129537 0.188206 -0.0057059 0.0141547
5.05 0.014734 0.0625488 -0.0320412 0.0352665
5.06 -0.00135483 0.0672321 -0.0642939 0.0643081
5.07 0.00808372 0.0393464 0.0195803 0.0211834
5.08 0.0222477 0.0758003 -0.00680756 0.023266
5.09 0.00325893 -0.0155318 -0.0195105 0.0197808
5.1 0.0120712 0.224383 -0.0191156 0.022608
5.11 0.00257541 0.0606078 -0.0317183 0.0318227
5.12 0.0253945 0.0382073 -0.0198882 0.0322556
5.13 0.00527896 0.0906098 -0.0386819 0.0390405
5.14 0.0179995 0.0914499 0.000178416 0.0180004
5.15 0.00289607 0.060366 -0.0257105 0.0258731
5.16 0.01356 0.0941721 -0.0126198 0.0185239
5.17 0.0220577 -0.0133575 -0.00112092 0.0220862
5.18 0.00653505 0.0493488 0.0134419 0.0149463
5.19 0.0106033 0.0248239 -0.00649555 0.0124347
5.2 0.0153649 -0.0276266 -0.0256497 0.0298996
5.21 0.0251924 0.0919133 -0.0265251 0.0365819
5.22 0.00969814 0.123441 -0.0124756 0.0158017
5.23 -0.0117882 -0.0291603 4.55598e-05 0.0117883
5.24 0.0113671 -0.0203732 -0.0129433 0.0172262
5.25 0.00735663 0.0711124 0.00669316 0.00994577
5.26 -0.000734684 0.0407429 -0.0323591 0.0323675
5.27 0.0110033 0.0289812 -0.032242 0.0340678
5.28 0.00704372 0.0625383 -0.00609618 0.00931544
5.29 0.0339425 -0.0161663 -0.0207082 0.0397608
5.3 0.00698975 0.0314076 -0.0510261 0.0515026
5.31 0.00639339 0.0763671 -0.0131988 0.0146658
5.32 0.0141553 0.0892507 0.0135281 0.0195801
5.33 0.0155629 0.213066 -0.0443597 0.0470105
5.34 -0.0024829 0.148251 -0.0191753 0.0193354
5.35 0.00225294 0.0878772 -0.0448195 0.0448761
5.36 0.00914706 0.0925826 -0.00677184 0.011381
5.37 0.0170006 0.150051 -0.0189959 0.0254925
5.38 0.023885 0.110485 -0.000364364 0.0238878
5.39 0.00718895 0.0579781 0.00703016 0.0100551
5.4 0.00585113 0.112297 -0.0184417 0.0193476
