0 -0.0110914 0.0386162 0.0245162 0.0269084
0.01 0.0320617 -0.0994972 -0.0145803 0.0352213
0.02 -0.00819096 -0.0218547 0.0124485 0.0149016
0.03 0.0235917 -0.0272304 0.00536133 0.0241933
0.04 0.0139914 0.00522978 0.0118478 0.0183338
0.05 0.0163047 -0.103541 0.00553271 0.0172178
0.06 0.00267212 0.016224 0.0122889 0.0125761
0.07 0.0122993 -0.10995 0.00510626 0.0133172
0.08 0.00392014 -0.0647599 -0.0405782 0.0407671
0.09 0.0119139 -0.0424786 0.0377468 0.0395823
0.1 0.00859119 -0.160839 0.0110523 0.0139987
0.11 0.0124194 -0.060854 -0.0199096 0.0234655
0.12 0.0152526 -0.0309911 0.00528222 0.0161414
0.13 0.00741137 -0.0218524 -0.000616184 0.00743694
0.14 0.00884395 -0.157323 -0.00144609 0.0089614
0.15 0.00933702 0.0659365 -0.046015 0.0469527
0.16 0.00443191 -0.0646115 0.0247384 0.0251323
0.17 0.0074734 -0.00864434 -0.0140987 0.015957
0.18 0.00662895 0.0763153 0.00584606 0.00883851
0.19 0.00993369 0.110179 0.0120321 0.0156029
0.2 0.0113599 0.0204919 0.0117626 0.0163525
0.21 0.00491811 0.0555642 -0.0271676 0.0276092
0.22 0.0193514 -0.0202355 -0.0206872 0.0283274
0.23 0.007621 -0.0268798 -0.0004567 0.00763467
0.24 0.00467665 -0.0201919 -0.0133338 0.0141301
0.25 0.00374987 -0.073809 -0.0136282 0.0141347
0.26 -0.00617193 0.0351037 -0.0134823 0.0148279
0.27 0.010381 -0.0592148 -0.0335856 0.0351533
0.28 -0.0046487 -0.0149097 0.0185194 0.019094
0.29 0.00808949 -0.0225562 -0.0133984 0.0156511
0.3 0.00372088 -0.0465539 -0.00741338 0.00829477
0.31 -0.00940502 0.103838 -0.000159507 0.00940637
0.32 0.00939669 -0.134796 0.0244446 0.0261885
0.33 0.0106391 0.0742317 0.00555246 0.0120009
0.34 0.0157539 0.00420547 0.0122015 0.0199264
0.35 0.00508006 0.00592066 0.051306 0.0515569
0.36 0.00764688 -0.0445438 0.0247673 0.0259209
0.37 0.015285 -0.0133093 0.0054674 0.0162334
0.38 0.0157298 -0.0315797 0.00499604 0.0165041
0.39 -0.00821043 0.0498519 -0.0133126 0.0156409
0.4 0.00713146 -0.0126033 -0.0143347 0.0160107
0.41 0.012554 -0.0787538 -0.0138521 0.0186944
0.42 0.00952222 -0.023083 -0.0531264 0.0539731
0.43 -0.000291647 -0.030795 -0.00763546 0.00764103
0.44 0.0114684 -0.0957088 -0.0147092 0.0186517
0.45 0.0187606 0.0467372 -0.0264608 0.0324366
0.46 0.0240678 -0.0545234 0.0182302 0.0301927
0.47 0.00530019 -0.101571 0.0249809 0.025537
0.48 -0.000378171 0.000184825 0.0188603 0.0188641
0.49 0.0116186 -0.0248655 0.0122142 0.0168576
0.5 0.022912 -0.0314064 -0.00798804 0.0242645
0.51 0.0114437 -0.108996 -0.0271388 0.0294529
0.52 0.0148519 0.00915476 0.0116571 0.0188803
0.53 0.0106814 -0.023903 -0.0141697 0.0177447
0.54 0.0148307 0.0181649 0.011966 0.0190561
0.55 0.0231423 -0.0135168 -0.0142374 0.0271711
0.56 0.00947869 0.0257075 -0.0139107 0.0168331
0.57 0.00314659 -0.041536 0.01776 0.0180366
0.58 0.0151244 -0.013596 -0.0140102 0.0206164
0.59 0.0121333 -0.0605488 0.00562608 0.0133742
0.6 0.0111393 -0.042348 -0.033307 0.0351204
0.61 0.0166497 -0.0678362 -0.00750705 0.0182638
0.62 0.000573291 -0.057983 -0.0273463 0.0273523
0.63 0.0195408 0.0102906 -0.00711961 0.0207974
0.64 -0.00628446 -0.112292 -0.0204217 0.0213668
0.65 0.0186518 -0.0329805 -0.0526522 0.0558583
0.66 0.0154565 -0.0314295 -0.0132753 0.0203749
0.67 0.0178644 0.105588 -0.0264281 0.0318995
0.68 0.0104281 0.110049 0.0188516 0.0215436
0.69 0.00079113 -0.116291 0.0116561 0.0116829
0.7 0.00815597 -0.0181633 0.0249056 0.026207
0.71 0.0104155 0.0341935 -0.0135412 0.0170835
0.72 0.00802603 -0.0408249 0.0253447 0.0265852
0.73 0.0135653 -0.186732 0.00503548 0.0144698
0.74 0.00683006 -0.00393401 -0.000615638 0.00685775
0.75 0.0119118 -0.0605497 -0.00806056 0.0143828
0.76 0.00722112 -0.0535158 0.00537529 0.00900213
0.77 0.00244476 0.0432907 -0.000200361 0.00245295
0.78 0.00619747 0.00106618 -0.00085136 0.00625567
0.79 0.0171417 -0.00990511 -0.0147473 0.0226124
0.8 0.00386977 0.087148 0.025755 0.0260441
0.81 -0.00340874 -0.0515494 0.0131391 0.0135741
0.82 -0.00321738 -0.0290319 0.005794 0.00662737
0.83 0.0197398 -0.0429115 -0.0458159 0.0498874
0.84 0.00302957 0.00255104 -0.00103826 0.00320254
0.85 0.0116077 -0.0155458 -0.0263368 0.0287813
0.86 0.00826996 -0.0137007 0.0246923 0.0260404
0.87 0.0147188 -0.0130032 -0.0332338 0.0363473
0.88 0.0159744 -0.0900951 0.00555218 0.0169118
0.89 0.000643971 -0.0490135 0.00588848 0.00592359
0.9 0.00235982 0.0304311 -0.00795335 0.00829605
0.91 0.0186371 0.00725178 0.00485272 0.0192585
0.92 -0.00245214 -0.127659 -0.00777385 0.00815142
0.93 -0.00116376 0.112067 -0.0254703 0.0254969
0.94 -0.000915455 0.0277833 -0.0133556 0.0133869
0.95 0.0143806 -0.00411364 0.00528304 0.0153204
0.96 -0.0031919 -0.0466763 0.00587937 0.00668993
0.97 0.00873421 -0.160991 -0.00171425 0.00890085
0.98 0.0187984 -0.0336565 0.00505295 0.0194656
0.99 0.0270496 -0.0386506 -0.00114654 0.0270739
1 0.0191988 0.00633168 -0.00735624 0.0205599
1.01 -0.00171564 -0.0254691 -0.0268308 0.0268856
1.02 0.00527451 -0.154612 0.00491499 0.00720955
1.03 0.030653 -0.000103203 0.0433107 0.0530606
1.04 0.00782713 -0.0222968 0.00600297 0.00986405
1.05 0.0207438 -0.0968143 -0.00768588 0.0221219
1.06 -0.000264342 0.00448632 0.0449006 0.0449014
1.07 0.0158797 -0.0763595 -0.0530279 0.0553546
1.08 -0.00835688 0.00506776 -0.00694605 0.0108667
1.09 0.0153902 -0.049214 0.00527572 0.0162694
1.1 -0.00149853 -0.00756594 0.0118394 0.0119339
1.11 0.0183164 -0.0151461 0.00518348 0.0190357
1.12 0.00133869 -0.027595 -0.012823 0.0128927
1.13 0.0272901 -0.056463 -0.00819894 0.0284951
1.14 0.00745745 -0.0268434 -0.0138728 0.0157502
1.15 0.0112012 -0.00666134 -0.0268751 0.029116
1.16 -0.00349056 -0.064571 -0.026929 0.0271542
1.17 0.0121661 -0.0202468 0.0246113 0.0274542
1.18 0.0148969 0.0227386 -0.00112221 0.0149391
1.19 0.0222115 0.0226305 -0.039407 0.0452357
1.2 0.0100325 0.0296604 0.011502 0.0152626
1.21 0.0064089 0.0587353 -0.026762 0.0275187
1.22 0.0100186 0.0298743 -0.0201092 0.0224667
1.23 -0.0028526 -0.167647 0.00463534 0.00544276
1.24 0.0142581 -0.0261427 -0.0270737 0.0305986
1.25 -0.000104865 -0.066708 -0.0136884 0.0136888
1.26 0.0175804 -0.0144796 0.0176952 0.0249437
1.27 0.00847519 -0.0675686 -0.000985929 0.00853235
1.28 0.0142593 0.0228598 0.0310779 0.034193
1.29 0.00497629 -0.123465 -0.0200189 0.0206282
1.3 0.0111963 0.0110993 -0.000777804 0.0112233
1.31 0.00348518 -0.0372344 -0.00108104 0.00364899
1.32 -0.00228579 -0.131961 0.0304208 0.0305066
1.33 0.00475378 -0.0249378 0.0121296 0.0130279
1.34 0.0195124 -0.0293973 0.0248047 0.0315595
1.35 0.0152261 -0.0266793 -0.0133645 0.0202595
1.36 0.0133335 0.0412464 -0.0201891 0.0241946
1.37 0.0179537 0.0514839 -0.0263938 0.0319213
1.38 0.0125154 -0.0477239 -0.000733679 0.0125369
1.39 0.00707377 0.000389464 0.0313235 0.0321123
1.4 0.00627203 0.000747344 -0.0264227 0.0271569
1.41 0.00220606 0.0302937 0.018532 0.0186629
1.42 0.014346 -0.0173879 -0.0207951 0.0252635
1.43 0.00313578 -0.0641239 -0.0398271 0.0399504
1.44 -0.0176254 -0.0243264 -0.473101 0.473429
1.45 -0.0322623 -0.0284476 -1.00878 1.0093
1.46 -0.0290616 -0.025383 -1.03503 1.03544
1.47 0.00909606 -0.217872 -0.936077 0.936121
1.48 0.0141857 -0.10925 -0.80808 0.808204
1.49 0.0613593 -0.106827 -0.730827 0.733399
1.5 0.0395094 -0.275821 -0.806869 0.807836
1.51 -0.0265134 -0.0384628 -0.990325 0.990679
1.52 -0.0901617 -0.0792535 -1.22768 1.23098
1.53 -0.101618 -0.164976 -1.46747 1.47098
1.54 -0.116039 -0.124499 -1.66124 1.66529
1.55 -0.100595 -0.1875 -1.70114 1.70412
1.56 0.0708681 -0.166397 -1.62392 1.62546
1.57 -0.0383899 -0.248424 -2.10347 2.10382
1.58 0.00239867 -0.196334 -2.35578 2.35578
1.59 0.0165515 -0.116341 -2.49841 2.49847
1.6 0.065695 -0.208978 -2.59231 2.59315
1.61 0.130142 -0.226665 -2.63969 2.6429
1.62 0.174363 -0.205882 -2.71306 2.71865
1.63 0.208571 -0.275879 -2.81774 2.82545
1.64 0.247887 -0.215303 -3.00679 3.01699
1.65 0.268254 -0.205425 -3.19499 3.20623
1.66 0.275739 -0.317634 -3.32486 3.33627
1.67 0.282265 -0.218747 -3.39595 3.40766
1.68 0.307075 -0.322307 -3.48118 3.4947
1.69 0.304785 -0.294472 -3.58332 3.59626
1.7 0.279059 -0.340537 -3.65317 3.66381
1.71 0.247321 -0.342537 -3.82626 3.83424
1.72 0.233025 -0.239481 -3.92195 3.92887
1.73 0.198369 -0.133092 -3.95205 3.95703
1.74 0.185861 -0.308266 -3.93161 3.93601
1.75 0.181406 -0.198309 -3.98804 3.99216
1.76 0.189416 -0.234352 -4.04645 4.05088
1.77 0.202314 -0.246187 -4.1317 4.13665
1.78 0.209359 -0.201883 -4.21592 4.22112
1.79 0.232384 -0.332196 -4.34637 4.35258
1.8 0.269384 -0.319314 -4.41971 4.42792
1.81 0.303127 -0.36207 -4.47334 4.4836
1.82 0.336059 -0.337834 -4.57157 4.5839
1.83 0.35564 -0.39847 -4.65689 4.67045
1.84 0.347132 -0.508823 -4.85852 4.8709
1.85 0.352156 -0.358982 -5.09183 5.104
1.86 0.341478 -0.484611 -5.42868 5.43941
1.87 0.311851 -0.532047 -5.69213 5.70066
1.88 0.286807 -0.591584 -5.92482 5.93175
1.89 0.248661 -0.54882 -6.1827 6.1877
1.9 0.22604 -0.480439 -6.55023 6.55413
1.91 0.228145 -0.614138 -6.9844 6.98812
1.92 0.23634 -0.645403 -7.34773 7.35153
1.93 0.286508 -0.648986 -7.66725 7.6726
1.94 0.314296 -0.728088 -7.95467 7.96087
1.95 0.365995 -0.636298 -7.60593 7.61473
1.96 0.297469 -0.668073 -5.3608 5.36905
1.97 0.265759 -0.395631 -4.2902 4.29842
1.98 -0.389815 -0.0357968 -10.2451 10.2525
1.99 0.0114289 -0.79863 -10.918 10.918
2 0.405598 -0.950245 -10.2818 10.2898
2.01 0.725427 -0.855794 -8.69162 8.72184
2.02 0.963266 -0.883341 -7.95015 8.00829
2.03 1.06117 -0.864328 -7.67413 7.74715
2.04 0.934225 -1.03586 -8.08482 8.13862
2.05 0.692194 -0.835735 -8.55754 8.58549
2.06 0.509557 -0.797128 -8.51275 8.52799
2.07 0.413721 -0.671289 -8.2475 8.25787
2.08 0.360784 -0.599547 -7.87002 7.87829
2.09 0.374281 -0.6609 -7.70826 7.71734
2.1 0.360093 -0.643655 -7.66391 7.67236
2.11 0.33203 -0.630539 -7.44175 7.44916
2.12 0.301107 -0.532391 -7.17837 7.18468
2.13 0.25282 -0.493928 -6.90318 6.90781
2.14 0.202078 -0.377682 -6.77742 6.78043
2.15 0.128936 -0.386418 -6.6848 6.68605
2.16 0.0809697 -0.441732 -6.57341 6.57391
2.17 0.0479898 -0.506113 -6.3918 6.39198
2.18 0.0130739 -0.24481 -6.10434 6.10436
2.19 -0.0344968 -0.404141 -5.84485 5.84495
2.2 -0.0287884 -0.363704 -5.54172 5.5418
2.21 -0.0297009 -0.363852 -5.29102 5.29111
2.22 -0.0945707 -0.347217 -5.01079 5.01168
2.23 -0.127373 -0.332217 -4.68628 4.68801
2.24 -0.148863 -0.239622 -4.25869 4.26129
2.25 -0.173431 -0.39942 -3.7795 3.78348
2.26 -0.212704 -0.259405 -3.19738 3.20445
2.27 -0.22907 -0.400982 -2.73866 2.74822
2.28 -0.2512 -0.222015 -2.27698 2.29079
2.29 -0.262185 -0.214847 -1.73266 1.75239
2.3 -0.287472 -0.211966 -1.14029 1.17597
2.31 -0.250918 -0.0163209 -0.393562 0.466745
2.32 -0.0156766 -0.0209856 -0.0511165 0.0534664
2.33 0.0126501 -0.0433258 0.0766273 0.0776645
2.34 0.0160515 -0.0625917 -0.0275934 0.0319225
2.35 0.0126853 0.0506677 -0.00139944 0.0127623
2.36 0.0319635 -0.0991326 0.0171228 0.0362609
2.37 0.0151195 0.00416471 0.0120871 0.0193571
2.38 0.000795493 -0.147404 -0.007864 0.00790414
2.39 -0.000181084 -0.0712692 -0.0142487 0.0142498
2.4 0.0104326 -0.0238378 0.0117043 0.015679
2.41 0.0191527 -0.0245277 0.0177017 0.0260802
2.42 0.0262143 0.00670336 -0.00144193 0.0262539
2.43 0.0168136 -0.0678922 0.0310483 0.0353085
2.44 0.0197163 -0.0204067 0.00537141 0.0204349
2.45 0.00584595 0.103817 -0.0328102 0.033327
2.46 0.0111102 -0.0152541 -0.000839227 0.0111418
2.47 0.00955685 -0.0098087 -0.0270483 0.028687
2.48 0.0147214 -0.00421953 0.0123349 0.019206
2.49 -0.000904493 0.0411034 0.0188543 0.018876
2.5 0.00903475 0.0797892 0.0250365 0.0266167
2.51 0.00059498 -0.120886 0.018845 0.0188544
2.52 0.0221778 0.0448257 0.0506352 0.0552791
2.53 0.0246082 0.155092 0.044505 0.0508553
2.54 0.00374655 -0.0870188 0.0504021 0.0505411
2.55 0.0219977 0.0453794 0.036808 0.0428804
2.56 -0.00271899 0.0735129 -0.00110776 0.00293599
2.57 0.00316649 0.00288347 0.0245711 0.0247743
2.58 0.0038615 -0.0424602 -0.0198199 0.0201926
2.59 -0.0045439 -0.0640055 -0.001348 0.00473963
2.6 0.0226009 0.0223742 0.030797 0.0382002
2.61 0.0285721 -0.0253814 -0.0347173 0.0449628
2.62 0.0150121 -0.0131787 0.0123346 0.0194295
2.63 0.00758665 -0.00826612 0.0176425 0.0192046
2.64 0.0154569 -0.031449 0.0118633 0.0194847
2.65 0.019806 -0.0383378 -0.0589041 0.0621448
2.66 0.00990127 0.092497 0.011847 0.0154397
2.67 0.022543 0.0355476 0.0250636 0.0337101
2.68 0.00557898 0.0192246 -0.00119165 0.00570482
2.69 0.00715214 -0.0217549 -0.0135293 0.0153034
2.7 0.0104263 0.0567814 0.044046 0.0452632
2.71 0.0181582 -0.0196793 -0.0146542 0.0233338
2.72 0.0070815 -0.0178554 0.0254176 0.0263856
2.73 0.00687407 0.0630598 0.0188637 0.0200772
2.74 0.00737552 -0.0976817 -0.00173854 0.00757765
2.75 0.0131298 0.0550567 -0.0333479 0.0358396
2.76 0.00115544 0.0175062 -0.00787787 0.00796215
2.77 0.0158084 -0.0539048 0.0115348 0.0195693
2.78 0.0108227 0.00263015 0.0436154 0.0449381
2.79 0.00451883 -0.0824001 0.0179184 0.0184794
2.8 0.00474442 -0.0560177 0.0123892 0.0132665
2.81 0.00568384 0.0859326 0.0124968 0.0137286
2.82 0.0233953 -0.0901355 -0.0207015 0.0312393
2.83 0.00680384 0.00962594 0.0312534 0.0319855
2.84 0.00743209 0.0357386 0.0510099 0.0515485
2.85 0.0100946 0.0210635 0.0121668 0.0158093
2.86 -0.00134258 -0.0212651 0.0121226 0.0121968
2.87 0.0105663 -0.0682809 0.00466078 0.0115485
2.88 0.0157648 -0.0850676 0.0053927 0.0166617
2.89 0.0192711 -0.0511781 -0.00203162 0.0193779
2.9 0.0199276 -0.0205543 0.0316631 0.0374121
2.91 0.00229418 -0.0410856 0.030845 0.0309302
2.92 0.0109151 0.118716 0.0575918 0.058617
2.93 0.00331686 -0.0192762 -0.0146528 0.0150235
2.94 0.021653 0.0230467 0.0181319 0.0282421
2.95 0.0054028 -0.217126 0.0106315 0.0119256
2.96 0.0114485 -0.0469642 0.018374 0.0216489
2.97 0.00500068 -0.0784319 0.037703 0.0380331
2.98 0.0106821 -0.0682063 0.00520189 0.0118813
2.99 -0.00730932 -0.107054 -0.0071554 0.0102287
3 0.0119644 -0.0559429 -0.00136846 0.0120424
3.01 0.0239633 -0.0854007 0.0178784 0.0298978
3.02 0.00855499 -0.0405493 -0.0139401 0.0163558
3.03 0.0220544 -0.0130147 -0.0201973 0.0299053
3.04 0.0185324 0.0470797 -0.000657089 0.0185441
3.05 0.00658424 0.0278768 0.0119826 0.0136724
3.06 0.0115408 -0.0466826 -0.00120603 0.0116037
3.07 0.0232734 -0.0670855 0.0107949 0.0256551
3.08 0.0179649 -0.00590131 0.0109747 0.0210519
3.09 0.0181893 -0.0194342 0.0240627 0.0301639
3.1 0.019306 -0.00223399 0.0636373 0.0665013
3.11 0.0150097 -0.0447827 0.024496 0.0287288
3.12 -0.00420177 -0.0598854 -0.027365 0.0276857
3.13 0.00426356 -0.0560821 0.0120424 0.0127748
3.14 -0.00461847 0.0166086 -0.008064 0.00929292
3.15 0.00627782 0.018798 -0.0140441 0.0153834
3.16 0.0056003 0.0554939 -0.0141783 0.0152443
3.17 0.00769083 -0.0801432 0.00522795 0.00929948
3.18 -0.00123321 -0.00814851 -0.0136235 0.0136792
3.19 -0.00127653 0.0634427 -0.00699991 0.00711535
3.2 0.0212957 0.0142409 0.0115447 0.0242237
3.21 0.00985286 -0.0233374 -0.0334701 0.0348902
3.22 0.0263755 -0.00229739 0.017797 0.0318182
3.23 0.0138487 0.0189155 -0.033355 0.0361157
3.24 0.00779376 0.0134314 0.0380771 0.0388665
3.25 0.00295187 0.00303192 0.0568475 0.0569241
3.26 0.0100286 0.0166508 -0.000997891 0.0100781
3.27 0.013877 0.0901692 0.031404 0.0343334
3.28 0.0221826 -0.00466187 -0.0458924 0.0509724
3.29 0.0152294 -0.00832522 0.0302141 0.0338352
3.3 0.0182217 -0.00175242 0.0242479 0.0303313
3.31 0.00887673 -0.0492634 0.0247765 0.0263187
3.32 -0.000488515 0.0634598 -0.00711798 0.00713473
3.33 0.0102642 -0.0153085 -0.000991703 0.010312
3.34 0.00664088 0.0362254 0.00579733 0.00881534
3.35 0.0105422 0.0117378 0.0310112 0.0327541
3.36 0.0149283 -0.00876282 -0.00769706 0.0167958
3.37 0.0161257 -0.0538038 -0.00153446 0.0161985
3.38 0.00457729 -0.0916502 0.0179503 0.0185247
3.39 0.0186307 -0.0600016 0.0108528 0.0215612
3.4 0.0151923 -0.0267821 0.0053717 0.016114
3.41 -0.00192656 0.135581 0.0191491 0.0192457
3.42 -0.00193061 0.0546523 0.0256648 0.0257373
3.43 0.0119014 -0.140813 -0.0145604 0.0188056
3.44 0.0139884 0.00555289 0.0179093 0.0227249
3.45 0.0187795 -0.0288929 0.00500186 0.0194342
3.46 0.0106403 -0.0725231 -0.0152097 0.018562
3.47 0.0221859 -0.0307526 0.0181721 0.0286782
3.48 0.00710938 -0.0397462 0.0251429 0.0261287
3.49 0.0181053 -0.0151794 0.030284 0.0352834
3.5 0.0165217 0.186755 0.0509662 0.0535773
3.51 0.0114042 -0.024556 0.0182376 0.0215096
3.52 0.0226956 0.00898036 0.0117326 0.0255488
3.53 0.0155279 -0.0447971 -0.00106932 0.0155647
3.54 0.015401 0.0668799 0.0251134 0.0294597
3.55 0.0105492 -0.0102496 -0.0205847 0.0231304
3.56 0.0147351 -0.00425267 -0.00744543 0.0165094
3.57 0.00369281 -0.038035 0.0245771 0.0248529
3.58 0.0258427 -0.0286323 0.0237912 0.0351264
3.59 0.00327031 -0.059545 -0.0138577 0.0142383
3.6 0.00188271 -0.161419 0.0309268 0.030984
3.61 0.0134475 0.0457089 -0.0204023 0.0244354
3.62 0.01593 -0.0357794 0.0244544 0.0291853
3.63 0.00700535 0.022863 0.0121802 0.0140511
3.64 0.0132566 0.0775385 0.0761725 0.0773175
3.65 0.00357444 -0.0913381 -0.00104679 0.00372456
3.66 0.0103534 -0.0148649 0.0117427 0.0156552
3.67 -0.00691501 -0.0315653 -0.000798178 0.00696093
3.68 0.0165862 -0.0634652 0.0248975 0.0299164
3.69 0.0102044 0.0473712 0.00609646 0.0118868
3.7 0.0036841 -0.0331228 0.0119215 0.0124778
3.71 0.018485 0.0696498 0.0315209 0.0365413
3.72 -0.0102974 -0.19002 -0.00803223 0.0130596
3.73 0.00325837 -0.019455 -0.013809 0.0141882
3.74 0.00775149 -0.0135056 -0.00113453 0.00783408
3.75 0.00735288 -0.0352421 0.00569046 0.00929764
3.76 0.0380763 0.00882065 0.0112342 0.039699
3.77 0.00551616 0.0595876 0.0182966 0.01911
3.78 0.0174435 0.110421 0.0247659 0.0302923
3.79 0.0256221 0.0430286 0.036779 0.0448239
3.8 0.0153644 -0.0224628 0.0568212 0.0588618
3.81 0.0112017 -0.0643365 0.0242122 0.0266779
3.82 0.0100711 0.0344811 -0.0134171 0.0167764
3.83 -0.0040788 -0.081979 -0.0270282 0.0273343
3.84 0.00990387 0.00811641 0.0175213 0.0201266
3.85 -0.00769998 -0.0574922 0.0119923 0.0142515
3.86 0.0178149 0.0297913 -0.0077701 0.0194357
3.87 0.0080076 -0.0134411 0.0440937 0.0448149
3.88 0.0188163 -0.042324 -0.0143331 0.0236535
3.89 0.00646746 0.0944229 0.0382373 0.0387804
3.9 0.0133754 0.0325135 -0.0205689 0.0245353
3.91 0.0128218 -0.0386452 0.0252931 0.0283573
3.92 0.0229908 -0.0312724 0.0436038 0.0492937
3.93 0.00355463 -0.0105247 0.0248222 0.0250755
3.94 0.00113609 -0.0805861 -0.00138366 0.00179031
3.95 0.0162078 -0.0630996 -0.00763437 0.0179158
3.96 0.0180978 0.0296481 -0.000988794 0.0181248
3.97 0.0207328 -0.123687 0.0432147 0.0479308
3.98 0.0230069 -0.0449809 0.0243391 0.0334919
3.99 0.00130961 0.0440454 -0.0201503 0.0201928
4 0.0134464 0.0191656 -0.0335015 0.0360993
4.01 0.0204412 -0.141271 0.0301157 0.0363978
4.02 0.0229178 -0.000145002 -0.00107237 0.0229428
4.03 0.0172828 0.0394485 -0.0146923 0.0226839
4.04 0.00960519 0.00343252 -0.0207505 0.0228658
4.05 0.0227003 -0.0315811 0.0182268 0.0291122
4.06 0.0010828 -0.0987064 0.024755 0.0247787
4.07 -0.001006 -0.0127366 0.0187802 0.0188071
4.08 0.00409355 -0.0329014 0.00552515 0.00687637
4.09 0.00977645 -0.188591 0.0498558 0.0508053
4.1 0.010895 0.15443 0.0447463 0.0460536
4.11 0.00909773 0.0395873 -0.0207054 0.0226159
4.12 0.0134306 0.10356 0.00574374 0.0146072
4.13 0.0108641 -0.00624412 0.0443505 0.0456618
4.14 0.0191847 -0.100332 0.0304984 0.0360307
4.15 0.00284361 0.00753273 -0.00732955 0.00786183
4.16 0.0185574 0.0960365 0.0513633 0.0546129
4.17 -0.000796296 0.0143045 0.0117254 0.0117524
4.18 0.0192174 0.0333144 0.0379872 0.0425715
4.19 0.0137835 -0.0526209 0.0305826 0.0335452
4.2 0.0105759 0.0211084 0.0376522 0.0391093
4.21 0.0111667 0.00236233 0.0183527 0.021483
4.22 0.00295402 -0.0104627 0.00597164 0.00666234
4.23 0.0148866 0.022429 0.0377352 0.0405654
4.24 0.0263146 -0.0114406 0.0244637 0.0359295
4.25 0.0166779 -0.0765359 0.011894 0.0204847
4.26 0.00646304 0.0229427 0.0187388 0.019822
4.27 0.018979 -0.0114291 0.0114272 0.0221537
4.28 0.0310886 -0.0360816 0.0113838 0.0331073
4.29 0.0105467 0.0964288 0.0450476 0.0462657
4.3 0.0230266 -0.0938867 0.0175088 0.0289272
4.31 0.0206093 -0.101735 0.0439923 0.0485805
4.32 0.0261364 -0.0152748 0.0113908 0.0285107
4.33 0.00124323 0.0487395 0.0183158 0.0183579
4.34 0.00854786 -0.0892474 0.0176759 0.0196343
4.35 0.0096059 0.0617224 0.0376403 0.0388467
4.36 0.0161458 -0.0895185 0.011311 0.0197136
4.37 0.010618 -0.019532 0.0182343 0.0211005
4.38 0.0185414 -0.0153268 0.0116942 0.0219212
4.39 0.011956 -0.0378395 0.00565178 0.0132246
4.4 -0.00495144 0.0566181 0.0384829 0.0388001
4.41 0.00822757 -0.0984542 0.0376824 0.0385702
4.42 0.00286992 0.105995 -0.00105566 0.00305791
4.43 0.0105424 0.00246999 0.00563395 0.0119534
4.44 0.0155496 -0.0179763 0.011959 0.0196165
4.45 0.00257761 0.0297789 0.00510032 0.00571466
4.46 -0.00322734 -0.109314 0.0244328 0.024645
4.47 0.000510277 -0.02721 0.0192712 0.019278
4.48 0.0057696 0.0414394 0.0188312 0.0196952
4.49 0.0156646 -0.0669236 -0.0205129 0.02581
4.5 0.0113322 -0.0245406 0.0126087 0.0169528
4.51 0.0230393 -0.00465943 0.0181858 0.0293519
4.52 0.0118194 -0.0157129 0.0250954 0.0277394
4.53 0.0153582 -0.0537046 0.0247663 0.0291418
4.54 -0.00015133 0.00504527 0.0252497 0.0252501
4.55 0.0214279 0.00058756 0.0179597 0.0279591
4.56 0.00647522 0.085607 0.0314557 0.0321153
4.57 -0.00050966 -0.0529436 0.0119024 0.0119133
4.58 0.000290648 -0.0221699 0.00546256 0.00547028
4.59 0.020758 -0.18643 0.00458492 0.0212583
4.6 0.0148386 -0.0707851 0.0112188 0.0186023
4.61 0.0179953 0.0518578 0.0248572 0.0306873
4.62 0.0147262 -0.0353521 0.0179534 0.0232204
4.63 0.0178668 -0.00159375 0.0118377 0.0214326
4.64 0.00723467 -0.0310703 0.00550939 0.00909361
4.65 0.0103661 -0.0414415 -0.0211368 0.0235419
4.66 0.00887865 -0.121409 0.0182941 0.0203348
4.67 0.0164999 0.0573406 -0.00108138 0.0165353
4.68 0.0142689 -0.0129837 0.0313892 0.0344802
4.69 0.0159222 -0.0269635 0.031236 0.03506
4.7 0.0108548 0.145564 0.0513427 0.0524777
4.71 0.00394008 -0.077996 -0.0078183 0.008755
4.72 0.00141205 0.0218358 -0.0459963 0.0460179
4.73 -0.00280041 -0.0830669 0.0315467 0.0316707
4.74 0.00940384 -0.156964 0.0242396 0.0259998
4.75 0.0188119 -0.011211 0.00518704 0.0195139
4.76 0.00624144 0.0454203 0.0249665 0.0257349
4.77 0.00696592 -0.0754245 0.0245723 0.0255406
4.78 0.00711517 -0.0216956 0.0375214 0.0381901
4.79 0.0211786 -0.195367 0.010484 0.0236315
4.8 0.0183182 -0.0553846 0.0177392 0.0254997
4.81 0.0154109 -0.0489367 0.00520544 0.0162663
4.82 0.0280344 -0.100981 0.0172566 0.0329199
4.83 0.0260548 0.00737331 0.0109135 0.0282482
4.84 0.0137256 0.0408478 -0.00743811 0.0156114
4.85 0.00201462 -0.0050928 -0.0463058 0.0463496
4.86 0.00717503 0.0317705 -0.0136554 0.0154257
4.87 0.0223033 -0.00399293 0.0306974 0.0379443
4.88 0.0183494 0.0158879 -0.00120853 0.0183892
4.89 0.0065432 -0.0300111 -0.0144346 0.0158484
4.9 0.0224045 0.00474836 -0.00794287 0.0237708
4.91 0.0102755 0.136616 0.0321832 0.0337838
4.92 0.0178511 0.00300796 -0.0205278 0.0272039
4.93 0.0169838 0.0438713 -0.00133328 0.017036
4.94 0.00820766 -0.0493676 -0.0068788 0.010709
4.95 0.00841375 -0.0806351 0.0113822 0.0141544
4.96 0.0060242 0.0367851 0.0116742 0.0131369
4.97 0.0122684 -0.0652573 0.0313575 0.033672
4.98 0.0102899 -0.0327918 -0.0271593 0.0290432
4.99 0.0213123 0.161596 0.0382974 0.0438281
5 -0.000662428 -0.0167668 -0.0270339 0.027042
5.01 0.0076624 -0.0489648 0.00574127 0.00957468
5.02 0.0183938 0.0161195 -0.00741061 0.0198305
5.03 0.0225764 -0.0133913 -0.00154702 0.0226293
5.04 0.00443723 -0.0918206 0.0246554 0.0250515
5.05 0.0186069 0.135982 0.0445067 0.0482397
5.06 0.0233972 -0.00514112 0.024535 0.0339027
5.07 0.0152423 -0.0313007 0.0441396 0.0466972
5.08 0.00489839 -0.06549 0.0381717 0.0384847
5.09 0.0188497 0.00190129 -0.00104932 0.0188789
5.1 -0.000582048 0.000623142 0.0374178 0.0374224
5.11 0.0163935 -0.0363349 0.0439492 0.0469072
5.12 0.0116678 -0.0557664 0.0116306 0.0164744
5.13 0.0219271 -0.0306746 0.0303976 0.0374808
5.14 0.0167181 -0.06767 0.00529766 0.0175374
5.15 0.00721144 0.00480637 0.0249784 0.0259986
5.16 0.0163065 -0.13435 0.0172127 0.0237103
5.17 0.00773699 -0.0398548 -0.0207057 0.022104
5.18 0.0042344 -0.0289883 0.0445108 0.0447117
5.19 0.00455602 -0.0958508 0.0237221 0.0241556
5.2 0.003295 -0.0236183 -0.00776663 0.00843668
5.21 0.0110119 -0.0148896 0.0308639 0.0327695
5.22 0.0108537 -0.00621184 0.0055634 0.0121965
5.23 0.0205902 -0.0168372 0.0379069 0.043138
5.24 0.0110787 -0.00639246 0.0120742 0.0163867
5.25 0.00206045 0.114827 0.0256243 0.025707
5.26 0.010097 -0.00582266 0.0181453 0.0207654
5.27 0.0105404 0.0519763 0.0184555 0.0212534
5.28 -0.000438245 -0.0663113 0.0241084 0.0241124
5.29 0.0177216 0.00296636 -0.0012886 0.0177684
5.3 0.0101808 0.0700566 0.00588973 0.0117617
5.31 0.00643877 0.0899314 -0.000839537 0.00649327
5.32 -0.0189348 -0.0507725 0.0313507 0.036625
5.33 0.0119015 -0.0155798 0.0181198 0.0216788
5.34 0.0256979 0.0117588 0.024002 0.0351636
5.35 0.0186188 -0.00670088 0.00543867 0.0193968
5.36 0.00380046 -0.0423355 0.012224 0.0128011
5.37 0.0147563 -0.00399487 0.0176229 0.0229851
5.38 0.020669 0.0506638 -0.00802896 0.0221737
5.39 0.0214962 0.000934498 -0.0206277 0.0297924
5.4 0.0029542 -0.0103016 -0.0202813 0.0204953
5.41 0.00953444 0.132746 -0.000514429 0.00954831
5.42 -0.00148624 0.0231908 0.00551768 0.00571434
5.43 0.0124355 -0.0428357 0.0312592 0.0336419
5.44 0.0119355 -0.0379557 -0.0205309 0.0237481
5.45 -0.00813263 0.000802768 0.0315192 0.0325514
5.46 0.000284081 -0.0669447 0.031377 0.0313783
5.47 0.00204575 0.0751058 0.0377689 0.0378243
5.48 0.00498232 -0.105595 0.0437517 0.0440345
5.49 0.00972394 -0.0100266 -0.0208081 0.0229681
5.5 0.0229331 -0.0179379 0.0116174 0.0257078
5.51 0.0162335 -0.183518 0.00482387 0.016935
5.52 0.00286232 0.0120369 0.0180988 0.0183237
5.53 -0.00454047 -0.0190687 0.005052 0.00679254
5.54 0.0114613 -0.050901 -0.0208434 0.0237867
5.55 0.00723271 -0.00420379 0.0246695 0.0257079
5.56 0.0107317 -0.0375284 -0.027032 0.0290843
5.57 0.0189333 -0.0155447 -0.0269464 0.0329329
5.58 0.0145593 -0.0349729 -0.0145398 0.0205762
5.59 0.0250287 0.0209224 0.017724 0.0306688
5.6 0.0070662 0.00936648 0.0118521 0.0137987
5.61 0.0151851 -0.0272536 0.0119146 0.0193014
5.62 0.00882548 0.155663 0.018604 0.0205912
5.63 -0.00744792 -0.0354215 0.0251097 0.026191
5.64 -0.000161301 0.0182687 0.00613831 0.00614042
5.65 0.0107353 -0.0727257 -0.0145983 0.0181206
5.66 0.00575068 0.103859 -0.00716867 0.00919022
5.67 -0.000255637 -0.0577396 0.00585977 0.00586534
5.68 0.0100123 0.0878538 0.018571 0.021098
5.69 0.00988732 0.070071 -0.0134257 0.0166736
5.7 0.0114668 -0.0424404 0.0186638 0.0219049
5.71 0.0137508 0.103337 -0.0133871 0.0191911
5.72 0.00946135 -0.0995931 0.0510679 0.051937
5.73 -0.0040554 0.0205881 -0.0192824 0.0197043
5.74 0.0104214 -0.0505297 0.0112102 0.015306
5.75 0.00759478 -0.0133198 0.0314124 0.0323175
5.76 0.0188433 -0.0200727 -0.00772633 0.0203658
5.77 0.0146213 -0.10206 0.00426497 0.0152307
5.78 0.0116508 -0.100509 -0.00124207 0.0117168
5.79 0.00605878 0.0504011 -0.0398928 0.0403503
5.8 0.000664837 -0.0712148 -0.0140962 0.0141119
5.81 0.0213382 0.0188604 0.00458826 0.021826
5.82 0.00806464 -0.0624258 0.0113506 0.0139239
5.83 0.0178242 -0.019424 0.024257 0.0301016
5.84 0.0117609 -0.0291025 0.031402 0.0335322
5.85 0.00733295 -0.102301 0.00521788 0.00899991
5.86 0.00973713 0.0923919 -0.00045476 0.00974775
5.87 0.0213008 -0.0707255 0.0567214 0.0605892
5.88 -0.000648507 0.00944093 -0.00634833 0.00638137
5.89 0.0149628 0.00435035 0.0446346 0.0470759
5.9 -0.0115908 -0.0555155 0.00565107 0.012895
5.91 -0.00352154 -0.113384 0.0370718 0.0372387
5.92 0.0056532 0.0280124 0.0248673 0.0255018
5.93 0.0218921 0.0360241 0.0245381 0.0328844
5.94 0.0152792 -0.0445708 -0.00144827 0.0153477
5.95 0.00672762 0.0182757 0.0252303 0.0261119
5.96 -0.0022678 0.113067 -0.00670284 0.00707609
5.97 0.0156007 -0.0983836 -0.00144619 0.0156676
5.98 0.0229959 -0.0356612 -0.0142093 0.0270318
5.99 0.00429041 -0.127156 0.00500768 0.00659428
6 0.0228462 -0.000149282 0.0184374 0.0293579
6.01 0.0233512 -0.0226286 0.0178766 0.0294084
6.02 -0.00197053 -0.230226 0.00383145 0.00430847
6.03 -0.00473261 0.0346246 0.0120637 0.0129588
6.04 0.0110144 -0.0510435 0.0114651 0.0158987
6.05 0.0147561 0.0184838 0.0375373 0.0403335
6.06 -0.00324743 -0.0603891 0.00612449 0.00693219
6.07 -0.00130237 0.0102405 -0.000812278 0.00153492
6.08 0.0153216 -0.0401123 0.0178483 0.0235226
6.09 0.00372192 -0.0908768 0.0370968 0.037283
6.1 0.0152365 -0.0399224 0.0308854 0.0344392
6.11 0.00986684 0.0122994 -0.0136596 0.0168505
6.12 0.00459619 -0.0737741 0.0116629 0.0125359
6.13 0.020801 -0.168619 0.0173043 0.0270577
6.14 0.0109494 -0.00627299 0.00506041 0.0120622
6.15 0.00804593 -0.160436 0.0236724 0.0250024
6.16 0.00865603 -0.125475 0.0114227 0.014332
6.17 0.00622257 0.050184 0.0249155 0.0256807
6.18 0.0125525 0.0509687 -0.00123728 0.0126133
6.19 0.00781853 -0.0625029 -0.0202284 0.0216868
6.2 0.0074796 0.0358082 0.0124927 0.0145606
6.21 0.022357 0.00467876 0.0305737 0.0378759
6.22 0.00267956 0.11945 0.0185117 0.0187046
6.23 0.00661267 -0.00330148 0.0114693 0.013239
6.24 3.30512e-05 -0.0398322 0.0250196 0.0250196
6.25 0.0102649 -0.0728225 0.0238427 0.0259585
6.26 0.0115731 -0.0291619 0.0252321 0.0277596
6.27 0.0114394 0.0247103 0.0314 0.0334188
6.28 0.010055 0.00291007 0.0185246 0.0210775
6.29 0.0171033 0.13709 0.005674 0.0180199
6.3 0.00360056 0.00696284 0.0314801 0.0316853
6.31 0.0101034 0.038791 0.0184838 0.0210649
6.32 0.0124713 -0.0828102 -0.00117496 0.0125265
6.33 0.0105384 -0.0237504 -0.00140309 0.0106314
6.34 0.011375 0.00253786 0.0507053 0.0519656
6.35 0.0101694 -0.0726003 -0.00190792 0.0103468
6.36 0.00308033 0.0341855 -0.00143903 0.00339989
6.37 0.0264439 -0.00213117 0.0306017 0.0404444
6.38 0.0116069 0.0376835 0.0573165 0.05848
6.39 0.00555012 0.0372117 -0.0203547 0.0210978
6.4 0.0153149 -0.00475306 0.037729 0.0407189
6.41 0.0149331 0.0759085 0.0314779 0.0348405
6.42 -0.000243473 -0.0045042 0.0194531 0.0194546
6.43 0.0100218 0.0520101 0.0188822 0.021377
6.44 0.0306396 -0.00917683 0.0114608 0.032713
6.45 0.0115235 -0.118169 0.0493529 0.0506804
6.46 0.0217693 0.0941292 -0.0138529 0.0258032
6.47 0.00767949 -0.0134901 -0.00676335 0.0102332
6.48 0.00654421 -0.00346769 -0.00133542 0.00667907
6.49 0.0142468 -0.0529957 -0.00131483 0.0143073
6.5 0.00310847 0.0479645 0.0378765 0.0380038
6.51 0.0071076 -0.0127186 0.01805 0.019399
6.52 0.00808828 -0.0719005 0.00609452 0.0101274
