0 0.00732078 -0.152037 0.0577413 0.0582035
0.01 -0.00826974 -0.0223306 0.0385019 0.03938
0.02 0.00142234 -0.0905011 0.0253511 0.0253909
0.03 0.0052777 -0.06161 0.0124955 0.0135644
0.04 0.00347254 -0.145441 0.0444437 0.0445791
0.05 0.00297124 -0.144787 0.0257224 0.0258934
0.06 0.00734521 -0.232076 0.0565288 0.057004
0.07 0.0102606 -0.118003 0.0378681 0.0392335
0.08 -0.00612507 -0.0105302 0.0324932 0.0330655
0.09 -0.0068649 -0.0453518 0.0125925 0.0143422
0.1 0.00448318 -0.0743331 0.0313138 0.0316331
0.11 0.0103014 -0.0825736 0.0192316 0.0218169
0.12 -0.0100906 -0.0657093 0.0262824 0.0281529
0.13 -0.00229237 -0.0926587 0.0194615 0.019596
0.14 0.00160298 -0.0682736 0.0317254 0.0317658
0.15 -0.00289793 -0.088047 0.032171 0.0323013
0.16 0.00144026 -0.028644 0.0521986 0.0522185
0.17 -0.00160282 -0.0442116 0.0522271 0.0522516
0.18 -0.00714259 -0.0272994 0.0193041 0.0205831
0.19 0.0101952 -0.0732124 0.00632477 0.0119977
0.2 0.00818477 0.0347159 0.0126564 0.0150723
0.21 -0.00190965 -0.146777 0.0388112 0.0388581
0.22 0.00459973 -0.070174 -9.9509e-05 0.0046008
0.23 0.0162373 0.0254296 0.0448459 0.0476949
0.24 0.00175258 -0.103947 0.0253316 0.0253921
0.25 0.000414142 -0.0629798 0.00643632 0.00644963
0.26 0.00163931 -0.104325 -0.00641213 0.00661836
0.27 0.0208666 -0.110617 0.011336 0.0237471
0.28 -0.00635744 -0.0682958 0.00708448 0.00951877
0.29 0.00099347 -0.0766714 0.031935 0.0319505
0.3 0.000562952 -0.0450818 0.00604824 0.00607438
0.31 -0.00493506 -0.113518 0.0197578 0.0203648
0.32 0.00163127 -0.0769733 0.0511265 0.0511525
0.33 -0.00367338 -0.0695221 0.0129855 0.0134951
0.34 -0.00764621 -0.250688 0.0513388 0.051905
0.35 0.00590554 -0.115773 0.0394001 0.0398402
0.36 0.0131625 -0.0972414 0.0504848 0.0521725
0.37 0.00861468 -0.0102259 0.0451198 0.0459348
0.38 0.00589417 -0.155495 -0.00702278 0.00916846
0.39 -0.00579505 -0.117301 0.0188342 0.0197056
0.4 -0.0043462 -0.0157323 -0.00660261 0.00790467
0.41 0.00189821 -0.0953157 0.0581337 0.0581647
0.42 0.0048709 -0.100932 0.0118885 0.0128477
0.43 -0.00310658 -0.056476 0.0451101 0.045217
0.44 0.00596063 -0.151102 0.0312805 0.0318434
0.45 0.0103722 -0.131933 0.044354 0.0455507
0.46 -0.00191281 -0.0663197 0.0388384 0.0388855
0.47 -0.0054089 -0.113272 0.0391211 0.0394932
0.48 0.00219466 -0.0862242 0.0705119 0.0705461
0.49 -0.000667922 -0.133931 0.012823 0.0128403
0.5 0.00361383 -0.163011 0.0450701 0.0452148
0.51 -0.00218877 -0.18167 0.0182106 0.0183417
0.52 0.00377884 -0.261595 0.0377896 0.0379781
0.53 -0.00673536 -0.045652 0.0709978 0.0713165
0.54 0.00236488 -0.0960331 0.045314 0.0453757
0.55 -0.00134623 -0.146599 0.057321 0.0573368
0.56 0.00883107 -0.0506127 0.0253991 0.0268906
0.57 -0.00816316 0.00448091 -0.0128992 0.0152652
0.58 0.00906283 -0.0861527 0.0120297 0.0150615
0.59 -0.0023242 -0.0969882 0.0126991 0.0129101
0.6 -0.00727114 -0.0807509 0.00628399 0.00961031
0.61 -0.00143613 -0.0481919 0.0379152 0.0379423
0.62 0.000348597 0.0710316 0.0456281 0.0456295
0.63 -0.00881169 -0.146609 0.0383851 0.0393836
0.64 -0.0018583 -0.10179 0.0318332 0.0318874
0.65 0.00214391 -0.0149238 0.0322869 0.032358
0.66 -0.00896109 -0.19107 0.0508132 0.0515974
0.67 0.0103997 -0.073851 0.064298 0.0651336
0.68 0.00711364 -0.183164 0.0381824 0.0388394
0.69 0.00496176 -0.115141 0.0184448 0.0191005
0.7 0.0153696 -0.21929 0.0376014 0.0406213
0.71 -0.00309728 -0.10535 -0.000507939 0.00313866
0.72 0.0105307 -0.136507 0.0125583 0.0163892
0.73 0.00777319 0.00388625 0.0127701 0.0149498
0.74 -0.00807342 0.00884786 -0.00586624 0.00997963
0.75 -0.000593683 -0.138354 0.0443453 0.0443493
0.76 0.00525742 -0.0260564 0.025903 0.0264312
0.77 -0.00529015 -0.139941 0.0445263 0.0448395
0.78 0.0060475 -0.0980243 -0.00695352 0.0092154
0.79 0.00704304 -0.227149 0.0245578 0.0255478
0.8 -0.000792626 -0.142465 0.0313421 0.0313521
0.81 0.0149299 -0.116187 0.0509948 0.0531354
0.82 -0.0122187 -0.260695 -0.00722662 0.0141958
0.83 -0.00631565 -0.0904005 0.038421 0.0389367
0.84 0.00492997 -0.0836195 -0.000118977 0.0049314
0.85 0.00890031 -0.0237224 -8.91825e-05 0.00890076
0.86 0.00607525 -0.0974365 0.0126887 0.0140682
0.87 -0.00672207 -0.0456655 0.0260789 0.0269313
0.88 0.0125333 0.0141331 0.0261132 0.0289652
0.89 0.00540122 -0.092991 0.0125936 0.013703
0.9 -0.00207233 -0.0882894 0.0575324 0.0575697
0.91 0.00251354 -0.0556565 0.0648403 0.064889
0.92 -0.0031661 -0.0255428 0.00690661 0.00759773
0.93 0.00623159 -0.111155 0.0381106 0.0386167
0.94 0.00612193 -0.169371 0.0251422 0.0258768
0.95 -0.0095983 -0.177416 0.0250446 0.0268209
0.96 0.00948561 -0.0862866 0.0383589 0.0395143
0.97 -0.00913345 -0.137895 -0.000333917 0.00913955
0.98 -0.013429 -0.0768746 0.00624109 0.0148084
0.99 0.0101725 -0.0560521 0.0264315 0.0283214
1 -0.00688577 -0.0231505 0.0325772 0.0332969
1.01 0.00897233 -0.104033 0.0378269 0.0388765
1.02 -0.00551455 -0.113198 0.0259756 0.0265545
1.03 0.00750819 -0.00463794 -0.0133979 0.0153582
1.04 0.00892353 -0.313636 0.0758246 0.0763478
1.05 0.000943913 -0.0589615 0.0128429 0.0128775
1.06 0.00148237 -0.117169 -0.0197921 0.0198475
1.07 0.00464212 -0.0657155 0.019197 0.0197503
1.08 -0.00626335 -0.108253 6.01359e-05 0.00626364
1.09 -0.00312234 -0.074514 0.0190831 0.0193368
1.1 -0.0111676 0.028408 0.0202451 0.023121
1.11 0.00186653 -0.108913 0.0259941 0.026061
1.12 -0.0135903 -0.0906747 0.0195936 0.0238455
1.13 -0.003186 -0.0699623 9.54964e-05 0.00318743
1.14 0.00886369 -0.113065 0.0316186 0.0328375
1.15 -0.00160979 -0.102178 0.0584658 0.0584879
1.16 -0.00156229 -0.102108 0.0199486 0.0200097
1.17 -0.00627086 -0.0901885 0.0573576 0.0576993
1.18 -0.0126185 -0.148887 0.0258227 0.0287409
1.19 -0.00585532 -0.0904522 0.0125852 0.0138806
1.2 0.00447026 -0.0475759 0.0128012 0.0135593
1.21 0.000549829 -0.0543362 0.0255905 0.0255964
1.22 0.00234041 -0.0865192 0.000292268 0.00235859
1.23 -0.00150959 -0.11998 0.00672625 0.00689357
1.24 0.00589221 -0.128628 0.0121373 0.0134919
1.25 0.0164383 -0.0771176 -0.0329224 0.0367982
1.26 -0.00450419 -0.131574 -0.0123248 0.013122
1.27 0.00507638 -0.0614751 -0.000147028 0.00507851
1.28 -0.00242222 -0.00329831 0.0580436 0.0580941
1.29 -0.00154834 -0.0796822 0.0452213 0.0452478
1.3 -0.006731 -0.076765 0.0514777 0.0519158
1.31 0.00956737 -0.0861339 0.0062447 0.011425
1.32 -0.0197325 -0.264859 0.0443086 0.0485038
1.33 -0.00127762 -0.1557 0.0447484 0.0447666
1.34 0.0106947 -0.113923 0.0447776 0.0460371
1.35 -0.00563265 -0.147824 0.0499918 0.0503081
1.36 -0.00674196 -0.0900851 0.0192677 0.0204132
1.37 -0.0052287 -0.126875 0.0321582 0.0325805
1.38 0.00486369 -0.00789806 -0.0193205 0.0199233
1.39 -0.00497582 -0.148946 0.0383943 0.0387153
1.4 -0.00595738 -0.148216 0.0182125 0.0191621
1.41 0.00590052 -0.133521 -0.000345767 0.00591064
1.42 0.0165616 0.00320134 0.0578252 0.0601501
1.43 0.0222848 -0.156633 0.0244914 0.0331126
1.44 0.00498827 -0.0836017 0.0252902 0.0257774
1.45 -0.00363279 -0.11799 -0.0201681 0.0204926
1.46 -0.00991696 -0.114659 0.0443583 0.0454533
1.47 -0.000233188 -0.0268344 -0.0130664 0.0130685
1.48 0.00646162 -0.0132926 0.0520805 0.0524798
1.49 -0.00436285 -0.0153761 0.0192392 0.0197277
1.5 0.00219338 -0.157866 0.0186989 0.0188271
1.51 -0.0037569 -0.0426472 0.0380075 0.0381927
1.52 0.0100539 -0.113298 0.0316471 0.0332057
1.53 0.0055795 -0.0438773 0.0129894 0.014137
1.54 0.00572514 -0.048457 0.0512543 0.0515731
1.55 0.0101403 -0.167079 0.0377428 0.0390813
1.56 -0.0107175 -0.0520874 0.0393009 0.040736
1.57 0.00980838 -0.122663 -0.000173163 0.00980991
1.58 0.0128022 -0.0348577 0.0185475 0.0225368
1.59 0.00555141 -0.115312 -0.000377382 0.00556422
1.6 0.00124592 0.0388857 0.032441 0.0324649
1.61 0.000639562 -0.0499693 0.0326235 0.0326297
1.62 0.00157709 -0.0506095 0.0065014 0.00668995
1.63 -0.0017552 -0.0883496 0.070716 0.0707378
1.64 -0.000687576 -0.0179999 -0.00022926 0.00072479
1.65 -0.0103962 -0.0389768 0.0387315 0.0401025
1.66 0.00865047 -0.0502005 0.0126863 0.0153549
1.67 -0.00570036 -0.130695 -0.000230156 0.00570501
1.68 -0.00154142 -0.124309 -3.61316e-05 0.00154185
1.69 -0.00751402 -0.0492632 0.0128207 0.0148604
1.7 -0.00371042 -0.0917608 -0.00726977 0.00816191
1.71 0.0102395 -0.11826 0.0127998 0.0163915
1.72 -0.00168105 -0.10186 0.025469 0.0255244
1.73 0.0134096 -0.0664971 0.0129308 0.0186286
1.74 0.0068129 -0.129074 0.03811 0.0387142
1.75 -0.00425606 -0.158705 0.0777394 0.0778558
1.76 -0.00471381 -0.162739 0.0769623 0.0771065
1.77 0.00518679 -0.0926814 0.018617 0.019326
1.78 -0.00416677 -0.20338 0.0768979 0.0770107
1.79 0.00539488 -0.114965 0.00591657 0.0080069
1.8 0.0170214 -0.135274 -0.0203673 0.0265434
1.81 0.00214943 -0.122267 0.0382382 0.0382986
1.82 0.00100824 0.0656428 0.0588097 0.0588184
1.83 0.00618046 -0.133341 0.0124971 0.0139418
1.84 0.00907601 -0.0640294 0.0646697 0.0653035
1.85 -0.0195093 -0.108314 -0.0834702 0.0857198
1.86 -0.141309 -0.124874 -1.03429 1.0439
1.87 -0.229041 -0.203045 -1.56089 1.5776
1.88 -0.181876 -0.119971 -1.50083 1.51181
1.89 -0.0945419 -0.255521 -1.21513 1.2188
1.9 -0.00384137 -0.276404 -0.903231 0.903239
1.91 0.060382 -0.241106 -0.928689 0.93065
1.92 0.0787139 -0.189807 -0.973943 0.977119
1.93 0.0125341 -0.305062 -1.31271 1.31277
1.94 -0.0366807 -0.17022 -1.70421 1.70461
1.95 -0.0707499 -0.214953 -1.89675 1.89807
1.96 -0.0796323 -0.267315 -2.00093 2.00251
1.97 -0.065105 -0.155958 -1.98203 1.9831
1.98 -0.0602378 -0.225437 -2.02827 2.02916
1.99 -0.0804577 -0.221631 -2.06522 2.06679
2 -0.0840855 -0.237112 -2.23781 2.23939
2.01 -0.0943557 -0.185859 -2.31501 2.31693
2.02 -0.105228 -0.309223 -2.40493 2.40724
2.03 -0.106228 -0.129665 -2.54077 2.54299
2.04 -0.096707 -0.246316 -2.58711 2.58892
2.05 -0.0989945 -0.124996 -2.76044 2.76222
2.06 -0.110499 -0.273648 -2.96796 2.97002
2.07 -0.0747188 -0.191862 -3.11751 3.11841
2.08 -0.0490455 -0.199208 -3.24761 3.24798
2.09 -0.0306229 -0.361618 -3.41092 3.41106
2.1 -0.0259959 -0.235637 -3.49376 3.49386
2.11 -0.00663947 -0.327839 -3.63089 3.6309
2.12 0.0103029 -0.280238 -3.74057 3.74059
2.13 0.0269435 -0.289621 -3.96228 3.96237
2.14 0.0495071 -0.432893 -4.13796 4.13825
2.15 0.0690644 -0.435788 -4.29338 4.29394
2.16 0.10539 -0.403751 -4.49463 4.49586
2.17 0.0875812 -0.428552 -4.72796 4.72877
2.18 0.10853 -0.395883 -4.87669 4.87789
2.19 0.105218 -0.428256 -5.05229 5.05339
2.2 0.0878307 -0.533466 -5.25214 5.25288
2.21 0.093873 -0.455784 -5.38102 5.38184
2.22 0.0765849 -0.458907 -5.57244 5.57297
2.23 0.0833277 -0.430977 -5.77838 5.77898
2.24 0.0665215 -0.424808 -5.95237 5.95274
2.25 0.0686006 -0.438953 -6.19231 6.19269
2.26 0.0967213 -0.374986 -6.40672 6.40745
2.27 0.11929 -0.535857 -6.63475 6.63582
2.28 0.135792 -0.537291 -6.67403 6.67541
2.29 0.18277 -0.503493 -6.99941 7.00179
2.3 0.207728 -0.559381 -7.09646 7.0995
2.31 0.233774 -0.530987 -7.29847 7.30221
2.32 0.249418 -0.523237 -7.38228 7.38649
2.33 0.254173 -0.5588 -6.85226 6.85697
2.34 0.250051 -0.450733 -5.33192 5.33778
2.35 0.17586 -0.2557 -4.69815 4.70144
2.36 -0.017378 -0.40907 -9.22515 9.22517
2.37 -0.0487215 -0.694038 -10.6998 10.6999
2.38 0.373418 -0.69435 -9.86923 9.87629
2.39 0.64059 -0.575294 -8.14939 8.17453
2.4 0.81689 -0.872885 -7.50734 7.55165
2.41 0.915624 -0.689669 -7.01147 7.071
2.42 0.850956 -0.87739 -6.95415 7.00602
2.43 0.634701 -0.831289 -7.21587 7.24373
2.44 0.438456 -0.722919 -7.15406 7.16748
2.45 0.269531 -0.676576 -6.97071 6.97592
2.46 0.179102 -0.633915 -6.77385 6.77622
2.47 0.139919 -0.654775 -6.49585 6.49736
2.48 0.0966993 -0.473038 -6.25424 6.25499
2.49 0.0822636 -0.571194 -6.03813 6.03869
2.5 0.0446336 -0.258891 -5.78072 5.78089
2.51 0.00677551 -0.3341 -5.61548 5.61548
2.52 -0.0106252 -0.261287 -5.36777 5.36778
2.53 -0.0389858 -0.419161 -5.21182 5.21197
2.54 -0.0559059 -0.341967 -5.18036 5.18066
2.55 -0.0738805 -0.282761 -5.09037 5.0909
2.56 -0.0502938 -0.38279 -5.03355 5.0338
2.57 -0.0135591 -0.397709 -4.89455 4.89457
2.58 0.0187462 -0.404897 -4.72967 4.72971
2.59 0.0195598 -0.469845 -4.44051 4.44055
2.6 0.0343212 -0.42194 -4.19607 4.19621
2.61 0.0177704 -0.483976 -3.91177 3.91181
2.62 0.00311694 -0.355725 -3.56803 3.56804
2.63 -0.00230177 -0.357655 -3.15977 3.15977
2.64 -0.0021838 -0.354671 -2.69931 2.69931
2.65 -0.00308737 -0.264828 -2.15469 2.15469
2.66 -0.018758 -0.197701 -1.60306 1.60317
2.67 -0.0292124 -0.0922129 -1.032 1.03241
2.68 -0.0530796 0.0086541 -0.596151 0.598509
2.69 -0.0980745 -0.011226 -0.12648 0.16005
2.7 -0.116526 0.125278 0.116661 0.164888
2.71 -0.0291726 -0.0089375 0.119817 0.123317
2.72 -0.00474709 -0.216232 0.0383006 0.0385937
2.73 0.00925482 -0.117367 0.0249325 0.0265947
2.74 0.00936146 -0.0908977 0.0511766 0.0520257
2.75 0.00531611 -0.0928009 0.0256307 0.0261762
2.76 0.00807378 -0.0409361 0.0382197 0.0390632
2.77 -0.00273554 -0.0250637 0.0255785 0.0257244
2.78 0.00875593 -0.0636462 0.0575476 0.0582099
2.79 0.00314821 -0.283461 0.0183938 0.0186613
2.8 -0.000143645 -0.0490502 0.0311451 0.0311455
2.81 0.0125066 -0.0880912 -0.000712766 0.0125269
2.82 0.00164198 -0.0861122 0.0382834 0.0383186
2.83 -0.00493683 -0.179996 0.0504151 0.0506562
2.84 0.00577105 -0.124134 0.0180178 0.0189194
2.85 -0.00263753 -0.0614399 0.0319297 0.0320385
2.86 0.0130734 -0.0844741 0.0322876 0.0348339
2.87 0.0209113 -0.0133167 0.0644668 0.0677735
2.88 -0.00421765 -0.0557867 0.0441669 0.0443679
2.89 -0.00695359 -0.0808308 0.0446069 0.0451456
2.9 -0.0129882 -0.211089 0.0318957 0.0344387
2.91 0.00558206 -0.150898 0.0250022 0.0256178
2.92 -0.0325466 -0.123169 0.0766305 0.0832557
2.93 -0.00697711 -0.0900528 0.0253614 0.0263036
2.94 0.0014333 -0.0771811 0.057561 0.0575788
2.95 -0.00836613 -0.231662 0.0373709 0.0382959
2.96 -0.010012 -0.101245 0.0382841 0.0395716
2.97 0.00193314 -0.184312 -0.00731342 0.0075646
2.98 -0.0150282 -0.0183923 0.0196077 0.0247045
2.99 0.0147904 -0.0359805 0.0312395 0.0345639
3 0.0085327 -0.0101979 0.0258424 0.0272146
3.01 -0.00322935 -0.114517 0.0508077 0.0509103
3.02 0.00927074 -0.108597 0.0255822 0.0272103
3.03 0.00623755 -0.182668 0.0573991 0.057737
3.04 0.00937897 -0.112756 0.0121148 0.015321
3.05 0.00444936 -0.061225 0.0445872 0.0448087
3.06 0.00865304 -0.134581 0.0183599 0.0202969
3.07 0.00182518 -0.157694 0.0512077 0.0512402
3.08 0.0127372 -0.0703823 0.0444301 0.0462198
3.09 0.00556994 -0.110969 0.0513039 0.0516054
3.1 0.0040336 -0.0607807 0.0379681 0.0381817
3.11 0.00257478 0.0114051 -0.0133397 0.0135859
3.12 0.0131973 -0.0932349 0.0511857 0.0528597
3.13 0.0213551 -0.115786 0.076845 0.079757
3.14 0.00181147 -0.0773659 0.0387007 0.0387431
3.15 0.00164852 -0.144272 0.0509947 0.0510213
3.16 0.00831669 -0.0497842 0.0253444 0.0266741
3.17 0.00197141 -0.112729 -0.00655046 0.00684069
3.18 0.0140649 -0.111297 -0.000600986 0.0140777
3.19 0.00840623 -0.0587892 0.0640932 0.0646421
3.2 0.00407642 0.0730146 0.0328517 0.0331037
3.21 -0.00522238 -0.198065 -0.0010592 0.00532871
3.22 0.00183592 -0.157404 0.0374889 0.0375338
3.23 0.00932462 -0.18006 0.0314928 0.0328443
3.24 -0.0101067 -0.0878514 0.0573484 0.0582322
3.25 -0.000859991 -0.00378344 -0.000923616 0.001262
3.26 -0.0134274 -0.117274 0.0450497 0.0470082
3.27 -0.0110216 -0.0561448 0.0382914 0.039846
3.28 0.00168633 -0.10852 0.0384198 0.0384568
3.29 0.00874201 -0.0766431 0.0313992 0.0325934
3.3 -0.00434245 -0.220729 0.0380871 0.0383339
3.31 0.00584527 -0.102135 0.0386138 0.0390538
3.32 0.0197731 -0.0921924 0.00522047 0.0204507
3.33 0.00175391 -0.180016 0.0245501 0.0246126
3.34 -0.0120266 0.0738076 0.0260815 0.0287208
3.35 -0.00540155 -0.135279 0.0126638 0.0137676
3.36 0.009852 -0.162366 0.0373831 0.0386595
3.37 -0.00909754 -0.132932 0.0322025 0.0334629
3.38 -0.00576122 -0.117198 9.79812e-05 0.00576205
3.39 0.0128723 -0.0524513 0.0638223 0.0651075
3.4 -0.00460852 0.00716702 0.00646023 0.00793556
3.41 0.00909451 -0.0725554 0.0441693 0.0450959
3.42 -0.00308668 -0.0120566 0.0519212 0.0520129
3.43 0.00331924 0.0375729 0.0320965 0.0322676
3.44 0.00131193 -0.152801 0.0443372 0.0443566
3.45 -0.00245338 -0.199643 0.0180576 0.0182235
3.46 0.00867813 -0.0948921 0.0450031 0.0458322
3.47 -0.00422101 -0.0554441 0.0250899 0.0254425
3.48 -0.0032576 -0.0699665 0.0196053 0.0198741
3.49 0.00472851 0.00573657 0.0579729 0.0581654
3.5 0.00451025 -0.0520818 0.0379206 0.0381879
3.51 0.0128134 -0.088461 0.0513289 0.0529041
3.52 0.00459805 0.00179132 0.0577751 0.0579577
3.53 0.000978983 -0.0230672 0.057721 0.0577293
3.54 0.0015107 -0.0459155 0.0449669 0.0449922
3.55 -0.00651693 -0.0676259 0.01944 0.0205032
3.56 0.00471294 -0.0924356 0.0379802 0.0382715
3.57 -0.00963584 -0.0877742 0.0440467 0.0450884
3.58 0.0131341 -0.0887027 0.0573367 0.0588218
3.59 -0.00611973 -0.188559 0.0184665 0.0194541
3.6 0.000920241 -0.0589159 0.0189747 0.018997
3.61 0.0122315 -0.074466 0.057031 0.0583279
3.62 -0.00659471 -0.0189185 0.0522527 0.0526672
3.63 0.0162401 -0.045579 0.0188044 0.0248464
3.64 -0.00341392 -0.0698004 0.0772908 0.0773661
3.65 0.0130036 -0.0926481 0.0571388 0.0585998
3.66 0.00601417 -0.119952 0.0510712 0.0514241
3.67 0.00120451 -0.112489 0.0186359 0.0186748
3.68 0.0165373 -0.0900586 0.0251763 0.0301219
3.69 -0.00646624 -0.0812709 0.0317163 0.0323687
3.7 0.00597911 -0.249352 0.0439432 0.0443481
3.71 0.0168862 -0.12164 0.0569244 0.0593762
3.72 0.00811472 -0.098852 0.0310798 0.0321217
3.73 0.0133211 -0.0218616 0.0640501 0.0654207
3.74 -0.0101579 -0.110037 0.0317349 0.033321
3.75 0.00174864 -0.0596426 0.0645281 0.0645518
3.76 -0.00159711 -0.128754 0.0255862 0.025636
3.77 -0.00507926 -0.15328 0.0511416 0.0513933
3.78 -0.000960119 -0.142228 -3.66792e-05 0.000960819
3.79 -0.0111332 -0.0742827 0.0390203 0.0405775
3.8 0.00396157 -0.0739761 0.0378015 0.0380085
3.81 0.00148442 -0.134949 0.0378173 0.0378464
3.82 0.00565356 -0.0484612 0.0707647 0.0709902
3.83 -0.00231619 -0.0833452 0.0509705 0.0510231
3.84 0.0174238 -0.158345 0.03751 0.0413593
3.85 0.00366418 -0.0296575 0.0576825 0.0577988
3.86 0.00608416 -0.182483 0.0313786 0.031963
3.87 -0.00694023 -0.0585464 0.0709939 0.0713324
3.88 0.00972888 -0.104583 0.0514979 0.0524089
3.89 0.00957767 -0.131446 0.0577089 0.0584983
3.9 0.00200463 -0.0818761 0.0384491 0.0385013
3.91 1.10741e-05 -0.179119 0.0708045 0.0708045
3.92 -0.0030387 -0.0696621 0.064492 0.0645636
3.93 0.00411277 -0.0697534 0.0379297 0.038152
3.94 0.00443192 0.00591303 0.070972 0.0711102
3.95 0.00614324 -0.14253 0.0130319 0.0144073
3.96 0.00588799 -0.106783 0.00628016 0.00860865
3.97 0.000566778 -0.1031 0.0762133 0.0762154
3.98 0.00189959 -0.148745 0.0510136 0.051049
3.99 0.00367783 -0.109644 -0.00745565 0.00831343
4 -0.00909899 -0.288812 0.0435162 0.0444573
4.01 0.00565392 -0.115224 0.0450826 0.0454358
4.02 0.00202691 -0.121656 -0.000457051 0.0020778
4.03 -0.00777793 0.0713492 0.0387713 0.0395437
4.04 0.00548682 -0.128216 0.0443053 0.0446437
4.05 0.00881121 -0.0723924 0.0122494 0.0150893
4.06 0.00262572 -0.197626 0.0499265 0.0499955
4.07 0.00904094 -0.113135 0.0252544 0.0268239
4.08 0.0169216 -0.104281 0.051048 0.0537796
4.09 0.00547989 -0.0127228 0.0581517 0.0584093
4.1 -0.00197823 -0.115036 0.0450452 0.0450886
4.11 0.00454743 -0.0523218 0.0382614 0.0385307
4.12 0.00628399 -0.0972806 0.0701799 0.0704607
4.13 -0.00216305 -0.105989 0.0319381 0.0320112
4.14 0.00553452 -0.0574612 0.0257687 0.0263563
4.15 0.00404774 -0.024983 0.031525 0.0317838
4.16 0.0123827 -0.0702433 0.0571586 0.0584845
4.17 -0.0175409 -0.110095 0.057215 0.0598435
4.18 -0.00567363 -0.0993368 0.0580068 0.0582836
4.19 0.0135402 -0.142686 0.019163 0.023464
4.2 0.00903184 -0.0414601 0.0382803 0.0393314
4.21 0.00153275 -0.108497 0.0386522 0.0386826
4.22 0.00484507 -0.0836103 0.0643097 0.064492
4.23 0.00282538 -0.18943 0.0309746 0.0311032
4.24 -0.00678927 -0.0673538 0.0251928 0.0260916
4.25 -0.0112237 0.010772 0.0261917 0.0284952
4.26 -0.00308689 -0.105382 0.0382798 0.0384041
4.27 0.00531891 -0.0838562 0.0449465 0.0452601
4.28 0.00373402 -0.0602812 0.057028 0.0571501
4.29 0.00850387 -0.0857168 0.0444301 0.0452366
4.3 0.011133 -0.154329 0.0638822 0.064845
4.31 0.00639549 -0.213804 0.0376466 0.038186
4.32 0.00161554 -0.0591608 0.0132981 0.0133958
4.33 0.0278752 -0.0709618 0.0314297 0.0420101
4.34 -0.00303957 -0.118684 0.0314784 0.0316248
4.35 0.0132199 -0.110556 0.0573326 0.058837
4.36 0.019479 -0.00309817 0.0577545 0.0609509
4.37 -0.00454648 -0.0599202 0.025265 0.0256708
4.38 0.0143251 -0.178357 0.0631608 0.0647649
4.39 -0.00178772 -0.150969 0.00556342 0.0058436
4.4 -0.00631088 -0.121533 0.0440395 0.0444894
4.41 0.00078043 -0.0366273 0.0707328 0.0707371
4.42 0.0118522 0.01516 0.044957 0.046493
4.43 -0.00990312 -0.12396 -0.000801801 0.00993552
4.44 0.00341677 -0.252479 0.0310467 0.0312342
4.45 0.00566688 -0.119341 0.0572568 0.0575365
4.46 0.00871535 -0.0857032 0.0444682 0.0453142
4.47 0.00846429 -0.0812304 0.0444493 0.045248
4.48 0.00773156 -0.067354 -0.00706994 0.0104767
4.49 -0.00320064 -0.00709023 0.0512588 0.0513586
4.5 -0.00202336 -0.119352 0.0832017 0.0832263
4.51 -0.00238647 -0.0659126 0.0319487 0.0320377
4.52 0.0137206 -0.0887119 0.070829 0.0721457
4.53 0.00188946 -0.126254 0.0572795 0.0573107
4.54 -0.00182915 -0.231819 0.0379913 0.0380353
4.55 -0.0140522 -0.12109 0.0380324 0.0405454
4.56 0.00971238 -0.126706 0.0574254 0.0582409
4.57 0.00227269 -0.189318 -0.00125643 0.00259687
4.58 0.0048399 -0.0788797 0.0444783 0.0447408
4.59 0.00183891 -0.135088 0.0250888 0.0251561
4.6 -0.0030222 -0.0607504 0.0640274 0.0640987
4.61 0.00396416 -0.0648507 0.00572565 0.00696403
4.62 0.0201096 -0.0970359 0.0435944 0.048009
4.63 0.00835487 -0.0234807 0.0387838 0.0396735
4.64 0.00851841 -0.0367279 0.0576628 0.0582886
4.65 0.00133405 -0.112789 0.0770412 0.0770528
4.66 0.00542951 -0.114901 0.0374575 0.037849
4.67 0.00199604 -0.108871 0.00675483 0.00704358
4.68 -0.00927483 -0.155502 0.0449053 0.0458531
4.69 0.00880685 -0.0412795 0.0317696 0.0329676
4.7 -0.00076555 -0.200509 0.0702361 0.0702403
4.71 0.00104515 -0.121087 0.00561351 0.00570998
4.72 0.00433437 -0.0922311 0.0317019 0.0319969
4.73 0.00098076 -0.0633056 0.0702767 0.0702836
4.74 0.00366256 -0.136578 0.0710437 0.071138
4.75 0.0122562 0.0455377 0.0262476 0.0289681
4.76 0.00941655 -0.113016 0.0375942 0.0387556
4.77 -0.009532 -0.0702493 0.0509751 0.0518586
4.78 0.00879887 -0.125789 0.0249091 0.0264175
4.79 0.00385934 -0.0383946 0.0319323 0.0321646
4.8 0.014336 -0.151485 0.0122634 0.0188656
4.81 -0.00300393 0.0146396 0.0329056 0.0330424
4.82 -0.00629478 -0.112602 0.0184363 0.0194814
4.83 0.00532667 -0.0926721 0.0381649 0.0385348
4.84 0.00543088 -0.15512 0.0248746 0.0254606
4.85 0.00575613 -0.0799387 0.0195409 0.020371
4.86 0.00522265 -0.110358 0.0574895 0.0577262
4.87 0.00547231 -0.0840411 0.070967 0.0711777
4.88 0.00591074 -0.124285 0.0638186 0.0640917
4.89 0.00870479 -0.0858321 0.0319341 0.0330992
4.9 0.00556998 -0.088329 0.0449654 0.045309
