0 -0.000394085 0.00462546 0.0127477 0.0127538
0.01 0.00369021 -0.0109682 -0.0327936 0.0330006
0.02 -0.00651446 -0.0319774 0.0256006 0.0264165
0.03 -0.0155714 0.0403183 0.00691137 0.0170363
0.04 0.00155285 -0.0412763 0.0128712 0.0129646
0.05 0.00348957 0.0424138 -0.045492 0.0456257
0.06 -0.0123243 0.0383535 -0.0507881 0.0522621
0.07 -0.0199171 0.0924856 0.00643174 0.0209298
0.08 -0.00894486 0.0409266 -0.0322404 0.0334582
0.09 -0.0236657 -0.0123678 -0.0197409 0.0308183
0.1 -0.00345564 0.00196997 -0.0260453 0.0262735
0.11 -0.0025181 -0.0789655 -0.0198801 0.0200389
0.12 0.0028534 0.0117452 -0.0267505 0.0269022
0.13 -0.00282286 -0.0963753 -0.0143124 0.0145881
0.14 -0.00865716 0.0322906 -0.0261791 0.0275734
0.15 -0.0166894 0.0991874 -0.0318817 0.0359858
0.16 -0.00539266 0.0120085 -0.000719598 0.00544046
0.17 -0.000317128 6.02056e-05 -0.0131837 0.0131875
0.18 -8.39396e-05 0.0268945 -0.000117256 0.000144204
0.19 0.000547319 -0.000585177 -0.019796 0.0198035
0.2 -0.00680355 -0.063076 -0.0132349 0.0148812
0.21 -0.000159533 0.0715363 -0.0190561 0.0190568
0.22 -0.00515692 0.0253287 -0.0133905 0.0143492
0.23 -0.023513 0.0542292 0.00682313 0.024483
0.24 6.76792e-05 -0.0316007 -0.00734839 0.0073487
0.25 -0.00782187 -0.0130634 -0.0258838 0.0270398
0.26 -0.00615382 -0.103468 0.00590777 0.00853061
0.27 9.62708e-06 -0.00915943 0.0122955 0.0122955
0.28 -0.0108787 -0.0870881 0.0120656 0.0162457
0.29 -0.0080898 0.0492599 0.000243999 0.00809348
0.3 -0.011041 -0.00219869 0.0449997 0.0463344
0.31 0.00289728 0.0294152 -0.0129168 0.0132377
0.32 -0.0182365 -0.0340854 0.0324724 0.0372428
0.33 -0.0110323 -0.00676909 -0.0199893 0.0228316
0.34 -0.0152515 -0.00894548 -0.0200938 0.0252264
0.35 0.0079921 0.0217876 -0.0071284 0.0107092
0.36 -0.0143726 -0.0581523 0.00595391 0.015557
0.37 -0.00366397 0.00683711 4.81995e-05 0.00366429
0.38 0.00109651 -0.062889 -0.00682729 0.00691478
0.39 -0.0119201 0.0471888 -0.0324396 0.0345604
0.4 0.0047538 -0.0876362 -0.0203684 0.0209158
0.41 -0.00896195 0.00545192 -0.0197358 0.0216753
0.42 -0.00941159 0.0590629 0.025755 0.0274207
0.43 -0.000614018 0.04958 -0.0196782 0.0196878
0.44 0.00762601 0.0579526 0.0124647 0.0146125
0.45 -0.00862342 0.0498121 0.000259643 0.00862733
0.46 0.00739577 0.0307952 -0.00666326 0.00995472
0.47 -8.30237e-05 0.0226472 -0.000477295 0.000484462
0.48 0.012627 -0.0163752 -0.00692606 0.0144018
0.49 -8.19758e-05 2.80036e-05 -0.0192773 0.0192775
0.5 -0.0162098 -0.0432565 -0.0519364 0.0544072
0.51 -0.00703507 -0.0756015 -0.00104607 0.00711241
0.52 -0.00963286 0.180087 -0.00588939 0.0112906
0.53 -0.00770646 0.0311338 0.00667797 0.0101973
0.54 0.00222387 0.0698528 -0.0259277 0.0260229
0.55 -0.00508402 0.0251727 -0.00664728 0.00836861
0.56 -0.00709912 -0.0137164 0.00652413 0.00964167
0.57 -0.00868269 0.103204 0.00710915 0.0112218
0.58 -0.0158348 0.0716899 -0.0127346 0.0203202
0.59 -0.0077315 0.0846091 0.0199298 0.021377
0.6 -2.85916e-06 0.040218 0.0125829 0.0125829
0.61 -0.012676 0.0474373 -0.0187433 0.0226272
0.62 0.00284484 0.150041 0.0130719 0.0133779
0.63 -3.18312e-05 -0.00432952 -0.00676238 0.00676246
0.64 -0.00372081 -0.00671531 -0.0259596 0.0262249
0.65 -0.00342932 0.0201368 0.0125159 0.0129772
0.66 -0.0149254 -0.0355617 -0.00636023 0.0162241
0.67 -0.0120867 -0.0594311 -0.0194917 0.022935
0.68 -0.000208089 0.0222835 0.0127004 0.0127021
0.69 -9.46857e-05 0.0133937 0.0190644 0.0190646
0.7 -1.14581e-05 1.18078e-05 -0.0136485 0.0136485
0.71 -0.0061822 0.0976705 -0.0520873 0.0524528
0.72 -0.0152903 -0.0580302 -0.0260803 0.0302321
0.73 -0.00592786 -0.170269 -0.0143773 0.0155514
0.74 -0.00801493 0.0222374 -0.0121729 0.0145746
0.75 -0.00405029 -0.0600516 -0.0264837 0.0267916
0.76 -0.00574342 -0.0993427 0.0189485 0.0197998
0.77 -0.00387635 0.020175 -0.00656713 0.00762583
0.78 -0.00371666 -0.0512001 -0.0137646 0.0142576
0.79 0.0114873 0.0153312 0.0188977 0.0221152
0.8 0.0146382 0.0267595 -0.0197374 0.0245732
0.81 0.000847353 -0.0361201 0.00589231 0.00595292
0.82 -0.0067065 -0.103356 -0.0263208 0.0271618
0.83 -0.00306998 0.0328667 0.0134017 0.0137488
0.84 -0.0120276 -0.015434 -0.019515 0.0229238
0.85 -0.00269472 -0.0429041 -0.0264316 0.0265686
0.86 -0.00802796 0.00499323 -0.038682 0.0395062
0.87 -0.00516146 0.0792621 -0.0516004 0.0518579
0.88 -0.00699628 -0.0359457 0.00581676 0.0090985
0.89 -0.0102636 -0.0475901 0.0450245 0.0461795
0.9 -0.00169372 0.094677 -0.000161108 0.00170137
0.91 5.31362e-05 0.0179591 0.000114903 0.000126594
0.92 0.00672506 0.125296 0.0132175 0.01483
0.93 -0.00866556 0.06277 -0.03243 0.0335678
0.94 -0.00309026 -0.0874421 -0.0455832 0.0456878
0.95 -0.00287318 -0.0921788 -0.000574395 0.00293004
0.96 -0.000657085 0.0491881 0.0127775 0.0127944
0.97 0.00301603 0.0159561 -0.0129744 0.0133203
0.98 -0.0130926 0.0612331 -0.0319403 0.0345196
0.99 -0.00446848 0.00733742 -0.000245474 0.00447522
1 0.000322763 0.0354263 -0.0129695 0.0129735
1.01 -0.0162477 0.0942898 -0.00550084 0.0171536
1.02 0.00399225 0.0065838 0.0190924 0.0195053
1.03 -0.000151946 -0.0133498 -0.0266199 0.0266203
1.04 0.00443657 0.0374958 0.0253811 0.0257659
1.05 -0.022292 -0.0134974 0.0131925 0.0259032
1.06 -0.0112208 0.00229794 0.000332398 0.0112258
1.07 -0.00716144 -0.0852339 -0.013245 0.0150571
1.08 -0.018824 -0.00212938 -0.0122584 0.0224635
1.09 0.0127447 -0.101657 -0.00740514 0.0147399
1.1 -0.011425 -0.0423624 -0.0198245 0.022881
1.11 0.0197435 -0.0300631 -0.00706058 0.020968
1.12 -0.00420213 0.12774 0.00661237 0.00783463
1.13 0.00102519 -0.0228373 -0.00704912 0.00712328
1.14 -0.00899478 0.121354 -0.0439763 0.0448868
1.15 0.00711947 0.0180577 -0.0134109 0.0151835
1.16 -0.0185532 -0.0913586 -0.0072684 0.0199262
1.17 0.00736577 0.0315067 -0.0135476 0.0154205
1.18 0.000514347 -0.00897954 -0.0197425 0.0197492
1.19 -0.000626531 -0.0171883 0.0246978 0.0247058
1.2 -0.00827721 -0.00813268 -0.0324837 0.0335217
1.21 0.00350625 0.0471004 -0.0128871 0.0133556
1.22 -0.00436565 -0.0243208 -7.64975e-05 0.00436632
1.23 -0.00786063 0.00459456 0.0189504 0.020516
1.24 -0.00896391 0.0323185 -0.000575692 0.00898238
1.25 -0.00886199 0.0275472 -0.00638585 0.0109231
1.26 -0.00758707 -0.0398393 0.0314548 0.0323569
1.27 0.00830044 -0.0318506 0.0115396 0.0142148
1.28 -0.013552 -0.072361 -0.0130177 0.0187914
1.29 -0.00900892 0.0190764 -0.0654409 0.0660581
1.3 0.000726783 -0.00506218 -0.000267271 0.000774369
1.31 -0.00731415 0.053536 -0.0131626 0.0150582
1.32 0.00381236 -0.0874683 -0.0462715 0.0464282
1.33 -0.00397188 -0.00224247 -0.0259786 0.0262804
1.34 -3.70899e-05 0.0401349 0.00618052 0.00618063
1.35 0.0038894 0.0156023 0.0252626 0.0255603
1.36 0.00429675 -0.0116763 -0.0260654 0.0264172
1.37 0.00221217 0.0524483 -0.0261831 0.0262764
1.38 -0.00800268 0.0448432 -0.0382918 0.0391191
1.39 -0.00762754 -0.0135087 -0.0329506 0.0338219
1.4 -0.0301777 -0.173965 -0.026066 0.0398764
1.41 -0.0100608 0.104656 -0.0197627 0.0221762
1.42 -0.0158638 0.00956244 -0.0510044 0.0534145
1.43 -0.00251457 -0.0113891 -0.0198211 0.0199799
1.44 -0.00986657 -0.145703 -0.013679 0.0168661
1.45 -0.00791476 0.053598 -0.0320132 0.0329771
1.46 -0.000177823 -0.0129409 -0.0647062 0.0647064
1.47 -0.00551298 0.0885069 -0.0458092 0.0461397
1.48 0.00697507 0.0490002 0.0128149 0.0145902
1.49 -0.00576576 -0.23268 -0.0273976 0.0279977
1.5 0.00843829 -0.0140618 -0.0265212 0.0278312
1.51 -0.000318536 0.03085 0.000274933 0.000420777
1.52 0.0034348 0.0246175 -0.0132918 0.0137284
1.53 0.00770896 0.0045146 -0.000516641 0.00772625
1.54 0.0184769 0.033367 -0.000411965 0.0184815
1.55 -0.00464318 -0.00610733 -0.0196185 0.0201605
1.56 -0.0197705 0.025067 0.0133137 0.0238354
1.57 -0.00277894 -0.141403 -0.032976 0.0330929
1.58 -0.0146122 -0.106961 -0.0137901 0.0200919
1.59 0.000430373 -0.00472476 -0.0135212 0.0135281
1.6 -0.0126602 0.0122059 -0.0260899 0.0289994
1.61 -0.000424282 0.00013307 -0.0263298 0.0263333
1.62 -0.00658092 -0.0495812 -0.00723984 0.00978386
1.63 0.00608724 0.112387 -0.000511761 0.00610872
1.64 0.00828874 -0.121058 -0.0142765 0.0165083
1.65 0.0120399 -0.00707852 -0.0201797 0.0234985
1.66 -0.00714612 -0.00952089 -0.0383053 0.0389662
1.67 0.00319103 -0.00234568 -0.038893 0.0390237
1.68 -0.00359313 -0.0825811 -0.0136665 0.014131
1.69 -0.0134052 0.0526393 -0.019591 0.0237383
1.7 -0.00126269 -0.0261535 -0.0198708 0.0199109
1.71 -0.0198791 0.0028241 0.0125682 0.0235189
1.72 -0.000632866 -0.0174588 -0.0452894 0.0452938
1.73 0.00370381 0.0111355 0.0449856 0.0451378
1.74 -0.0129443 -0.197184 -0.0333926 0.0358137
1.75 -0.00832657 -0.0132433 0.00615485 0.0103544
1.76 -0.00885232 0.0410275 -0.000428899 0.00886271
1.77 -0.00851463 0.0495763 -0.0189093 0.0207379
1.78 0.0096852 0.125575 -0.304157 0.304312
1.79 0.0370633 -0.0177052 -1.11265 1.11327
1.8 0.0858426 -0.0242237 -1.26193 1.26485
1.81 0.140165 -0.0121813 -1.15578 1.16424
1.82 0.164504 -0.0445955 -0.939121 0.95342
1.83 0.172355 -0.0446793 -0.817666 0.835634
1.84 0.13877 -0.0861486 -0.868559 0.879575
1.85 0.0889275 -0.0952049 -1.11227 1.11582
1.86 0.0296904 -0.263219 -1.40153 1.40184
1.87 -0.00734939 -0.195273 -1.5623 1.56232
1.88 0.0055508 -0.139916 -1.62595 1.62596
1.89 0.0313949 -0.035308 -1.60713 1.60744
1.9 0.0518346 -0.177516 -1.63399 1.63481
1.91 0.0557601 -0.282496 -1.74572 1.74661
1.92 0.0994443 -0.197287 -1.85641 1.85907
1.93 0.0950525 -0.203422 -2.01075 2.013
1.94 0.0921213 -0.161449 -2.15886 2.16082
1.95 0.107824 -0.170777 -2.25637 2.25895
1.96 0.106109 -0.142959 -2.33354 2.33595
1.97 0.115779 -0.0811811 -2.4379 2.44065
1.98 0.0968968 -0.238685 -2.59329 2.5951
1.99 0.11429 -0.222054 -2.7548 2.75717
2 0.110704 -0.193058 -2.81898 2.82115
2.01 0.10582 -0.194022 -2.98026 2.98213
2.02 0.135897 -0.202874 -3.0912 3.09419
2.03 0.138274 -0.132864 -3.16876 3.17177
2.04 0.144557 -0.230155 -3.33127 3.3344
2.05 0.147568 -0.218415 -3.44196 3.44512
2.06 0.156261 -0.138954 -3.58484 3.58825
2.07 0.163329 -0.178914 -3.6372 3.64087
2.08 0.18229 -0.284439 -3.85185 3.85616
2.09 0.206036 -0.293574 -4.04054 4.04579
2.1 0.239447 -0.384717 -4.27476 4.28146
2.11 0.242452 -0.497704 -4.40489 4.41156
2.12 0.272705 -0.225882 -4.57218 4.5803
2.13 0.265536 -0.266128 -4.64295 4.65053
2.14 0.268964 -0.365716 -4.80472 4.81224
2.15 0.250968 -0.304566 -5.04257 5.04881
2.16 0.244254 -0.312098 -5.44237 5.44785
2.17 0.247663 -0.554112 -5.78583 5.79113
2.18 0.287624 -0.385331 -6.07639 6.0832
2.19 0.31339 -0.405587 -6.24575 6.25361
2.2 0.364871 -0.42405 -6.36468 6.37513
2.21 0.43242 -0.153237 -6.50895 6.52329
2.22 0.484029 -0.483966 -6.63526 6.65289
2.23 0.528877 -0.373245 -6.90862 6.92884
2.24 0.549972 -0.528034 -7.21517 7.2361
2.25 0.554528 -0.557257 -7.48105 7.50157
2.26 0.563581 -0.465209 -7.6805 7.70115
2.27 0.560044 -0.480857 -7.84345 7.86342
2.28 0.608334 -0.578045 -7.97442 7.99759
2.29 0.640532 -0.593203 -8.15754 8.18265
2.3 0.671796 -0.590082 -8.4296 8.45633
2.31 0.688636 -0.613889 -8.68906 8.7163
2.32 0.720859 -0.579869 -8.92183 8.9509
2.33 0.734211 -0.593327 -9.11566 9.14518
2.34 0.762441 -0.566291 -9.15589 9.18758
2.35 0.738289 -0.624985 -8.37299 8.40547
2.36 0.698947 -0.36975 -5.78404 5.82612
2.37 0.589443 -0.399546 -5.89885 5.92823
2.38 0.499337 -0.530943 -11.8191 11.8296
2.39 0.549328 -0.709757 -12.0905 12.103
2.4 1.07709 -0.705051 -9.68861 9.7483
2.41 1.17445 -0.705001 -8.06536 8.15043
2.42 1.22502 -0.69568 -6.85314 6.96177
2.43 1.16766 -0.865973 -6.14576 6.2557
2.44 0.864553 -0.825065 -5.95909 6.02147
2.45 0.560543 -0.715474 -5.80918 5.83616
2.46 0.266747 -0.605385 -5.51033 5.51678
2.47 0.122867 -0.436393 -4.87578 4.87733
2.48 -0.018702 -0.434319 -4.24849 4.24853
2.49 -0.139394 -0.364595 -3.97758 3.98002
2.5 -0.249825 -0.327727 -3.8825 3.89053
2.51 -0.332097 -0.23318 -3.85213 3.86642
2.52 -0.364541 -0.261901 -3.78512 3.80264
2.53 -0.406549 -0.205455 -3.68397 3.70634
2.54 -0.407735 -0.0856075 -3.50605 3.52968
2.55 -0.419218 -0.127674 -3.41444 3.44007
2.56 -0.403843 -0.0841625 -3.40151 3.4254
2.57 -0.378334 0.0286705 -3.27259 3.29439
2.58 -0.322933 -0.0644549 -3.11978 3.13645
2.59 -0.255189 -0.0622729 -2.86376 2.87511
2.6 -0.18444 -0.0532474 -2.6023 2.60882
2.61 -0.129373 -0.0472669 -2.41724 2.4207
2.62 -0.108132 -0.0304291 -2.19173 2.1944
2.63 -0.114569 -0.156562 -1.84362 1.84717
2.64 -0.123633 -0.0135686 -1.4925 1.49761
2.65 -0.149563 0.0109799 -1.10351 1.1136
2.66 -0.145431 0.0527505 -0.688691 0.703879
2.67 -0.17086 0.12439 -0.227295 0.284352
2.68 -0.129713 0.0674097 0.0529102 0.140089
2.69 -0.0166076 0.0149617 0.00024584 0.0166095
2.7 0.0028373 0.00281395 -0.00114731 0.00306049
2.71 -0.00307866 -0.131636 0.0114612 0.0118674
2.72 -0.0116689 -0.0550151 0.0383982 0.0401321
2.73 -0.00408924 -0.113079 -0.00163008 0.00440216
2.74 0.000492451 -0.0491722 -0.00105498 0.00116426
2.75 -0.00292773 0.0059899 0.0389281 0.039038
2.76 -0.00715829 0.0669671 -0.0392838 0.0399307
2.77 -0.00382161 -0.00192356 -0.0452912 0.0454521
2.78 0.00622373 0.0900993 0.0062976 0.00885407
2.79 -0.011722 0.0205317 0.000533225 0.0117342
2.8 -0.00328015 -0.0287275 -0.0135543 0.0139455
2.81 0.00649124 -0.00805499 -0.0331667 0.033796
2.82 -0.0195883 -0.00597396 -0.0136856 0.0238956
2.83 -0.00317062 0.104845 -0.0520629 0.0521593
2.84 -0.00137226 0.0408642 -0.000159029 0.00138145
2.85 0.0181509 0.0249675 0.00546401 0.0189555
2.86 -0.000717343 -0.0174691 0.0442785 0.0442844
2.87 0.00765582 -0.0134445 -0.000631544 0.00768182
2.88 -0.00742141 -0.0892209 0.00579636 0.00941674
2.89 0.00343095 -0.0335104 -0.0393682 0.0395174
2.9 0.00320436 -0.00142307 -0.0268402 0.0270308
2.91 -0.0117461 -0.0553119 -0.0455087 0.0470001
2.92 -0.0111451 -0.0421826 -0.0069817 0.0131513
2.93 -0.00744846 -0.102043 -0.00168672 0.00763705
2.94 -0.0023807 -0.190514 -0.0335286 0.033613
2.95 0.00358678 -0.0153019 -0.0200462 0.0203646
2.96 0.00294951 0.047515 -0.0139162 0.0142254
2.97 -0.0131171 0.0571944 0.00614596 0.0144855
2.98 0.00231782 0.0523746 -0.0130376 0.013242
2.99 -0.00422411 -0.0150454 -0.0137194 0.014355
3 0.00730235 0.0358778 0.018857 0.0202215
3.01 -0.00111923 0.00952488 -0.0193002 0.0193326
3.02 -0.00509995 0.00697362 -0.00642072 0.0081997
3.03 -0.0100918 0.0549065 -0.0127336 0.0162478
3.04 -0.00123477 0.0319091 0.0252124 0.0252426
3.05 -0.00142104 -0.00820787 -0.019794 0.019845
3.06 0.00397648 -0.0114542 -0.00693461 0.00799383
3.07 -0.00519755 0.056541 0.00690382 0.0086416
3.08 -0.0024992 0.0686338 -0.0135527 0.0137812
3.09 0.0034183 0.0157059 -0.0128272 0.0132749
3.1 -0.0130144 0.12831 -0.00605794 0.0143552
3.11 -0.00726829 -0.125076 -0.00777394 0.0106425
3.12 -0.0120088 0.0343495 -0.0067644 0.0137829
3.13 0.0148018 0.0135122 -0.000858529 0.0148266
3.14 0.00422977 -0.0203345 0.0189772 0.0194429
3.15 -0.00462252 0.0433327 0.0122098 0.0130555
3.16 -0.00111167 -0.0126629 0.00563402 0.00574264
3.17 -0.0051173 0.0434821 -0.0197482 0.0204005
3.18 -0.0126868 0.00314591 -0.0130209 0.0181796
3.19 -0.00113606 0.0900152 0.000507953 0.00124445
3.2 -0.00561024 0.105986 -0.000131842 0.00561179
3.21 -0.0159185 0.0184502 -0.0068175 0.017317
3.22 0.00670371 0.0185021 -0.0200301 0.0211221
3.23 -0.0123835 0.0208794 -0.012527 0.0176147
3.24 -0.000856595 0.0317243 0.00635209 0.00640958
3.25 -0.0125511 0.0344293 -0.000205856 0.0125528
3.26 0.00389824 0.0159111 -0.0135954 0.0141433
3.27 -0.0016587 0.0279782 0.00569839 0.00593489
3.28 0.000170123 0.102052 0.039198 0.0391984
3.29 -0.00224056 0.055184 0.00593759 0.00634627
3.3 -0.00390959 0.0466353 0.000129082 0.00391172
3.31 0.00281452 0.00271904 0.00609887 0.00671698
3.32 0.000443437 -0.0447942 -0.0387116 0.0387142
3.33 -0.0146175 -0.125031 -0.00102942 0.0146537
3.34 -0.00812654 0.0853308 0.0132404 0.0155354
3.35 0.00148194 -0.0585579 -0.0139078 0.0139865
3.36 -0.00917663 0.139165 0.0136269 0.0164288
3.37 -0.00519163 0.137126 0.0194651 0.0201456
3.38 0.00106551 0.106484 -0.026408 0.0264295
3.39 -0.00725132 -0.0671222 -0.000363498 0.00726043
3.4 -0.0081494 -0.0305679 -0.0130699 0.0154024
3.41 0.00676244 0.031711 0.0250555 0.025952
3.42 0.0038939 0.047024 0.00592532 0.00709026
3.43 -0.00544194 0.0521774 0.0252419 0.0258218
3.44 0.002438 0.088079 0.0188034 0.0189608
3.45 0.00367992 0.011362 -0.000274128 0.00369012
3.46 -0.00885674 -0.0304527 -0.0199275 0.021807
3.47 -0.0158747 0.00532957 -0.00644303 0.0171324
3.48 -0.0130319 0.159598 0.0321281 0.0346705
3.49 -0.00411351 -0.0328797 -0.0266712 0.0269866
3.5 -0.000394085 0.00462546 0.0127477 0.0127538
3.51 -0.000710283 0.023078 -0.0071352 0.00717047
3.52 -0.00157913 0.0321966 0.0253358 0.0253849
3.53 -0.00123075 0.103409 0.0195723 0.019611
3.54 0.00651804 -0.101769 -0.0338635 0.0344851
3.55 -0.00458814 0.0341481 -0.00676509 0.0081742
3.56 -0.0146661 -0.0130195 0.000211851 0.0146676
3.57 -0.000569948 -0.0260949 0.00565267 0.00568133
3.58 -0.010682 0.0643651 0.00632719 0.0124152
3.59 -0.0077174 -0.0530525 0.00587901 0.0097016
3.6 0.00270607 -0.00615201 -0.0263624 0.0265009
3.61 -0.026517 -0.0242954 -0.000166303 0.0265175
3.62 -0.0238508 0.00578538 0.0187822 0.0303584
3.63 -0.00884102 0.0452408 -0.0198492 0.0217291
3.64 -0.00146794 0.0277145 0.00580678 0.00598946
3.65 0.00045043 -0.0630792 0.00566277 0.00568066
3.66 0.00779211 0.0444019 0.000143474 0.00779343
3.67 0.0065191 0.017939 0.0191307 0.0202109
3.68 0.00681034 0.022332 0.0125532 0.0142816
3.69 -0.00191395 0.0769359 -0.00651621 0.00679148
3.7 -0.00609549 0.0570811 -0.0263157 0.0270125
3.71 -0.00711322 -0.0400853 0.0120915 0.0140286
3.72 -0.00801259 0.0671538 0.0193657 0.0209579
3.73 0.00545362 0.0814149 -0.0129703 0.0140702
3.74 -0.00594731 0.137536 0.00690788 0.00911533
3.75 -0.0184626 -0.176252 -0.0206934 0.0277324
3.76 -0.00968599 0.162128 -0.00600429 0.011396
3.77 -0.00138622 0.00522745 -0.0199689 0.0200169
3.78 -0.00403393 -0.0286613 -0.00703384 0.00810848
3.79 -0.0180391 -0.185512 -0.0208558 0.0275749
3.8 -0.0141422 0.0267624 -0.0201786 0.024641
3.81 0.00624841 0.116597 0.013265 0.014663
3.82 -0.00422979 0.0789261 0.0120457 0.0127667
3.83 -0.00162384 0.134578 0.0454186 0.0454476
3.84 -0.0150844 -0.0309684 0.000293746 0.0150872
3.85 -0.00501405 0.0344439 -0.000779812 0.00507433
3.86 -0.00889785 0.0367311 0.012589 0.0154161
3.87 -0.00713095 -0.0180459 -0.000238254 0.00713493
3.88 -0.00267756 0.0148686 0.0323698 0.0324803
3.89 -0.00343187 0.033651 0.0382532 0.0384068
3.9 -0.00654536 0.0173667 0.00553296 0.00857061
3.91 -0.00578132 0.057344 -0.00707055 0.00913325
3.92 -0.004691 0.0205268 0.00574427 0.00741634
3.93 0.00218871 0.0523134 0.0313402 0.0314166
3.94 0.00490478 0.00176341 0.032171 0.0325427
3.95 -0.00842804 0.0408944 0.0259009 0.0272377
3.96 0.00085692 -0.0625347 0.0053279 0.00539637
3.97 -0.00296587 -0.0830118 -0.00700864 0.00761035
3.98 -0.00393576 0.0110326 9.95579e-05 0.00393702
3.99 -0.00171638 0.0639524 -0.0326265 0.0326716
4 0.0108229 0.016002 0.0118989 0.0160848
4.01 -0.0153301 -0.0442759 -0.000683895 0.0153453
4.02 -0.00509136 -0.0233447 -0.0264229 0.0269089
4.03 0.00948826 0.092457 0.0254186 0.0271318
4.04 -0.0188314 -0.0864973 -0.0202332 0.0276406
4.05 -0.0234258 -0.0529615 -0.0193404 0.0303779
4.06 -0.00030853 0.0402664 0.0130478 0.0130514
4.07 0.00871233 -0.0145138 0.0191175 0.0210091
4.08 -0.00987948 0.0907313 0.0257803 0.0276085
4.09 -0.00823663 0.0139244 -0.0194043 0.0210801
4.1 -0.00519028 0.0836966 0.0123445 0.0133912
4.11 -0.0150077 -0.0396378 0.0314555 0.0348522
4.12 0.00258665 0.105816 0.044669 0.0447438
4.13 -0.0132212 0.0704797 -0.0124624 0.018169
4.14 -0.00199371 0.0725563 9.93763e-05 0.00199618
4.15 -0.00301148 -0.0472496 0.0448452 0.0449462
4.16 -0.00261349 -0.0470164 0.0248002 0.0249376
4.17 0.00653939 0.00502515 -0.000616001 0.00656834
4.18 -0.000263098 0.013772 -0.0134294 0.013432
4.19 -0.0111722 -0.0870737 -0.0072499 0.0133183
4.2 0.0120151 -0.0563771 0.00544501 0.0131913
4.21 0.00334926 0.0116163 -0.0199311 0.0202105
4.22 0.00103845 0.0842328 -0.0330147 0.033031
4.23 -0.000198083 0.0316997 0.0254732 0.025474
4.24 -0.00175101 0.121203 -0.0124711 0.0125934
4.25 -0.0115708 -0.0285149 -0.0327128 0.0346989
4.26 -0.00514205 0.0476139 0.0129972 0.0139774
4.27 -0.00280104 -0.033704 -0.013088 0.0133843
4.28 0.00789229 -0.0177436 0.0180533 0.0197031
4.29 -0.00104203 0.0274186 -0.000178497 0.0010572
4.3 0.00990019 0.0338848 0.005962 0.0115568
4.31 -0.00791523 0.000170125 0.0194342 0.0209843
4.32 -0.00525368 0.0162652 0.019189 0.0198952
4.33 0.00245946 0.0924408 -0.0132213 0.0134481
4.34 -0.0145286 -0.0538821 0.00654637 0.0159353
4.35 0.00673597 0.0360227 0.00640871 0.00929757
4.36 -0.00477545 0.00754605 -0.0260336 0.0264679
4.37 -0.000110108 0.000395981 -0.00708466 0.00708552
4.38 0.00666989 0.0316101 -0.00675666 0.0094942
4.39 -0.00939327 0.0635866 0.0260447 0.0276868
4.4 -0.00093446 0.129936 -0.00658109 0.00664711
4.41 0.0144556 0.0313984 -0.00695167 0.0160403
4.42 -0.0055881 0.00367113 -0.0392208 0.0396169
4.43 -0.0211482 0.173274 0.00720402 0.0223416
4.44 -0.00113952 0.0318676 -0.000429853 0.0012179
4.45 0.00262698 0.105414 0.0126953 0.0129643
4.46 -0.0116131 -0.0106753 0.0192972 0.0225222
4.47 0.0038373 0.0468263 0.0319077 0.0321376
4.48 -0.011346 -0.0288567 5.15063e-05 0.0113461
4.49 -0.00824347 0.00938892 -0.00604492 0.0102223
4.5 0.0047908 -0.101248 0.0116882 0.012632
4.51 -0.0059754 0.0661014 -0.00645888 0.00879901
4.52 0.00392024 -0.00661163 0.0189264 0.0193282
4.53 -0.00914241 -0.0166144 -0.052363 0.0531552
4.54 -0.0110571 -0.0107881 -0.00704164 0.0131089
4.55 -0.00373785 0.0604031 0.0255636 0.0258355
4.56 -0.000709269 0.0496215 0.005964 0.00600602
4.57 -0.00349951 -0.0824597 -0.00699363 0.00782032
4.58 0.00739463 0.0135195 0.00561543 0.00928513
4.59 -0.00923701 0.112583 0.000257825 0.00924061
4.6 0.00651358 0.125282 0.0131794 0.0147011
4.61 -0.00472297 0.0386759 0.0188963 0.0194776
4.62 0.00313153 0.0295237 -0.0201248 0.020367
4.63 -0.0120305 0.00752874 -0.0197927 0.0231621
4.64 -0.00121228 0.085454 -5.23454e-05 0.00121341
4.65 -4.70169e-05 -0.017508 0.0184808 0.0184808
4.66 0.00313242 0.0161722 -0.0135476 0.013905
4.67 0.0016835 -0.117465 0.0191034 0.0191775
4.68 -0.00411043 -0.0732784 0.0121375 0.0128146
4.69 -0.00380444 -0.00652453 -0.0129225 0.0134709
4.7 0.00453172 -0.0250804 -0.000443329 0.00455335
4.71 -0.00340836 -0.051569 0.0382771 0.0384285
4.72 0.0147485 0.0180317 0.0189416 0.0240063
4.73 0.00104639 0.0214219 0.026015 0.026036
4.74 -0.000403257 -0.0262933 -0.0132457 0.0132519
4.75 -0.000194139 -0.0979424 -0.0398821 0.0398825
4.76 -0.0145342 -0.0849824 -0.0266223 0.0303313
4.77 -0.0159469 0.0496286 -0.00630418 0.0171478
4.78 -0.00685027 -0.0137817 -0.0193499 0.0205267
4.79 -0.00836909 0.0142059 0.0058964 0.0102376
4.8 -0.016266 0.0188997 0.025621 0.0303483
4.81 -2.38558e-05 -0.000115389 0.0323848 0.0323848
4.82 -0.00440082 0.0516457 0.0194413 0.0199331
4.83 -0.00422077 0.0605211 0.0323928 0.0326666
4.84 -0.00541737 0.0387802 0.0256873 0.0262523
4.85 -0.00514846 0.168309 0.000468695 0.00516975
4.86 -0.00571044 -0.0185387 -0.0201859 0.0209781
4.87 0.0120635 0.00214354 -0.000934271 0.0120996
