0 0.0152932 0.0137056 0.0120231 0.0194534
0.01 0.0167211 -0.0679931 -0.000763865 0.0167385
0.02 0.00416891 -0.029136 -0.0520031 0.0521699
0.03 0.0169237 -0.00557295 -0.0130789 0.0213885
0.04 0.0198219 0.0503856 -0.012894 0.0236466
0.05 -0.00831745 0.103355 -0.0193381 0.021051
0.06 -0.00121107 0.148009 -0.0250081 0.0250374
0.07 0.0112381 0.0251869 -0.0588902 0.0599529
0.08 0.00692185 0.0765011 -0.0513711 0.0518353
0.09 0.0110751 0.0514445 -0.00669872 0.0129434
0.1 0.0198393 0.108319 0.0196544 0.0279265
0.11 0.019464 0.0282276 -0.0129047 0.0233534
0.12 0.0168928 -0.0859522 -0.045762 0.0487804
0.13 0.0142384 0.0454028 -0.0265819 0.0301551
0.14 0.0167471 -0.0722853 -0.00725569 0.0182514
0.15 0.0113107 0.0513928 0.0123462 0.016744
0.16 0.02201 -0.0802715 0.00588477 0.0227831
0.17 0.0182428 0.0825822 0.0124417 0.0220816
0.18 0.00576872 -0.0746078 0.00570071 0.00811025
0.19 0.0217347 0.0940656 -0.0453938 0.0503289
0.2 -0.00369547 0.118473 0.000586858 0.00374178
0.21 0.0189649 0.0689188 -0.0262183 0.0323584
0.22 0.00669697 0.0538614 -0.000149291 0.00669864
0.23 0.0260792 0.0246227 -0.0326355 0.0417756
0.24 0.00445316 0.0104554 -0.0124443 0.0132171
0.25 0.0143789 0.0493355 -0.0127355 0.0192079
0.26 0.00306504 -0.0147643 -0.064952 0.0650243
0.27 0.0157414 0.0309431 0.0188274 0.024541
0.28 0.0227487 0.0978057 -0.0195641 0.0300042
0.29 0.0184212 0.0292639 -0.0524341 0.0555758
0.3 0.0149031 0.0675328 -0.0521778 0.0542644
0.31 0.0154084 0.0580835 -0.00680741 0.0168451
0.32 0.0119906 -0.0695029 -0.0332375 0.0353342
0.33 0.0197501 -0.0561547 -0.00156346 0.0198119
0.34 0.00453155 -0.095766 -0.0204233 0.02092
0.35 0.00486598 -0.08283 -0.0396612 0.0399585
0.36 2.93162e-05 0.0181855 -0.0451473 0.0451473
0.37 0.0274034 0.0506319 -0.0196732 0.033734
0.38 0.0237987 0.00407681 -0.0264745 0.0355988
0.39 0.00301428 -0.197501 -0.00779428 0.00835684
0.4 0.0139761 -0.0440025 0.019038 0.0236173
0.41 0.0115814 0.100788 -0.00684056 0.0134507
0.42 0.0171604 -0.0592154 0.0251014 0.0304065
0.43 0.0140357 0.0631168 -0.020303 0.0246823
0.44 0.0286925 -0.0527593 -0.0138364 0.0318544
0.45 0.014799 0.0272071 -0.0265122 0.0303629
0.46 0.01105 0.105101 -0.0448409 0.0461823
0.47 0.0265857 0.0418778 -0.000422059 0.0265891
0.48 -0.0148203 -0.0310661 -0.0453631 0.0477226
0.49 0.0188571 0.118338 -0.000289348 0.0188594
0.5 0.00834838 -0.0226343 -0.0256264 0.0269519
0.51 0.00398527 0.0421238 -0.012419 0.0130428
0.52 0.0188193 0.00263226 -0.0330717 0.0380513
0.53 0.021409 -0.110696 0.0047775 0.0219355
0.54 0.0228847 0.0223915 0.0113253 0.0255338
0.55 0.003442 0.025089 -0.0198347 0.0201311
0.56 0.00342664 0.0202422 -0.026186 0.0264092
0.57 0.00580426 -0.150594 0.0113209 0.0127221
0.58 0.0107707 0.0700464 -0.0391879 0.0406411
0.59 0.0144388 0.111889 0.0128565 0.0193331
0.6 0.0203022 0.00124743 0.00583134 0.021123
0.61 0.0117707 0.131314 0.00672955 0.0135586
0.62 0.0201749 0.0103509 -0.032147 0.0379533
0.63 0.0139207 0.0547505 -0.0395275 0.0419072
0.64 0.0163961 -0.0366384 0.0127491 0.0207695
0.65 0.0158701 -0.0048267 -0.0388901 0.0420036
0.66 0.0136514 0.24137 -0.0376913 0.0400873
0.67 0.00422781 0.100038 0.000387834 0.00424557
0.68 0.0129975 -0.00774423 -0.0190066 0.0230258
0.69 0.0205368 -0.0346156 -0.0136002 0.0246318
0.7 0.00494771 -0.0830192 0.00587163 0.00767827
0.71 0.0148113 0.103082 -0.0192605 0.0242969
0.72 0.0187054 -0.0243089 -0.0527735 0.0559905
0.73 0.00914385 0.0704467 -0.0457633 0.0466679
0.74 0.00311976 0.145684 -0.0192939 0.0195445
0.75 0.0196236 -0.0112399 -0.00106283 0.0196524
0.76 0.0150395 -3.41795e-05 -0.0326889 0.0359826
0.77 0.0176677 0.051789 -0.000860651 0.0176886
0.78 2.54852e-05 -0.0176445 8.53669e-05 8.90898e-05
0.79 0.0155164 0.0311237 0.0123166 0.0198106
0.8 0.011724 -0.0247586 -0.0260318 0.0285501
0.81 0.029308 0.183101 -0.0251697 0.0386325
0.82 0.0129356 -0.0340019 -0.0263148 0.0293224
0.83 0.0117529 -0.0201061 -0.0132079 0.01768
0.84 0.011885 0.0463747 -0.0128272 0.0174869
0.85 0.00442312 -0.0114728 -0.0129902 0.0137226
0.86 0.0161739 -0.0271713 -0.0520935 0.0545466
0.87 0.0215035 -0.0975267 -0.0263293 0.0339946
0.88 0.0187039 0.0157488 -0.013937 0.0233254
0.89 0.00510919 -0.101127 -0.0265196 0.0270073
0.9 0.0187125 0.0559549 0.0122944 0.02239
0.91 0.0104755 0.00752546 -0.0586843 0.0596119
0.92 0.0184316 0.0292317 -0.013647 0.0229339
0.93 0.0111113 0.0246611 -0.0194565 0.0224057
0.94 0.00618505 -0.164293 -0.0332791 0.033849
0.95 0.0296328 0.0584208 -0.0523241 0.0601325
0.96 0.00715593 0.107239 -0.0188651 0.0201767
0.97 0.0124054 -0.00332656 0.000178065 0.0124067
0.98 0.00756534 0.0716101 -0.0134602 0.0154405
0.99 0.0234368 0.026223 0.0127138 0.0266632
1 0.0276997 0.0276546 -7.75749e-05 0.0276999
1.01 0.0159835 -0.0137163 -0.0325262 0.0362412
1.02 0.0124394 -0.0162735 -0.0393514 0.0412707
1.03 0.0190482 0.028672 -0.0195239 0.0272767
1.04 0.0113789 0.0291 -0.0199021 0.0229254
1.05 0.0184491 0.0778975 -0.00647584 0.0195526
1.06 0.00439861 0.0872623 0.0127207 0.0134597
1.07 0.00234265 -0.184091 -0.0137123 0.013911
1.08 0.0163596 -0.125478 -0.0594437 0.0616538
1.09 0.01006 0.00778911 -0.0139119 0.0171681
1.1 0.0208279 -0.0303836 0.00607592 0.0216961
1.11 0.00766864 -0.00417062 -0.0453143 0.0459586
1.12 0.0147629 0.169794 0.0198021 0.0246995
1.13 0.00158669 -0.156978 -0.0394233 0.0394553
1.14 0.0193204 0.024457 0.00556337 0.0201055
1.15 0.0262332 0.0377901 -0.0131922 0.0293635
1.16 0.020598 -0.137514 -0.0332713 0.0391313
1.17 0.0202424 0.0639271 0.012917 0.0240126
1.18 0.00805789 0.0664394 -0.00651873 0.0103645
1.19 0.0145966 0.0809326 -0.0582901 0.0600899
1.2 0.0223787 0.138216 0.000389013 0.0223821
1.21 0.00288019 0.0742356 -0.0326988 0.0328254
1.22 0.0145303 0.0763589 -0.0452019 0.0474799
1.23 0.0122846 -0.0788048 -0.0141607 0.0187467
1.24 0.0154131 0.0401617 -0.00665176 0.0167872
1.25 0.0127305 0.0105982 -0.0260145 0.0289624
1.26 0.0212967 -0.0299838 -0.00116745 0.0213287
1.27 0.0265216 0.0332384 -0.0390854 0.0472342
1.28 0.0235965 -0.0225125 -0.000821557 0.0236108
1.29 0.0121609 -0.00230557 -0.000682916 0.0121801
1.3 0.00788886 0.0135705 -0.0389592 0.0397499
1.31 0.00688625 0.116637 -0.0451906 0.0457122
1.32 0.0339221 0.0780194 -0.0265543 0.0430794
1.33 0.00749948 0.000274236 -0.0260534 0.0271113
1.34 0.0157605 0.0489801 -0.013713 0.0208911
1.35 0.0117826 -0.011369 -0.032341 0.0344205
1.36 0.00302405 0.123105 -0.0124524 0.0128143
1.37 0.0200396 0.00168758 -0.026162 0.032955
1.38 0.00864458 -0.0360019 -0.0583012 0.0589386
1.39 0.022495 0.0358394 -0.0392029 0.0451984
1.4 0.0173095 0.0298117 -0.0522629 0.0550548
1.41 0.00315075 0.100991 -0.0455445 0.0456534
1.42 0.0116622 0.0421478 0.00655494 0.0133781
1.43 0.00387334 0.0202236 -0.032244 0.0324758
1.44 0.00789057 -0.0266679 -0.026401 0.0275549
1.45 0.012623 -0.0652354 -0.00762456 0.014747
1.46 0.014882 0.0537226 0.00586374 0.0159955
1.47 0.00378615 0.104936 -0.0259931 0.0262674
1.48 0.0238183 0.0256955 0.0129313 0.0271022
1.49 0.0235585 0.0218696 0.005719 0.0242428
1.5 0.0194422 0.0333145 -0.00689427 0.0206284
1.51 0.00851548 -0.0228523 -0.0193862 0.021174
1.52 0.00336091 0.154092 0.0392588 0.0394024
1.53 0.0134312 -0.00742706 -0.0326498 0.0353045
1.54 0.00972018 -0.11254 -0.0333424 0.0347303
1.55 0.00476299 -0.051333 -0.0135765 0.0143878
1.56 0.00456325 -0.0113023 -0.0196977 0.0202194
1.57 0.000116648 0.013588 -0.0322915 0.0322917
1.58 0.0134056 -0.0927175 0.00589378 0.014644
1.59 0.0145166 0.0631813 -0.0199562 0.0246776
1.6 0.00679822 0.0852424 -0.0451281 0.0456373
1.61 0.0195349 0.0241474 -0.000460032 0.0195403
1.62 0.0132154 -0.0791015 -0.000792449 0.0132392
1.63 0.00503282 -0.0832091 -0.00716551 0.00875636
1.64 -0.00106362 0.116743 -0.0572973 0.0573072
1.65 0.015577 -0.0048319 -0.0330645 0.03655
1.66 0.00822996 -0.0091947 -0.000427711 0.00824106
1.67 0.00798783 0.0263775 -0.0258454 0.0270517
1.68 0.00206795 -0.156933 -0.013938 0.0140905
1.69 0.00895391 -0.0630966 -0.0265346 0.0280046
1.7 0.0123276 -0.0251437 -0.0132428 0.0180926
1.71 0.0230497 0.0311588 0.0451715 0.0507125
1.72 0.00550393 -0.0923999 -0.045847 0.0461762
1.73 0.0161857 0.0351708 0.01313 0.0208416
1.74 0.0179979 0.0609831 -0.00721865 0.0193916
1.75 0.0230878 0.0351643 -0.0126951 0.0263479
1.76 0.00386056 0.0335894 0.00610017 0.00721915
1.77 0.0157396 -0.0314118 -0.0327495 0.0363354
1.78 0.00636991 0.0897847 -0.0387828 0.0393025
1.79 -0.00080406 0.116626 -0.0192431 0.0192599
1.8 0.011677 -0.0112953 -0.0454865 0.0469614
1.81 0.00343282 -0.0284695 -0.0394889 0.0396378
1.82 0.0191579 0.0868873 -0.00655552 0.0202485
1.83 0.00502875 -0.0160846 -0.0257022 0.0261895
1.84 0.0145513 0.0671877 -0.0192554 0.0241353
1.85 0.0050683 -0.0432107 -0.0193829 0.0200345
1.86 0.0076314 0.0760227 -0.000295418 0.00763712
1.87 -0.00665361 -0.116024 -0.00734999 0.00991428
1.88 0.00962102 0.21757 0.00654569 0.0116366
1.89 0.0226301 0.0311307 -0.0134721 0.0263367
1.9 0.00348705 -0.00547933 -0.272186 0.272208
1.91 -0.0549579 -0.00419322 -0.839743 0.84154
1.92 -0.0787403 -0.127065 -1.14547 1.14817
1.93 -0.0561982 -0.177025 -1.22596 1.22725
1.94 0.0184407 -0.0932442 -1.08752 1.08768
1.95 0.0682596 -0.160011 -0.914987 0.917529
1.96 0.100248 -0.126271 -0.856465 0.862312
1.97 0.0695726 -0.237207 -0.874815 0.877577
1.98 0.0193136 -0.00886634 -1.02696 1.02714
1.99 -0.02578 -0.23055 -1.26492 1.26518
2 -0.0763422 -0.127093 -1.53521 1.53711
2.01 -0.0764683 -0.183907 -1.78041 1.78205
2.02 -0.0600263 -0.332489 -2.03368 2.03456
2.03 -0.0349801 -0.159585 -2.17533 2.17561
2.04 -0.00910364 -0.161683 -2.37056 2.37057
2.05 -0.00221607 -0.196443 -2.64802 2.64802
2.06 -0.0292085 -0.0642586 -2.91704 2.91718
2.07 -0.037441 -0.23268 -3.15592 3.15614
2.08 -0.0423513 -0.0686596 -3.39459 3.39486
2.09 0.0114522 -0.195706 -3.58272 3.58274
2.1 0.0762727 -0.196421 -3.49965 3.50048
2.11 0.197975 -0.132702 -3.64841 3.65378
2.12 0.0671882 -0.180402 -4.60129 4.60178
2.13 0.118897 -0.242124 -5.06237 5.06377
2.14 0.149459 -0.234591 -5.16927 5.17143
2.15 0.233697 -0.162441 -5.12664 5.13196
2.16 0.309107 -0.281111 -5.08188 5.09127
2.17 0.325599 -0.188625 -5.32562 5.33557
2.18 0.322159 -0.224705 -5.6868 5.69592
2.19 0.280958 -0.292372 -6.1384 6.14483
2.2 0.253022 -0.193234 -6.50486 6.50978
2.21 0.236576 -0.356419 -6.81596 6.82007
2.22 0.273354 -0.281266 -6.92572 6.93112
2.23 0.326703 -0.300647 -7.08254 7.09008
2.24 0.382404 -0.2806 -7.29193 7.30195
2.25 0.450033 -0.371067 -7.5972 7.61052
2.26 0.463528 -0.3656 -7.90723 7.9208
2.27 0.503126 -0.336078 -8.12697 8.14253
2.28 0.502324 -0.304709 -8.27293 8.28817
2.29 0.534142 -0.445421 -8.47236 8.48918
2.3 0.574347 -0.215716 -8.73154 8.75041
2.31 0.613134 -0.225437 -9.03144 9.05223
2.32 0.640131 -0.309005 -9.29038 9.3124
2.33 0.653571 -0.352306 -9.53026 9.55265
2.34 0.655346 -0.34817 -9.75019 9.77219
2.35 0.636871 -0.439204 -10.0151 10.0353
2.36 0.633253 -0.333779 -10.2404 10.26
2.37 0.643299 -0.434348 -10.4404 10.4602
2.38 0.66207 -0.272372 -10.4981 10.519
2.39 0.687562 -0.279467 -10.6147 10.6369
2.4 0.684333 -0.527981 -10.7258 10.7477
2.41 0.720873 -0.238672 -10.8477 10.8716
2.42 0.751321 -0.347031 -10.9643 10.99
2.43 0.781412 -0.299028 -11.0986 11.126
2.44 0.821146 -0.461651 -11.1453 11.1755
2.45 0.814014 -0.372071 -11.2807 11.3101
2.46 0.805716 -0.349168 -11.4287 11.4571
2.47 0.815246 -0.332318 -11.6427 11.6712
2.48 0.805576 -0.236463 -11.8232 11.8507
2.49 0.793059 -0.205511 -11.9141 11.9405
2.5 0.844926 -0.282603 -12.0955 12.125
2.51 0.916587 -0.295285 -12.253 12.2873
2.52 0.97725 -0.390378 -12.444 12.4823
2.53 1.0382 -0.476651 -12.634 12.6765
2.54 1.06335 -0.398504 -12.7135 12.7578
2.55 1.05766 -0.489041 -12.8113 12.8549
2.56 1.09652 -0.375177 -12.9023 12.9489
2.57 1.12057 -0.493047 -13.105 13.1528
2.58 1.15335 -0.549133 -13.3531 13.4028
2.59 1.16748 -0.585522 -13.4433 13.4939
2.6 1.18534 -0.592379 -13.3775 13.4299
2.61 1.15778 -0.571486 -13.3047 13.3549
2.62 1.07492 -0.542765 -13.3622 13.4053
2.63 1.0489 -0.629915 -13.4784 13.5192
2.64 1.05742 -0.528592 -13.5569 13.598
2.65 1.09234 -0.59111 -13.4671 13.5113
2.66 1.1271 -0.594817 -13.4111 13.4583
2.67 1.09404 -0.559638 -13.4693 13.5136
2.68 1.04768 -0.645671 -13.7353 13.7752
2.69 0.985487 -0.67014 -13.9029 13.9378
2.7 0.946834 -0.691198 -13.9018 13.934
2.71 0.938674 -0.699225 -13.7262 13.7583
2.72 0.900178 -0.61825 -13.5329 13.5628
2.73 0.890242 -0.500544 -13.5487 13.5779
2.74 0.885823 -0.512278 -13.642 13.6707
2.75 0.911772 -0.465853 -13.7198 13.7501
2.76 0.924458 -0.406786 -13.6541 13.6854
2.77 0.894555 -0.47227 -13.5829 13.6123
2.78 0.815688 -0.397332 -13.6377 13.662
2.79 0.768376 -0.430855 -13.7206 13.7421
2.8 0.769588 -0.499171 -13.9888 14.0099
2.81 0.854572 -0.650726 -14.312 14.3375
2.82 0.96713 -0.649543 -14.2684 14.3012
2.83 1.00548 -0.682851 -13.9665 14.0026
2.84 0.934457 -0.604608 -13.5664 13.5986
2.85 0.858744 -0.478107 -13.4167 13.4441
2.86 0.845538 -0.515437 -13.5453 13.5716
2.87 0.953207 -0.532555 -13.7501 13.7831
2.88 1.03283 -0.599619 -13.8382 13.8767
2.89 1.05436 -0.627048 -13.6965 13.737
2.9 0.959329 -0.537298 -13.5233 13.5573
2.91 0.813421 -0.465293 -13.4895 13.514
2.92 0.724678 -0.527108 -13.7264 13.7456
2.93 0.747018 -0.532006 -13.9873 14.0072
2.94 0.841956 -0.719579 -13.9474 13.9728
2.95 0.885829 -0.542031 -13.7802 13.8086
2.96 0.884535 -0.545398 -13.7403 13.7688
2.97 0.831718 -0.709266 -13.7724 13.7975
2.98 0.871417 -0.586277 -14.0078 14.0349
2.99 0.965957 -0.685669 -14.2264 14.2592
3 1.09891 -0.940982 -14.2535 14.2958
3.01 1.15325 -0.813271 -14.2413 14.2879
3.02 1.13695 -0.745232 -14.3242 14.3692
3.03 1.08077 -0.742118 -14.5244 14.5646
3.04 1.0874 -0.978303 -14.8052 14.845
3.05 1.20066 -0.899198 -14.8721 14.9204
3.06 1.25861 -0.853548 -14.7879 14.8413
3.07 1.2422 -0.811425 -14.7013 14.7537
3.08 1.10779 -0.803702 -14.8888 14.93
3.09 0.910532 -0.714284 -15.0432 15.0707
3.1 0.795698 -0.685136 -14.9365 14.9577
3.11 0.772027 -0.769002 -14.892 14.912
3.12 0.819898 -0.781747 -14.9074 14.9299
3.13 0.928495 -0.80209 -15.0604 15.089
3.14 1.10775 -1.03334 -15.2499 15.2901
3.15 1.24919 -0.973539 -15.2874 15.3384
3.16 1.28107 -0.939068 -14.9387 14.9935
3.17 1.21991 -0.865249 -14.4615 14.5129
3.18 0.99156 -0.66521 -14.2616 14.296
3.19 0.823126 -0.680755 -14.3519 14.3755
3.2 0.810142 -0.615219 -14.6627 14.6851
3.21 0.959805 -0.636389 -14.8235 14.8546
3.22 1.15508 -0.734825 -14.7332 14.7784
3.23 1.19246 -0.779936 -14.6577 14.7061
3.24 1.09754 -0.320618 -14.7615 14.8023
3.25 1.00043 -0.769494 -15.1556 15.1885
3.26 0.98939 -0.790742 -15.3487 15.3805
3.27 1.04284 -0.88739 -15.1237 15.1597
3.28 1.09858 -0.570732 -14.3656 14.4075
3.29 0.957951 0.018211 -9.18582 9.23563
3.3 0.669006 0.177217 -5.62699 5.66662
3.31 -1.19368 0.320462 -20.1449 20.1802
3.32 -0.0519762 -1.10964 -21.5217 21.5218
3.33 1.33151 -1.30615 -17.0463 17.0982
3.34 2.39227 -1.13689 -11.9621 12.1989
3.35 2.17566 -0.905656 -10.5003 10.7233
3.36 2.06393 -1.30005 -10.2365 10.4425
3.37 1.86739 -1.74865 -9.83589 10.0116
3.38 1.31949 -1.68127 -9.41367 9.50569
3.39 0.657801 -0.957738 -7.97958 8.00665
3.4 0.431009 -0.341599 -5.79397 5.80998
3.41 0.315242 -0.194295 -4.68127 4.69187
3.42 0.174358 -0.28542 -4.0826 4.08633
3.43 -0.0427119 -0.240351 -3.76287 3.76311
3.44 -0.276854 -0.107201 -3.377 3.38833
3.45 -0.38385 -0.0582851 -2.65707 2.68465
3.46 -0.362034 0.156075 -1.65597 1.69508
3.47 -0.307681 0.175271 -0.773296 0.832258
3.48 -0.297996 0.434715 -0.201082 0.359493
3.49 -0.0364845 0.0776004 -0.0770154 0.0852202
3.5 0.0284769 0.18397 -0.0132694 0.0314167
3.51 0.00910353 0.0708486 -0.0137897 0.0165236
3.52 0.00108047 0.111351 -0.0451953 0.0452082
3.53 0.00913211 0.123908 -0.0774304 0.077967
3.54 0.00270792 -0.00111094 -0.0264838 0.0266218
3.55 0.0110242 0.00677992 -0.0522267 0.0533775
3.56 0.0222497 0.0715735 -0.0323062 0.0392268
3.57 0.00385776 0.0246447 -0.0132156 0.0137671
3.58 0.0264461 0.00701379 -0.0266127 0.0375184
3.59 0.00363736 -0.00612654 -0.0655025 0.0656034
3.6 0.0139933 0.0010029 -0.0136514 0.0195493
3.61 0.0136939 0.0725297 -0.0522554 0.05402
3.62 -0.00423088 0.0124877 -0.00757425 0.00867581
3.63 0.00818536 -0.102752 -0.00786705 0.011353
3.64 0.0203797 -0.0702608 0.00560948 0.0211376
3.65 0.0174664 0.0745636 -0.0198417 0.0264342
3.66 0.0145899 0.0361579 -0.0323731 0.035509
3.67 0.0252375 0.025363 -0.03327 0.0417592
3.68 -0.000990056 0.0989683 -0.0191959 0.0192214
3.69 0.0134622 -0.0524614 0.0187472 0.02308
3.7 0.0225122 0.000447784 -0.020296 0.0303104
3.71 0.0144764 0.0316757 -0.00702131 0.0160892
3.72 0.0181829 0.0294581 -0.0140259 0.022964
3.73 0.02611 -0.010802 -0.0335095 0.0424808
3.74 0.014654 0.0447973 0.00629022 0.015947
3.75 0.015478 -0.0176389 -0.0461783 0.0487032
3.76 0.0198225 -0.0071283 0.0119398 0.0231407
3.77 0.00268035 0.0658786 0.012506 0.01279
3.78 0.0116437 -0.0557012 -0.00737623 0.0137835
3.79 -0.000843449 0.0409786 -0.0131896 0.0132165
3.8 -0.0035317 -0.00681626 0.00646325 0.00736522
3.81 0.0105911 -0.00577177 -0.0264274 0.0284707
3.82 0.0189112 -0.0200481 0.00619274 0.0198994
3.83 0.00176541 0.0749455 -0.000212507 0.00177816
3.84 0.0189057 0.0514448 0.0120428 0.0224155
3.85 -0.0012293 0.0952587 -0.000224797 0.00124969
3.86 0.0018271 0.190766 0.000185043 0.00183644
3.87 -0.00313742 -0.104787 0.00521275 0.00608409
3.88 -0.01318 0.137958 -0.0131738 0.0186349
3.89 0.0153828 0.0050423 -0.0268752 0.0309662
3.9 0.0114643 0.0740086 0.00577522 0.0128368
3.91 -0.000759074 0.0367042 0.00572774 0.00577782
3.92 0.00223773 0.137397 0.0129215 0.0131139
3.93 0.00601726 0.0949647 -0.0261757 0.0268584
3.94 0.0220974 0.0274355 -0.0138165 0.0260613
3.95 0.022587 0.0225879 -0.000814234 0.0226016
3.96 0.0267803 0.0065778 -0.0141323 0.0302804
3.97 0.0178536 0.0121333 -0.0526043 0.0555514
3.98 0.00671651 0.0274341 0.0129348 0.0145747
3.99 0.00839684 -0.102738 -0.00782893 0.0114804
4 0.00876199 0.0800808 0.00565008 0.0104257
4.01 0.0121943 -0.0606735 -0.0264178 0.0290965
4.02 0.0111078 0.0116319 -0.00681773 0.0130332
4.03 0.0122344 -0.00668928 -0.0194408 0.0229701
4.04 0.0191338 -0.00655339 0.0121878 0.0226858
4.05 0.00569998 0.117504 -0.019445 0.0202632
4.06 0.00735013 0.0584062 0.0253934 0.0264358
4.07 0.0115787 -0.0109306 -0.0137809 0.0179994
4.08 0.00772811 0.0448496 0.0382489 0.0390218
4.09 0.00614757 0.121389 -0.00606343 0.00863469
4.1 0.023409 -0.0224107 -0.0332469 0.0406613
4.11 0.0241159 -0.111968 0.00454737 0.0245409
4.12 0.0104927 0.074727 -0.000758022 0.0105201
4.13 0.00859468 -0.00918533 -0.0257631 0.0271589
4.14 0.0186783 0.0785115 -0.00044648 0.0186836
4.15 0.0189755 0.0113922 0.0122646 0.022594
4.16 0.0197034 0.00635035 -0.0131437 0.0236851
4.17 0.0304123 0.0178898 -0.00102844 0.0304297
4.18 -0.0163283 0.045931 0.0265478 0.0311673
4.19 0.0181692 0.0521308 -0.000584141 0.0181786
4.2 0.0188219 -0.00179486 0.0179599 0.0260158
4.21 0.00421766 -0.0509302 -0.000953986 0.0043242
4.22 0.019405 0.0109147 -0.000896572 0.0194257
4.23 0.00766608 0.00934364 -0.019577 0.0210245
4.24 0.0155179 0.0135446 -0.00660727 0.016866
4.25 0.0264982 0.0557432 0.0120994 0.0291299
4.26 0.00332099 0.020316 -0.0393315 0.0394715
4.27 0.0101877 0.128022 -0.000348987 0.0101937
4.28 -0.00116687 0.121658 0.00596843 0.00608143
4.29 0.0146336 -0.0035454 0.0051806 0.0155235
4.3 -0.0002699 0.0318762 -0.00640854 0.00641422
4.31 0.00230816 0.110697 0.00656617 0.00696004
4.32 0.00782928 -0.142508 -0.00165995 0.00800332
4.33 0.0123715 0.118143 0.0117313 0.0170493
4.34 0.0142039 0.0544264 0.018646 0.0234397
4.35 0.0223163 0.00510023 0.0374087 0.0435595
4.36 0.0103141 0.105586 0.0190648 0.021676
4.37 0.00772967 0.00479193 -0.000586921 0.00775192
4.38 0.00367365 0.00259866 -0.0124165 0.0129485
4.39 0.00516068 -0.168343 -0.020249 0.0208963
4.4 0.0182587 0.020828 -0.033142 0.0378388
4.41 0.000544149 -0.00824947 -0.00121708 0.00133319
4.42 0.00936908 0.0127716 -0.0395568 0.0406512
4.43 0.0143929 0.0944011 0.00619866 0.0156709
4.44 0.0144724 0.00545536 -0.014059 0.0201768
4.45 -0.00308193 -0.0202076 -0.026444 0.026623
4.46 0.0176315 0.0212588 -0.0397993 0.0435299
4.47 0.0084435 -0.0266187 -0.0204279 0.0221041
4.48 0.0162398 -0.0134908 -0.0135515 0.0211512
4.49 -0.00235567 -0.181291 -0.0142825 0.0144755
4.5 0.015227 0.00913187 0.0251113 0.0293673
4.51 0.0111778 0.0516938 0.0125083 0.0167751
4.52 0.0151891 0.0668858 -6.39511e-05 0.0151893
4.53 0.0106916 0.0561987 0.0185831 0.0214393
4.54 0.00637777 0.125906 0.019403 0.0204243
4.55 0.0111609 0.00695128 -0.000364298 0.0111668
4.56 0.00340522 0.0385202 -0.000499784 0.0034417
4.57 0.0329523 0.0384993 -0.0205325 0.0388257
4.58 0.0119491 -0.00229955 -0.0258621 0.0284891
4.59 0.0119654 0.00645099 -7.12602e-05 0.0119656
4.6 0.0102363 0.0837692 0.00564461 0.0116895
4.61 0.0108355 0.0251148 -0.00652771 0.0126498
4.62 0.0139472 0.0410097 -0.0200044 0.0243865
4.63 0.0110883 -0.0195964 0.00604691 0.01263
4.64 0.021715 0.0721052 -0.00715195 0.0228625
4.65 0.013838 0.0280543 -0.0205119 0.0247432
4.66 0.0231161 -0.00938586 0.0185074 0.0296121
4.67 0.0161316 -0.00933171 -8.40973e-05 0.0161318
4.68 0.0164575 -0.0944382 0.0317919 0.0357991
4.69 0.0230666 0.0309637 -0.00692328 0.0240832
4.7 0.0188708 0.0380094 0.0122176 0.0224806
4.71 0.00401733 -0.0242519 -0.000497978 0.00404808
4.72 0.00373645 0.0516181 0.0125793 0.0131225
4.73 0.0352891 -0.00747852 -0.00159584 0.0353252
4.74 0.00640022 0.0633056 0.038227 0.0387591
4.75 0.000838946 -0.0711224 0.011854 0.0118837
4.76 0.0335411 -0.0110358 0.00527753 0.0339538
4.77 0.0186831 0.047379 0.005172 0.0193857
4.78 0.0161739 -0.0275131 0.0255541 0.0302425
4.79 0.0101221 0.0700584 -0.0446605 0.0457932
4.8 0.0225542 0.0848792 0.0192192 0.0296322
4.81 0.00783248 -0.0268663 -0.000418582 0.00784366
4.82 0.00327011 0.020589 -0.019892 0.020159
4.83 0.0144885 0.107551 0.000232845 0.0144904
4.84 0.0148731 0.0452628 0.024924 0.0290244
4.85 0.0126431 -0.10095 0.00522089 0.0136787
4.86 0.0195751 -0.037853 0.0243552 0.0312467
4.87 0.0124508 -0.0606286 0.0439483 0.045678
4.88 0.00302824 -0.00167499 0.0320306 0.0321734
4.89 0.0236871 -0.0046322 -0.0266213 0.0356339
4.9 0.00612272 0.081519 0.0186856 0.0196631
4.91 0.0103676 0.0435724 -0.00103891 0.0104195
4.92 0.00379813 -0.00602061 0.00536978 0.00657725
4.93 0.0197386 -0.0119607 -0.0586103 0.0618447
4.94 0.00558792 0.0635347 -0.0320533 0.0325367
4.95 0.0173572 0.0616081 -0.0203492 0.0267462
4.96 0.0107674 0.0381397 0.000343339 0.0107729
4.97 0.00833542 -0.0317275 -0.0323377 0.0333947
4.98 0.00662422 0.130088 -0.00611095 0.00901244
4.99 0.0192446 -0.0242267 -0.0270169 0.0331703
5 0.0139235 0.0410555 -0.0138726 0.0196549
