0 0.00851488 -0.161618 0.0059074 0.0103634
0.01 -0.0141868 -0.183324 0.0380136 0.0405746
0.02 -0.00139573 0.0765797 0.0455661 0.0455874
0.03 -0.00878972 -0.0167518 -0.00652342 0.010946
0.04 0.00755432 -0.0540737 -0.00616853 0.00975287
0.05 0.00749403 -0.0980912 0.0189965 0.0204212
0.06 -0.000819433 -0.0393819 0.038107 0.0381158
0.07 -0.00227609 -0.163862 -0.000107986 0.00227865
0.08 0.00796472 -0.0499486 0.00687217 0.0105197
0.09 0.00395442 -0.109122 -0.0136899 0.0142496
0.1 0.00341687 -0.0243705 0.0320455 0.0322271
0.11 0.00474679 -0.0696931 0.0129048 0.0137502
0.12 0.000944714 -0.0898929 0.000498014 0.00106794
0.13 -0.00353328 -0.046712 -5.81211e-05 0.00353376
0.14 -0.00131421 -0.0392326 0.00614898 0.00628786
0.15 0.00993221 -0.01928 0.0124233 0.0159056
0.16 -0.0151349 -0.102517 0.0193142 0.0245378
0.17 0.00688447 -0.0488334 -0.0067426 0.00963632
0.18 -0.00735943 -0.0800572 -0.0260089 0.0270301
0.19 -0.000207961 -0.0578506 0.0187372 0.0187384
0.2 0.00237923 -0.0280649 0.0123475 0.0125746
0.21 0.00363392 -0.0381943 0.000282292 0.00364487
0.22 0.00956868 -0.00575693 -0.0202132 0.0223637
0.23 0.0150752 -0.0403506 0.0125246 0.0195992
0.24 0.0125026 -0.101101 -0.0132126 0.0181904
0.25 -6.19999e-06 -0.0221546 0.044717 0.044717
0.26 -0.00264167 -0.145135 -0.000550714 0.00269846
0.27 0.0119801 -0.0473338 0.0255343 0.028205
0.28 0.00907997 -0.108334 0.0254738 0.0270437
0.29 -0.00456576 0.0474563 0.0390965 0.0393622
0.3 0.00880466 -0.0945275 0.0318248 0.0330203
0.31 0.0190364 -0.0380967 0.0248546 0.0313072
0.32 0.00411914 -0.00658496 0.0638859 0.0640186
0.33 -0.00754325 -0.124763 0.00626981 0.00980873
0.34 0.00469296 -0.123644 0.0257081 0.026133
0.35 -0.0062343 -0.183734 0.0189177 0.0199185
0.36 -0.00460121 -0.00197104 0.052187 0.0523895
0.37 0.00400556 -0.0737249 0.0064608 0.00760174
0.38 -0.0137451 -0.107926 0.0321048 0.0349234
0.39 0.012354 -0.118838 -0.0390775 0.0409838
0.4 0.00414116 -0.0650812 0.0256169 0.0259494
0.41 0.0113316 -0.0152533 0.0128474 0.0171307
0.42 -0.00140339 -0.0396762 -0.00658544 0.00673332
0.43 -0.00684648 -0.120962 0.0189184 0.0201192
0.44 -0.00941776 0.153054 0.0263833 0.0280138
0.45 -0.00288159 -0.11397 -7.55094e-05 0.00288258
0.46 0.00830128 -0.112286 0.0449438 0.045704
0.47 -0.00805454 -0.0441424 0.0192604 0.0208767
0.48 -0.00533646 0.0254195 0.0264057 0.0269396
0.49 0.00734989 -0.0443479 0.0126277 0.0146109
0.5 0.0104144 0.0781746 0.0195957 0.0221912
0.51 0.0112083 -0.0423433 0.0057531 0.0125986
0.52 0.0111783 -0.0378887 0.0445595 0.0459402
0.53 -0.00380978 -0.0822502 0.0257863 0.0260663
0.54 -0.00441159 -0.0418084 -0.00673431 0.00805066
0.55 0.0192656 -0.0654665 0.00614383 0.0202215
0.56 -0.000509172 -0.0490203 0.00620336 0.00622422
0.57 -0.00160206 -0.0213286 0.025465 0.0255153
0.58 0.000330054 -0.0136066 0.0262335 0.0262356
0.59 0.000706248 -0.0095646 0.0328725 0.0328801
0.6 -0.00882085 -0.0173387 0.0324067 0.0335858
0.61 -0.0033517 -0.0873233 -0.0250668 0.0252898
0.62 0.00332086 -0.0375006 0.0128702 0.0132917
0.63 -0.00330657 -0.0166065 0.0652444 0.0653281
0.64 -0.0147278 -0.11126 0.0187382 0.0238333
0.65 -0.0127792 -0.0143909 -0.0063001 0.0142478
0.66 -9.20855e-05 -0.0577759 0.0192759 0.0192761
0.67 -0.00853614 -0.0350806 0.0454052 0.0462006
0.68 -0.0148678 -0.0982201 0.0199805 0.0249052
0.69 0.00245307 0.060696 0.058625 0.0586763
0.7 -0.00334975 -0.118313 0.0380073 0.0381546
0.71 0.00417265 -0.0739429 0.012701 0.0133689
0.72 -0.0011088 0.0321323 0.013149 0.0131957
0.73 0.0147306 -0.0532543 -0.00702957 0.0163219
0.74 -0.00217714 -0.0965074 0.0257035 0.0257955
0.75 -0.0150687 -0.120583 0.0125646 0.0196197
0.76 -0.0109565 -0.042425 0.0265556 0.028727
0.77 -0.00638087 -0.103105 0.00657292 0.00916072
0.78 -0.00416058 0.0242433 0.0395206 0.039739
0.79 0.000500518 -0.0714811 -0.000144986 0.000521094
0.8 0.00755912 -0.0625665 -0.00688859 0.0102271
0.81 0.0064912 -0.178015 0.0253422 0.0261604
0.82 0.0236214 -0.0320072 0.0190609 0.0303527
0.83 -0.00134558 0.0631351 -0.0186903 0.0187386
0.84 -0.0228088 -0.173731 0.0256904 0.0343546
0.85 -0.0110236 -0.0960208 0.00663079 0.0128642
0.86 0.00300453 -0.0815825 -0.00719549 0.00779758
0.87 0.000917059 -0.138707 0.00593131 0.00600178
0.88 -0.00400358 -0.0334369 0.00666641 0.00777623
0.89 0.000570907 -0.120821 -0.000161829 0.0005934
0.9 0.00769073 -0.0895722 0.00610614 0.00982
0.91 -0.00766884 -0.0759439 0.02621 0.0273089
0.92 0.0235445 -0.0499205 0.0250803 0.0344
0.93 0.0163937 -0.103258 0.0445201 0.0474425
0.94 0.00688601 0.0361806 0.0133522 0.0150232
0.95 0.00372089 -0.0333433 -0.0128762 0.0134031
0.96 -0.00524792 -0.0324268 -0.0192532 0.0199556
0.97 0.00251891 -0.265593 0.0317748 0.0318745
0.98 -0.00229892 -0.0251289 0.0128182 0.0130228
0.99 0.00742146 -0.0537726 -0.00600638 0.0095475
1 0.0019041 -0.189126 0.00611627 0.00640581
1.01 0.00356906 0.00639556 0.0452723 0.0454127
1.02 0.0158261 -0.098545 -0.0200741 0.0255623
1.03 0.000391523 -0.000540134 0.013866 0.0138715
1.04 0.0116687 -0.0650348 -0.0137467 0.0180314
1.05 -0.00402245 -0.0286731 0.00661533 0.00774227
1.06 0.00660625 0.0584598 0.0455648 0.0460413
1.07 0.0165274 -0.179609 0.0184403 0.0247629
1.08 0.00661857 0.111856 0.0329046 0.0335636
1.09 0.00916928 -0.117158 0.0128304 0.0157701
1.1 -0.000778088 -0.0931938 -0.0261284 0.02614
1.11 -0.00354166 -0.0738881 0.0196392 0.019956
1.12 0.00085515 -0.0944405 0.0448598 0.0448679
1.13 -0.00376401 0.0380112 0.0200713 0.0204212
1.14 0.00166302 -0.175237 0.0188695 0.0189427
1.15 -0.00174394 -0.00390038 0.0259529 0.0260114
1.16 0.000468503 -0.0759717 0.0193456 0.0193513
1.17 0.0198034 -0.0383374 -0.000334237 0.0198062
1.18 0.00304786 -0.0505807 0.0252027 0.0253864
1.19 0.0107048 -0.0467495 0.0122925 0.0163003
1.2 -0.00403939 -0.0734157 -0.0062573 0.00744786
1.21 0.000692655 -0.111963 -0.0126195 0.0126385
1.22 0.00574565 -0.128294 0.0320798 0.0325903
1.23 -0.0193035 -0.0600097 0.039599 0.0440535
1.24 0.00452834 -0.127673 0.0191054 0.0196347
1.25 0.000226898 -0.120553 0.0251033 0.0251043
1.26 -0.00298403 -0.0917607 0.0257704 0.0259426
1.27 -0.00362379 -0.0645922 0.0257391 0.0259929
1.28 -0.00820942 0.00931084 0.0266104 0.0278479
1.29 -0.00348274 -0.0473073 0.0330089 0.0331922
1.3 0.00422538 -0.0691749 -0.00685986 0.00805677
1.31 -0.00216423 -0.132694 0.0450925 0.0451444
1.32 -0.013843 -0.219262 -0.0268417 0.0302011
1.33 0.0106754 -0.0421147 -0.000292742 0.0106794
1.34 -0.0135551 -0.214868 0.0251483 0.0285688
1.35 -0.00816854 -0.048605 0.0194736 0.0211175
1.36 0.0077014 -0.0668036 0.0122993 0.0145115
1.37 0.00706119 0.0403379 0.032489 0.0332475
1.38 -0.0065627 -0.111677 0.0248215 0.0256744
1.39 0.00105021 -0.0939096 0.0444836 0.044496
1.4 0.00433909 -0.0875131 0.0255209 0.0258871
1.41 0.00100064 -0.0856288 0.0262678 0.0262869
1.42 0.00254682 0.101054 -0.0058277 0.0063599
1.43 0.000555834 -0.0805691 0.0322014 0.0322062
1.44 0.0167072 -0.0945039 0.00591785 0.0177243
1.45 -0.00304838 -0.136412 0.0251639 0.0253479
1.46 -0.00119088 0.00952061 0.000212704 0.00120973
1.47 0.0197049 -0.0566887 0.0320084 0.0375875
1.48 0.00862479 -0.0900309 -0.0128425 0.0154699
1.49 0.000138264 -0.0625261 0.0193651 0.0193656
1.5 -0.00286649 -0.0742689 0.0129185 0.0132327
1.51 0.000438635 -0.107168 -0.00657687 0.00659148
1.52 0.00637694 0.00979996 0.0132145 0.0146727
1.53 -0.000383546 -0.0529012 0.0512331 0.0512345
1.54 -0.000355743 -0.0265655 0.0258853 0.0258878
1.55 0.000164231 -0.089458 0.0192142 0.019215
1.56 -0.0083756 0.0228616 0.0389341 0.0398248
1.57 0.00203332 0.105786 0.0135572 0.0137089
1.58 0.0112644 -0.0914887 -0.00073633 0.0112885
1.59 -0.000412654 -5.94358e-05 0.0387134 0.0387156
1.6 -0.0134878 -0.263885 0.0311955 0.0339864
1.61 0.00678502 -0.00430706 0.0067033 0.00953786
1.62 -0.00420634 -0.0733783 0.0388965 0.0391233
1.63 -0.00621736 -0.138992 0.0317904 0.0323926
1.64 0.00794574 -0.0132773 0.0258598 0.027053
1.65 -5.95744e-05 -0.0525301 -0.382367 0.382367
1.66 -0.00438114 0.0273199 -1.25263 1.25264
1.67 0.0446323 -0.0292592 -1.65526 1.65586
1.68 0.143162 -0.103038 -1.59156 1.59798
1.69 0.227663 -0.217486 -1.39029 1.4088
1.7 0.277961 -0.18569 -1.37912 1.40686
1.71 0.250492 -0.316242 -1.55271 1.57279
1.72 0.194838 -0.280535 -1.87922 1.8893
1.73 0.12138 -0.278055 -2.34108 2.34422
1.74 0.0586308 -0.336623 -2.64178 2.64243
1.75 0.00628048 -0.396946 -3.05411 3.05411
1.76 0.00731453 -0.256758 -3.37671 3.37672
1.77 0.0108966 -0.262342 -3.70551 3.70552
1.78 0.00537805 -0.280262 -4.01597 4.01598
1.79 0.0464646 -0.277904 -3.92743 3.92771
1.8 -0.0181617 -0.451831 -5.12981 5.12984
1.81 -0.0504178 -0.458853 -5.62418 5.62441
1.82 -0.0047996 -0.52131 -6.11794 6.11795
1.83 0.0432894 -0.551339 -6.21297 6.21312
1.84 0.148458 -0.564242 -6.28766 6.28941
1.85 0.236542 -0.462687 -6.50247 6.50677
1.86 0.317594 -0.602447 -6.71802 6.72552
1.87 0.397333 -0.641908 -7.10219 7.11329
1.88 0.460295 -0.648674 -7.50439 7.51849
1.89 0.492789 -0.592194 -7.8742 7.88961
1.9 0.489298 -0.68813 -8.07435 8.08916
1.91 0.484621 -0.747369 -8.23541 8.24966
1.92 0.46461 -0.685552 -8.31735 8.33032
1.93 0.459567 -0.638225 -8.49518 8.5076
1.94 0.473137 -0.530151 -8.68005 8.69294
1.95 0.487637 -0.548442 -8.89204 8.9054
1.96 0.53911 -0.535248 -9.08705 9.10303
1.97 0.551301 -0.583394 -9.32712 9.34339
1.98 0.596459 -0.61973 -9.4705 9.48926
1.99 0.572423 -0.753044 -9.67829 9.6952
2 0.620548 -0.550898 -9.9056 9.92501
2.01 0.648033 -0.706526 -10.148 10.1687
2.02 0.722787 -0.703931 -10.2413 10.2667
2.03 0.795393 -0.999516 -10.413 10.4434
2.04 0.820978 -0.721543 -10.5808 10.6126
2.05 0.874953 -0.830917 -10.7241 10.7597
2.06 0.898097 -0.806047 -10.8421 10.8793
2.07 0.935938 -0.905947 -10.9279 10.9679
2.08 0.946118 -0.904244 -11.0638 11.1042
2.09 0.954995 -0.870324 -11.0768 11.1179
2.1 0.953241 -0.748758 -11.1335 11.1742
2.11 0.955161 -0.69656 -11.2604 11.3009
2.12 0.934997 -0.737171 -11.3823 11.4206
2.13 0.936905 -0.876895 -11.5296 11.5677
2.14 0.957425 -0.768998 -11.652 11.6913
2.15 0.949151 -0.759693 -11.7231 11.7614
2.16 0.943737 -0.591718 -11.7792 11.817
2.17 0.909419 -0.824818 -11.9072 11.9419
2.18 0.882862 -0.780943 -12.126 12.1581
2.19 0.885192 -0.742588 -12.2366 12.2685
2.2 0.944845 -0.744043 -12.3157 12.3519
2.21 1.00288 -0.704157 -12.3481 12.3888
2.22 0.989477 -0.714537 -12.3477 12.3873
2.23 0.950441 -0.788809 -12.4322 12.4685
2.24 0.889989 -0.800741 -12.5676 12.599
2.25 0.845078 -0.616971 -12.5536 12.582
2.26 0.821107 -0.656298 -12.5909 12.6177
2.27 0.811871 -0.968112 -12.7742 12.8
2.28 0.83695 -0.881546 -12.9908 13.0177
2.29 0.917202 -0.88216 -13.2081 13.2399
2.3 0.98418 -0.968094 -13.2043 13.241
2.31 1.00363 -0.882014 -13.1325 13.1708
2.32 0.978991 -0.897118 -13.2075 13.2437
2.33 0.93285 -0.966491 -13.2767 13.3094
2.34 0.89614 -0.948162 -13.3732 13.4032
2.35 0.87963 -0.925826 -13.4645 13.4932
2.36 0.920648 -0.952028 -13.4931 13.5245
2.37 0.981608 -1.01247 -13.4759 13.5116
2.38 0.996281 -1.01756 -13.4831 13.5199
2.39 0.958396 -0.901005 -13.5083 13.5422
2.4 0.912031 -0.997556 -13.6301 13.6605
2.41 0.882887 -1.11869 -13.695 13.7234
2.42 0.897635 -0.910011 -13.7542 13.7835
2.43 0.953295 -1.0884 -13.8988 13.9314
2.44 0.977203 -0.969669 -13.8866 13.9209
2.45 0.963105 -1.13466 -13.845 13.8785
2.46 0.880322 -1.00681 -13.8009 13.8289
2.47 0.796877 -0.90538 -13.9139 13.9367
2.48 0.762333 -0.932338 -14.2505 14.2709
2.49 0.766141 -1.02309 -14.5702 14.5904
2.5 0.791732 -1.11853 -14.7011 14.7224
2.51 0.796942 -1.05111 -14.492 14.5139
2.52 0.775152 -0.934629 -14.2824 14.3034
2.53 0.685854 -0.925045 -14.2706 14.2871
2.54 0.657112 -0.898317 -14.4358 14.4508
2.55 0.64264 -0.845352 -14.5972 14.6113
2.56 0.651151 -0.930757 -14.533 14.5476
2.57 0.619837 -0.813747 -14.4475 14.4608
2.58 0.591363 -0.828241 -14.4725 14.4846
2.59 0.570952 -0.910412 -14.6423 14.6534
2.6 0.572984 -1.03806 -14.943 14.954
2.61 0.653902 -1.15953 -15.1862 15.2002
2.62 0.756663 -1.08916 -15.1927 15.2115
2.63 0.828702 -1.0075 -15.2177 15.2403
2.64 0.817989 -0.996832 -15.3385 15.3603
2.65 0.739746 -1.03846 -15.4733 15.491
2.66 0.656373 -1.04571 -15.4452 15.4591
2.67 0.566306 -1.1697 -15.3981 15.4085
2.68 0.524103 -1.03343 -15.4035 15.4124
2.69 0.612728 -1.10597 -15.584 15.596
2.7 0.793373 -1.24006 -15.9293 15.949
2.71 0.953454 -1.17123 -15.2497 15.2795
2.72 0.406516 -0.61285 -8.83037 8.83972
2.73 0.872865 -0.683 -7.34593 7.39761
2.74 -0.282036 -0.70102 -20.3404 20.3424
2.75 0.0797263 -1.64336 -21.7254 21.7256
2.76 0.908938 -1.24957 -15.9137 15.9396
2.77 1.59311 -1.17583 -12.875 12.9732
2.78 1.7336 -1.23724 -11.4407 11.5713
2.79 1.7919 -1.60133 -11.6704 11.8072
2.8 1.66854 -1.84727 -11.0763 11.2013
2.81 1.23749 -1.617 -9.84771 9.92516
2.82 0.874313 -1.15953 -8.1212 8.16813
2.83 0.725259 -0.821797 -6.3212 6.36267
2.84 0.630729 -0.486387 -5.15952 5.19793
2.85 0.492195 -0.749439 -4.4391 4.4663
2.86 0.283466 -0.766716 -4.01728 4.02727
2.87 0.0868794 -0.675111 -3.37936 3.38048
2.88 -0.0912584 -0.441363 -2.36769 2.36945
2.89 -0.159761 -0.227889 -1.25388 1.26402
2.9 -0.162173 -0.115074 -0.364395 0.398853
2.91 -0.00530922 -0.0547612 -0.0322623 0.0326962
2.92 -0.00142892 0.0321737 0.0836739 0.0836861
2.93 -0.00369781 -0.153514 0.00571452 0.00680658
2.94 -0.00634006 0.101942 0.00707577 0.00950068
2.95 -0.00744163 -0.10283 -0.0126947 0.0147151
2.96 -0.00474842 -0.0504979 0.0128636 0.013712
2.97 0.00257369 -0.188598 -0.0340435 0.0341407
2.98 -0.0017129 -0.00331354 -0.0129754 0.013088
2.99 -0.00686967 -0.111468 -0.000966603 0.00693734
3 0.00585981 0.0365189 0.0256279 0.0262893
3.01 -0.00134206 0.00529792 8.51089e-05 0.00134475
3.02 -0.0068802 -0.0852144 0.0258508 0.0267507
3.03 -0.00741973 -0.0758482 -0.0259194 0.0269605
3.04 -0.0117913 -0.0957409 -0.01846 0.0219045
3.05 0.0029466 0.0115443 0.0324315 0.032565
3.06 0.00166546 -0.0671788 -0.0140476 0.014146
3.07 -0.0138563 -0.0937329 -0.0199427 0.0242839
3.08 0.00439183 -0.16304 0.0382473 0.0384986
3.09 0.0132097 -0.0078291 0.0382556 0.0404721
3.1 0.00639216 -0.0306327 0.0322453 0.0328728
3.11 0.0221639 -0.0577344 0.0313993 0.0384338
3.12 -0.000634865 -0.0708874 0.00616113 0.00619375
3.13 -0.0243784 -0.0612319 0.0072494 0.0254334
3.14 -0.00881649 -0.0352408 0.0074238 0.0115258
3.15 0.00264779 0.0161282 0.0195375 0.0197162
3.16 0.00222744 -0.0456398 0.0187965 0.018928
3.17 0.006833 -0.0619126 0.0192741 0.0204495
3.18 -0.00131975 -0.0348242 0.0388235 0.0388459
3.19 0.00239633 -0.0860962 0.037593 0.0376693
3.2 -0.000428114 -0.062381 0.00691682 0.00693005
3.21 -0.00500204 -0.0325108 0.0385819 0.0389048
3.22 0.00177808 0.0612379 0.0390928 0.0391332
3.23 -0.00810247 -0.0441924 0.0326384 0.033629
3.24 -0.0116457 -0.077681 0.0134664 0.0178035
3.25 0.0149181 -0.0533559 0.0253958 0.0294533
3.26 -0.00897837 -0.0303244 0.0201393 0.02205
3.27 0.00669789 -0.0798438 -0.000118157 0.00669893
3.28 -0.00978543 0.0639853 0.0132962 0.0165089
3.29 -0.016972 -0.00766818 0.00678176 0.0182768
3.3 0.000155332 -0.0979177 0.0382745 0.0382748
3.31 -0.0049382 -0.0369015 0.0313166 0.0317035
3.32 -0.00979215 0.121984 0.0268379 0.0285685
3.33 -0.000793801 -0.0795049 0.0182779 0.0182952
3.34 -0.00574787 -0.00524899 0.000265831 0.00575402
3.35 -0.00801991 -0.0308682 0.0453385 0.0460423
3.36 -0.00709822 0.0625971 -0.0131172 0.0149146
3.37 -0.0187819 -0.153873 0.0708609 0.0733078
3.38 -0.00751516 -0.053328 0.0196366 0.0210255
3.39 -0.0154606 -0.200319 0.00584793 0.0165296
3.4 -0.0043758 -0.059485 0.0321406 0.0324372
3.41 0.00800428 -0.125301 0.038267 0.0390952
3.42 -0.0128848 0.00798078 0.0518628 0.0534394
3.43 0.00223898 -0.0283964 0.0453055 0.0453608
3.44 -0.000257747 -0.133466 -0.013997 0.0139993
3.45 -0.0078041 -0.0846072 0.032195 0.0331274
3.46 -7.25007e-05 -0.129321 0.0187866 0.0187867
3.47 -0.00866546 -0.0217504 0.0329286 0.0340498
3.48 0.0144504 -0.0535951 0.00638305 0.0157974
3.49 0.00169631 -0.0188682 0.0258498 0.0259054
3.5 0.00288114 -0.0598113 0.0449768 0.045069
3.51 -0.00150138 0.0766535 0.0324205 0.0324553
3.52 0.00301906 -0.0329354 0.0836848 0.0837392
3.53 0.0111877 -0.0644645 0.070248 0.0711333
3.54 0.00749683 -0.0891464 0.0383122 0.0390388
3.55 0.00267868 0.0965074 0.05222 0.0522887
3.56 -0.00664863 -0.120915 0.0387344 0.0393008
3.57 0.00227325 -0.00567363 0.0453693 0.0454262
3.58 0.00316404 -0.0599545 0.0517581 0.0518547
3.59 -0.000516002 -0.0617069 -0.000237481 0.000568027
3.6 -0.00730776 -0.124814 0.0253172 0.0263508
3.61 0.00622768 0.0586642 0.0392865 0.0397771
3.62 0.0101309 -0.131134 0.0181224 0.0207619
3.63 -0.00358479 -0.0824308 0.0322971 0.0324954
3.64 -0.00770773 -0.0354656 0.013311 0.0153815
3.65 -0.00468097 -0.00635064 0.0588026 0.0589887
3.66 -0.0110108 -0.203073 0.0574332 0.0584792
3.67 -0.000619803 -0.204645 0.0115474 0.011564
3.68 0.00429646 -0.0602251 0.0515135 0.0516924
3.69 0.00116336 -0.112047 0.000331753 0.00120974
3.7 0.00673115 -0.0263507 0.0385428 0.0391262
3.71 0.00949512 -0.0324653 0.012451 0.0156584
3.72 0.0108171 -0.0823438 0.0318108 0.0335997
3.73 -0.00374777 -0.126698 0.0382551 0.0384382
3.74 0.00432983 -0.0159998 0.0648004 0.0649449
3.75 -0.00716194 -0.116022 0.0318664 0.0326613
3.76 -0.0122137 -0.050689 0.0453193 0.0469363
3.77 0.00676734 -0.0663449 0.0312479 0.0319723
3.78 -0.000690117 -0.0527121 0.0505836 0.0505883
3.79 -0.000919471 -0.00820783 0.0581301 0.0581374
3.8 -0.000348226 -0.138136 0.00633805 0.00634761
3.81 -0.000778068 -0.0708959 0.0451807 0.0451874
3.82 0.00408754 -0.0737529 0.0257381 0.0260607
3.83 -0.0173792 0.0329823 0.026394 0.0316019
3.84 -1.79699e-05 -0.0716278 0.0516758 0.0516758
3.85 0.00552746 0.0993096 0.0647219 0.0649575
3.86 -0.0071169 -0.102438 0.0190846 0.0203684
3.87 -0.0159996 -0.0528704 0.0840781 0.0855869
3.88 -0.00413056 -0.117859 0.0315824 0.0318514
3.89 -0.00423653 -0.104555 -0.012167 0.0128835
3.9 -0.0030167 -0.122814 0.0573035 0.0573829
3.91 -0.000705475 -0.0443482 0.0387695 0.0387759
3.92 -0.0113774 -0.185303 0.0251574 0.0276105
3.93 -0.00546596 0.0253779 0.045645 0.0459711
3.94 0.0109697 -0.0157468 0.0583742 0.059396
3.95 -0.00570849 -0.045747 0.0383016 0.0387247
3.96 0.0025561 -0.0416673 0.063952 0.0640031
3.97 -0.00654444 -0.10341 0.0708044 0.0711063
3.98 -0.00717991 -0.209948 0.0122337 0.014185
3.99 -0.0121913 -0.0681714 0.0777192 0.0786695
4 0.00803552 -0.147535 0.0570695 0.0576324
4.01 -0.0126263 -0.0504066 0.00638568 0.0141492
4.02 0.00784 -0.116139 0.0513426 0.0519377
4.03 -0.00034396 -0.0573875 0.0512139 0.051215
4.04 0.00251154 -0.0190786 0.012424 0.0126753
4.05 -0.00326632 -0.0559672 0.083721 0.0837847
4.06 0.0176381 -0.046511 0.0251824 0.0307451
4.07 0.0103761 0.0517101 0.0324092 0.0340297
4.08 -0.00455249 -0.0554922 0.0328034 0.0331178
4.09 0.011133 -0.051453 0.0322001 0.0340704
4.1 -0.000977962 -0.0215975 0.0644367 0.0644442
4.11 0.00658632 -0.00859935 0.0450923 0.0455707
4.12 -0.00499207 -0.0457342 0.0576933 0.0579089
4.13 0.00175182 -0.00515546 0.025604 0.0256639
4.14 -0.0113961 -0.0645747 0.0324092 0.0343545
4.15 -0.00147195 -0.08823 0.0319359 0.0319698
4.16 0.00355539 -0.0735248 0.0196922 0.0200106
4.17 -0.00553605 -0.107848 -0.0135761 0.0146615
4.18 0.000398204 -0.129405 0.0317378 0.0317403
4.19 -0.00031453 -0.0488116 0.0583363 0.0583371
4.2 -0.00504777 0.0433269 0.0455655 0.0458443
4.21 0.0109477 -0.0555977 -0.000582762 0.0109632
4.22 -0.00820792 -0.124253 0.0255272 0.0268143
4.23 0.00738088 -0.0667425 0.0576855 0.0581558
4.24 -0.00159764 0.0633623 0.0395007 0.039533
4.25 0.00725651 -0.0711729 0.0191117 0.0204429
4.26 0.00386804 -0.0783224 0.0641999 0.0643163
4.27 -0.0168198 -0.0477684 0.0514195 0.0541006
4.28 -0.00021442 -0.0667749 0.0328479 0.0328486
4.29 -0.000871389 -0.0174257 0.0193749 0.0193944
4.3 -0.0039336 -0.0736701 0.0582823 0.0584149
4.31 -0.00843374 -0.07993 0.0258978 0.0272364
4.32 0.00339694 -0.078219 0.0261101 0.0263301
4.33 0.0108897 -0.0331564 0.0190611 0.0219525
4.34 0.000780794 -0.0137246 0.0188321 0.0188483
4.35 0.0140373 -0.0349382 0.0444569 0.0466204
4.36 0.00314335 -0.0508029 0.0509527 0.0510496
4.37 -0.00900603 -0.0791388 0.0255726 0.0271121
4.38 -0.00782556 -0.088969 0.0642198 0.0646948
4.39 -0.00129169 0.0139705 0.0585288 0.058543
4.4 -0.00793039 -0.133037 0.0441928 0.0448988
4.41 0.00313279 -0.0509318 0.0384185 0.0385461
4.42 -0.00436705 -0.0417575 0.0384576 0.0387048
4.43 0.0142917 -0.017114 0.0572143 0.0589723
4.44 -0.00437539 -0.0462939 0.0518164 0.0520008
4.45 0.0119252 -0.00275658 0.0841728 0.0850133
4.46 0.00465351 -0.0738784 0.0130478 0.0138528
4.47 -0.00859249 -0.0751757 0.00629882 0.0106539
4.48 0.00678964 -0.0129611 0.0322362 0.0329435
4.49 0.000174895 -0.0666894 0.0254074 0.025408
4.5 -0.00263826 0.059991 0.0258636 0.0259978
4.51 -0.0101923 0.0020231 0.0190278 0.0215856
4.52 -0.00997125 -0.0470176 0.02484 0.0267666
4.53 -0.00989665 0.0458277 0.0391637 0.0403948
4.54 -0.00591987 0.0926831 0.0654808 0.0657478
4.55 0.00295614 -0.0242992 0.0327428 0.0328759
4.56 0.00880665 -0.0990961 0.0839738 0.0844343
4.57 -0.00823675 -0.0263123 0.0517219 0.0523737
4.58 0.00718236 -0.0576629 0.0643587 0.0647583
4.59 0.0137009 0.0498587 0.0514408 0.0532341
4.6 -0.0170707 -0.0204948 0.0188085 0.0254001
4.61 -0.0118956 -0.14001 0.0380457 0.039862
4.62 -0.0054073 -0.201898 0.103005 0.103147
4.63 -0.00927398 -0.0168154 0.0516997 0.0525249
4.64 -0.00418925 -0.0511144 0.0318547 0.032129
4.65 -0.0120721 -0.113216 0.00611694 0.0135334
4.66 -0.00392584 -0.082486 0.0515007 0.0516501
4.67 -0.00734376 -0.164954 0.0386464 0.039338
4.68 -0.000631657 -0.0487515 0.0451526 0.045157
4.69 -0.00157318 -0.0166761 0.0382889 0.0383212
4.7 -0.00395162 -0.0421823 0.0199357 0.0203236
4.71 -0.0059223 0.00376525 0.0259464 0.0266137
4.72 0.00613574 -0.0215904 0.0386479 0.039132
4.73 -0.000373607 -0.0978515 -8.83346e-05 0.000383907
4.74 -0.00412171 -0.0642809 0.0260956 0.0264191
4.75 -0.0124816 -0.068319 0.0260892 0.0289213
4.76 -0.00534122 0.0433413 0.0262501 0.026788
4.77 0.00659211 0.0226621 0.0520079 0.0524241
4.78 -0.00794882 0.058377 0.0714252 0.0718662
4.79 0.00237664 -0.0239795 0.0389605 0.0390329
4.8 -0.000819465 -0.0488108 0.0389827 0.0389913
4.81 0.0120815 -0.118727 -0.00707171 0.013999
4.82 -0.00968678 -0.0166942 0.039019 0.0402035
4.83 -0.00119225 -0.0305558 0.0450829 0.0450986
4.84 0.00533223 -0.154736 0.0314385 0.0318875
