0 -0.00527703 0.177555 0.0199466 0.0206328
0.01 -0.0104002 0.243045 0.0266588 0.0286157
0.02 0.00614953 0.0945222 -0.0252235 0.0259623
0.03 0.00771995 0.0404744 0.0253547 0.026504
0.04 0.00820389 -0.00490249 0.00606412 0.0102018
0.05 0.0250319 0.159204 0.0126293 0.0280374
0.06 0.00714419 0.0671951 -0.0127821 0.0146431
0.07 -0.0120728 0.033861 -0.02563 0.0283311
0.08 -0.00396202 0.0378034 0.0265089 0.0268034
0.09 -0.00133804 0.0635869 -9.20873e-05 0.00134121
0.1 0.0143796 0.0851468 0.0257428 0.0294867
0.11 -0.00428542 0.0385293 0.000306604 0.00429637
0.12 -0.00787408 0.0582191 0.019601 0.0211234
0.13 0.0103183 0.0650445 0.000422882 0.010327
0.14 0.0141469 0.0941434 0.0260136 0.0296115
0.15 -0.0063657 0.128855 0.0323677 0.0329877
0.16 -0.00632371 0.120122 0.0319884 0.0326075
0.17 -0.00549719 0.0347425 -0.0453422 0.0456743
0.18 -0.00150477 0.0543564 0.019682 0.0197394
0.19 0.00601323 0.139269 0.0130226 0.0143439
0.2 -6.02318e-05 0.0494885 -0.0125876 0.0125877
0.21 0.00785513 -0.0760953 -0.0133104 0.0154554
0.22 0.0155607 0.00871551 0.0124531 0.0199303
0.23 -0.00434658 0.0963095 0.00640426 0.00773998
0.24 0.0100136 0.127588 0.0513484 0.0523157
0.25 0.00243378 0.132564 0.00661088 0.00704465
0.26 -0.00812547 0.0721405 -0.00643536 0.0103652
0.27 0.00349314 0.0604858 0.000315979 0.00350741
0.28 0.00290073 0.0743519 -0.00651614 0.00713262
0.29 -0.0044785 0.145633 0.0395775 0.0398301
0.3 -0.00511398 0.0390949 -0.0189932 0.0196697
0.31 0.0150132 0.10669 0.0390777 0.0418625
0.32 0.0163478 0.0527136 0.04547 0.0483195
0.33 0.00588399 0.255192 0.0395654 0.0400005
0.34 0.0104757 0.123149 0.0262662 0.0282782
0.35 0.0137973 0.0765218 0.0126448 0.0187152
0.36 0.00250525 0.0524535 -0.0320056 0.0321035
0.37 -0.0209724 0.196168 0.000562779 0.02098
0.38 0.0188564 0.0823458 0.0126289 0.0226948
0.39 -0.00489523 0.0744152 0.00628579 0.00796708
0.4 -0.00537366 0.105955 -0.00622239 0.00822158
0.41 -0.00988946 0.126594 0.000333542 0.00989508
0.42 0.00986662 0.185598 0.0202035 0.022484
0.43 0.0104984 0.0833487 0.0124987 0.0163228
0.44 0.0104103 0.132088 0.00652428 0.0122858
0.45 -0.00239556 0.0189725 0.0395118 0.0395843
0.46 0.00973715 0.208196 0.0331042 0.0345065
0.47 0.00961536 0.119385 0.000204002 0.00961752
0.48 0.0146545 0.0581497 -0.000284495 0.0146573
0.49 0.000774789 -0.0318771 0.0257652 0.0257769
0.5 0.00299123 0.11453 0.0389951 0.0391097
0.51 0.00223159 0.208748 0.019886 0.0200108
0.52 0.00617634 0.103402 0.0131015 0.0144843
0.53 -0.00760907 -0.0132101 0.000407968 0.00762
0.54 0.0110381 0.0647146 0.0388923 0.0404283
0.55 0.00402233 0.0511517 0.0132997 0.0138947
0.56 0.0258557 0.189771 0.0263088 0.0368873
0.57 0.00448037 0.032526 0.0455564 0.0457762
0.58 -0.0074501 0.00483632 -0.0125845 0.0146245
0.59 -0.000844625 0.0142741 -3.51775e-05 0.000845357
0.6 0.010862 0.0651058 -0.00725008 0.0130594
0.61 -0.00620658 0.137633 -0.00600211 0.00863405
0.62 0.00542994 0.1041 -0.013174 0.0142491
0.63 0.0117293 0.0731039 0.0328189 0.0348519
0.64 0.0122712 0.059833 0.00658457 0.0139262
0.65 0.0085712 0.267015 0.00768906 0.0115146
0.66 0.00740523 0.0494989 0.00634822 0.00975384
0.67 0.0176297 0.154661 -0.01246 0.0215884
0.68 -0.000243863 0.00494426 -0.00656184 0.00656637
0.69 0.0109478 0.0696352 0.0320974 0.0339131
0.7 0.00170406 0.0752509 -0.0195583 0.0196324
0.71 0.00291059 0.0516995 0.0134734 0.0137842
0.72 0.00743774 -0.0355931 0.0189088 0.020319
0.73 -0.000343037 -0.0531421 -0.00699354 0.00700195
0.74 0.00147882 -0.130198 -0.00715335 0.00730461
0.75 0.00733437 0.0535791 -0.00609645 0.00953728
0.76 0.0152552 0.0712985 0.0131008 0.0201085
0.77 -0.00656206 0.133869 -0.0127114 0.0143052
0.78 0.00294781 0.0608886 0.0129385 0.0132701
0.79 0.00277493 0.0298451 -0.000217345 0.00278343
0.8 0.00527794 0.14402 -0.00642016 0.00831114
0.81 0.0116926 0.0376737 -0.00711282 0.0136861
0.82 0.010354 0.114291 0.0387239 0.0400842
0.83 -0.000569935 0.0674111 -0.0320968 0.0321019
0.84 -0.00091272 0.036728 0.00596266 0.00603211
0.85 -0.00718716 0.0175873 0.0390845 0.0397398
0.86 0.00633556 0.121609 -0.0261465 0.0269031
0.87 0.0147256 0.0448016 -0.0132196 0.0197889
0.88 0.00886456 0.128557 -0.000212796 0.00886711
0.89 0.00703958 0.0361567 0.0131197 0.014889
0.9 0.00463428 -0.00235246 0.0386788 0.0389554
0.91 -0.00368288 -0.011039 0.00633565 0.0073283
0.92 -0.00902946 0.0368719 0.0390073 0.0400387
0.93 -0.00439346 0.0428494 -0.0124789 0.0132297
0.94 0.000722973 0.0353585 -0.00564644 0.00569254
0.95 -0.000759175 0.0272753 0.00660593 0.00664941
0.96 -0.00391146 0.0469789 -0.018948 0.0193475
0.97 0.00400521 0.0156771 0.0258037 0.0261127
0.98 -0.00487582 0.128122 0.0133331 0.0141966
0.99 0.0259487 0.100631 0.0125263 0.028814
1 0.00752753 0.049069 -0.00634808 0.00984692
1.01 0.00579836 0.116958 0.000245971 0.00580357
1.02 0.0183919 0.0337181 -0.0136253 0.0228891
1.03 0.00411593 -0.034065 -0.00618678 0.00743082
1.04 0.0145091 0.0625487 0.0128421 0.0193761
1.05 0.00752894 0.0182791 -0.0198067 0.0211894
1.06 -0.0189909 0.0250974 -0.000452854 0.0189963
1.07 0.00939829 0.181435 0.00689163 0.0116543
1.08 0.000581048 -0.0312902 0.0317177 0.031723
1.09 0.00394257 0.0467722 0.0199153 0.0203018
1.1 0.00867564 0.0441967 0.025776 0.0271969
1.11 0.0112757 0.060436 0.0324355 0.0343395
1.12 0.00772771 0.0448692 0.0131103 0.0152184
1.13 0.012088 0.0511198 0.0259475 0.0286251
1.14 0.00877925 0.208881 0.00679 0.0110986
1.15 0.00231518 0.043249 0.0190413 0.0191816
1.16 0.00232078 0.154645 0.0199227 0.0200574
1.17 -0.00386711 0.0245707 -0.0188115 0.0192049
1.18 -0.00809101 0.108235 -0.0380873 0.0389372
1.19 -0.00710314 0.0231032 -0.0456601 0.0462093
1.2 -0.0106245 0.100674 -0.114929 0.115419
1.21 -0.0290945 0.0453192 -0.166113 0.168642
1.22 -0.0250247 0.0168885 -0.264056 0.265239
1.23 -0.0157886 -0.0111353 -0.379952 0.38028
1.24 0.017484 0.035936 -0.504831 0.505133
1.25 0.0464882 -0.0447738 -0.59661 0.598418
1.26 0.0859355 -0.0421913 -0.651024 0.656671
1.27 0.115147 -0.0781205 -0.75719 0.765895
1.28 0.152206 -0.118611 -0.862525 0.875852
1.29 0.174006 -0.149924 -1.00608 1.02101
1.3 0.198747 -0.199816 -1.14367 1.16081
1.31 0.189919 -0.100636 -1.33036 1.34384
1.32 0.214451 -0.234805 -1.54467 1.55949
1.33 0.207189 -0.131714 -1.74401 1.75627
1.34 0.188302 -0.235285 -1.93761 1.94673
1.35 0.174933 -0.0704221 -2.12205 2.12925
1.36 0.167591 -0.181225 -2.34042 2.34642
1.37 0.166961 -0.0154938 -2.53339 2.53889
1.38 0.216426 -0.11236 -2.7736 2.78203
1.39 0.281868 -0.134553 -2.86626 2.88009
1.4 0.353944 -0.180991 -2.12623 2.15549
1.41 0.30476 0.00673769 -3.33689 3.35078
1.42 0.269515 -0.239814 -4.08758 4.09645
1.43 0.40263 -0.308664 -4.30552 4.3243
1.44 0.527783 -0.222434 -4.16129 4.19463
1.45 0.608579 -0.242194 -4.04909 4.09457
1.46 0.695953 -0.31362 -4.19554 4.25287
1.47 0.747842 -0.357761 -4.43897 4.50153
1.48 0.72695 -0.463786 -4.84642 4.90063
1.49 0.704869 -0.471554 -5.16272 5.21061
1.5 0.712193 -0.355276 -5.44122 5.48763
1.51 0.731805 -0.540539 -5.6233 5.67072
1.52 0.77525 -0.482474 -5.76677 5.81865
1.53 0.812638 -0.553144 -6.01402 6.06868
1.54 0.805167 -0.49905 -6.35525 6.40605
1.55 0.797712 -0.4919 -6.8207 6.86719
1.56 0.758923 -0.591795 -7.19535 7.23526
1.57 0.733022 -0.463223 -7.47833 7.51417
1.58 0.717202 -0.667256 -7.66026 7.69376
1.59 0.733184 -0.480838 -7.84731 7.88149
1.6 0.788867 -0.550793 -8.08203 8.12044
1.61 0.871651 -0.730358 -8.35732 8.40265
1.62 0.925606 -0.718588 -8.67078 8.72005
1.63 0.969467 -0.768423 -8.95649 9.0088
1.64 1.03883 -0.690942 -9.12793 9.18685
1.65 1.09691 -0.825007 -9.33203 9.39627
1.66 1.1629 -0.834495 -9.56126 9.63172
1.67 1.21636 -0.898794 -9.89486 9.96934
1.68 1.30001 -1.10092 -10.3282 10.4097
1.69 1.41439 -0.951625 -10.7527 10.8453
1.7 1.47714 -1.19901 -11.0488 11.1471
1.71 1.52167 -1.23442 -11.3027 11.4047
1.72 1.53829 -1.21343 -11.5098 11.6121
1.73 1.52711 -1.24656 -11.8131 11.9114
1.74 1.52295 -1.20865 -12.0653 12.1611
1.75 1.5397 -1.10374 -12.252 12.3484
1.76 1.59447 -1.20373 -12.5064 12.6077
1.77 1.62453 -1.21343 -12.6822 12.7858
1.78 1.65284 -1.18665 -12.8234 12.9295
1.79 1.62931 -1.23005 -12.9907 13.0925
1.8 1.63069 -1.23966 -13.2749 13.3747
1.81 1.65507 -1.14688 -13.4767 13.578
1.82 1.75 -1.16039 -13.8573 13.9674
1.83 1.88974 -1.6289 -14.1573 14.2829
1.84 1.97196 -1.48154 -14.2838 14.4193
1.85 2.01956 -1.42569 -14.4655 14.6058
1.86 1.98501 -1.44498 -14.7622 14.895
1.87 1.96059 -1.76081 -15.0814 15.2083
1.88 2.00975 -1.60515 -15.2774 15.409
1.89 2.06453 -1.74764 -15.306 15.4446
1.9 2.11319 -1.53313 -15.2787 15.4242
1.91 2.13509 -1.53468 -15.3104 15.4585
1.92 2.14716 -1.5591 -15.5435 15.6911
1.93 2.08592 -1.64544 -15.9118 16.0479
1.94 1.97386 -1.62896 -16.0891 16.2098
1.95 1.91631 -1.70111 -16.1307 16.2441
1.96 1.95663 -1.63334 -16.246 16.3634
1.97 2.0541 -1.7156 -16.4715 16.5991
1.98 2.14764 -1.8611 -16.8924 17.0283
1.99 2.14917 -1.83052 -17.1056 17.2401
2 2.11503 -1.93423 -17.2403 17.3696
2.01 1.98729 -1.81615 -17.1634 17.2781
2.02 1.8698 -1.76707 -17.2369 17.338
2.03 1.84753 -1.77135 -17.3785 17.4765
2.04 1.84511 -1.95186 -17.6065 17.7029
2.05 1.82415 -1.94766 -17.8181 17.9112
2.06 1.75837 -1.97453 -17.8815 17.9677
2.07 1.72503 -1.81761 -17.3999 17.4852
2.08 1.52311 -0.832595 -10.8079 10.9147
2.09 1.37257 -0.903584 -8.69644 8.80409
2.1 2.17453 -3.6795 -27.9014 27.986
2.11 0.542084 -2.96525 -24.8769 24.8829
2.12 2.1752 -1.35935 -18.0091 18.14
2.13 2.77198 -1.12691 -13.9239 14.1971
2.14 2.26682 -1.72083 -14.0241 14.2061
2.15 2.46773 -2.39328 -13.3994 13.6247
2.16 2.19057 -2.2252 -11.7799 11.9818
2.17 1.41479 -1.99137 -10.9985 11.0892
2.18 0.571541 -1.28069 -9.39962 9.41698
2.19 0.127916 -0.955426 -7.75436 7.75541
2.2 -0.156759 -0.709944 -6.01611 6.01815
2.21 -0.301718 -0.447487 -4.47568 4.48583
2.22 -0.280543 -0.269427 -3.29833 3.31024
2.23 -0.278695 -0.102109 -2.17735 2.19512
2.24 -0.326709 -0.197269 -1.20376 1.24731
2.25 -0.35378 0.173768 -0.473752 0.59127
2.26 -0.418909 0.256333 -0.0356004 0.420419
2.27 -0.0730994 0.0511335 -0.0820701 0.109905
2.28 -0.0121823 0.0526521 0.0191549 0.0227006
2.29 0.0104254 0.0209701 0.00557266 0.0118213
2.3 -0.0176891 0.113809 -0.025623 0.0311358
2.31 -0.00853335 0.0318614 -0.0388748 0.0398004
2.32 0.00359637 -0.0417166 -0.02061 0.0209214
2.33 -0.00169779 -0.0341366 -0.0462143 0.0462455
2.34 -0.00191286 0.148759 -0.00609408 0.00638724
2.35 0.0104953 0.0612127 -0.0264953 0.0284983
2.36 0.00179387 0.159913 -0.0448145 0.0448504
2.37 -0.0120172 0.0702135 -0.0322136 0.0343822
2.38 -0.00399698 0.0339777 -0.0255866 0.0258969
2.39 0.00696496 0.0141778 -0.0326149 0.0333503
2.4 0.0127019 0.188936 -0.0514155 0.0529612
2.41 0.00645544 0.0545594 -0.00706867 0.00957281
2.42 0.00286354 0.0878026 -0.0123198 0.0126482
2.43 0.00158767 0.0618238 -0.0135222 0.0136151
2.44 0.00976238 0.0749281 -0.0517616 0.0526741
2.45 -0.0201714 0.0349276 -0.0391 0.0439966
2.46 0.00280161 0.118859 0.0320708 0.032193
2.47 0.00970442 -0.0186153 -0.0142795 0.017265
2.48 -0.00639037 0.195863 -0.0123492 0.0139047
2.49 -0.00112476 0.0327911 0.011626 0.0116803
2.5 -0.00552384 0.128276 0.00674857 0.00872101
2.51 -0.0159087 -0.034668 0.00577498 0.0169245
2.52 0.0156235 0.0134708 0.00654075 0.0169373
2.53 0.0083904 0.254055 0.026692 0.0279797
2.54 0.00136655 0.040179 -0.0393169 0.0393406
2.55 0.0139657 0.0679924 0.0253408 0.0289344
2.56 -0.000619736 -0.00854622 0.0128166 0.0128316
2.57 0.00315656 0.0519574 -0.00634157 0.00708374
2.58 0.00307062 0.0962894 0.013577 0.0139199
2.59 5.17857e-05 0.0713886 0.0072356 0.00723578
2.6 0.00473596 0.211838 0.0325143 0.0328574
2.61 0.00348916 0.0116257 -0.000382528 0.00351007
2.62 0.0155006 0.00900077 0.0182465 0.0239417
2.63 0.00877701 -0.0407488 0.0762798 0.0767831
2.64 -0.00421064 0.0210758 -0.0141004 0.0147157
2.65 0.00724622 0.0408814 0.0184675 0.0198383
2.66 0.00415678 0.0425198 0.0447345 0.0449272
2.67 0.0148737 0.151779 0.0582443 0.0601134
2.68 0.00692218 0.0987795 0.0450784 0.0456068
2.69 -0.00180314 0.0815604 0.0255881 0.0256516
2.7 0.00991712 0.101267 0.0124992 0.0159556
2.71 0.00833682 0.0400759 -0.0067751 0.0107426
2.72 -0.000253399 0.0407879 -0.00687313 0.0068778
2.73 0.0185557 0.0561407 0.0448438 0.0485312
2.74 -0.000292787 -0.03486 -0.000819602 0.000870328
2.75 0.0050333 0.12224 0.025311 0.0258066
2.76 0.00285967 0.0161222 0.0447143 0.0448056
2.77 0.0192749 0.0201606 0.0185813 0.0267729
2.78 -0.000664829 0.00977748 0.0446346 0.0446395
2.79 0.0028788 0.0567989 0.00583532 0.0065068
2.8 0.014238 0.0545096 0.0250508 0.0288143
2.81 -0.0171313 0.19853 0.0195276 0.0259771
2.82 0.00931827 0.209144 -0.0188481 0.0210257
2.83 -0.000976493 0.0411186 0.0132255 0.0132615
2.84 0.015701 0.031345 0.0508035 0.0531744
2.85 0.0180902 0.060923 0.0508483 0.0539704
2.86 0.0103752 0.128101 -0.0193177 0.0219275
2.87 0.0136047 0.126292 0.0253579 0.0287769
2.88 0.000465973 0.0404775 0.00645704 0.00647383
2.89 0.00957474 0.074688 -0.00653683 0.0115934
2.9 0.0107521 0.0876596 0.0580863 0.059073
2.91 -0.0053229 0.034996 -0.045645 0.0459543
2.92 0.00208274 0.0976861 -0.019621 0.0197312
2.93 -0.000453579 0.0449875 -0.0263315 0.0263355
2.94 0.00724109 0.036183 -0.000490669 0.0072577
2.95 0.0110086 0.00711611 -0.00124379 0.0110787
2.96 0.0094025 0.15959 0.0127488 0.015841
2.97 0.0099232 0.155329 -0.0131791 0.0164972
2.98 0.00916854 0.119242 0.0325125 0.0337806
2.99 0.00718316 0.12931 0.0391363 0.03979
3 0.00437179 -0.0470306 -0.00688791 0.00815818
3.01 -0.00134104 0.0412703 0.012308 0.0123808
3.02 0.00454595 -0.0920564 0.00548893 0.00712699
3.03 0.00550396 0.193022 0.00685062 0.00878776
3.04 -0.0164912 0.0819594 0.000216026 0.0164927
3.05 -0.000732115 0.0363158 0.0186755 0.0186898
3.06 0.000144866 0.00488834 -0.012888 0.0128888
3.07 0.00283721 0.0787229 0.0258903 0.0260453
3.08 0.000299559 -0.0619368 0.0114778 0.0114817
3.09 0.00629911 0.148231 0.0128667 0.0143259
3.1 0.00619986 0.112624 0.0323469 0.0329357
3.11 0.00923143 0.110948 0.00581006 0.0109076
3.12 0.00794885 0.0665141 0.0389057 0.0397094
3.13 -0.00771871 0.0405968 0.0255851 0.0267241
3.14 -0.00704824 0.161013 -0.0129751 0.0147659
3.15 -0.00818273 0.0277999 0.0126657 0.015079
3.16 0.00377364 0.0513781 0.0129201 0.01346
3.17 -0.000219456 0.0180701 0.0321232 0.0321239
3.18 0.00240133 0.0922423 0.0127642 0.0129882
3.19 0.0023998 0.15494 0.0452615 0.0453251
3.2 0.00023858 0.0449046 0.000306318 0.000388266
3.21 0.00463082 0.122671 -0.0262277 0.0266334
3.22 -0.00129448 0.0947499 0.00605005 0.00618699
3.23 0.017784 0.065216 -0.00689426 0.0190736
3.24 0.0184005 0.0739243 0.0126061 0.0223045
3.25 -0.000835842 0.0546413 -5.67287e-05 0.000837765
3.26 0.00636101 0.081325 -0.0197226 0.020723
3.27 0.0108724 -0.00170782 0.0309942 0.0328459
3.28 -0.00141186 0.0679902 -0.00647525 0.00662738
3.29 -0.00751081 0.00494144 0.0446005 0.0452285
3.3 0.00675269 0.103244 0.0391982 0.0397756
3.31 0.015361 -0.0221201 0.037746 0.0407519
3.32 0.0154795 0.0354677 -0.0451172 0.0476989
3.33 0.00651242 0.201171 0.0653555 0.0656792
3.34 0.0108565 0.00273281 0.0248816 0.027147
3.35 -0.000450925 0.0764109 0.0128986 0.0129065
3.36 0.000210453 -0.0491696 -0.00672191 0.0067252
3.37 0.00630369 0.116938 0.0447381 0.0451801
3.38 -0.000777352 0.068031 -0.00636337 0.00641068
3.39 0.00607133 0.0591722 0.0193275 0.0202587
3.4 0.0187404 0.0340641 0.0120197 0.0222638
3.41 -0.00213525 0.238018 0.000676558 0.00223987
3.42 -0.0241732 0.0864852 0.0128047 0.0273552
3.43 0.0125098 -0.0433157 0.0319433 0.0343055
3.44 0.00246084 0.154815 0.0132176 0.0134447
3.45 -0.000434215 0.120992 0.0520273 0.0520291
3.46 0.00633512 0.108076 0.0318248 0.0324492
3.47 0.00749529 0.0538462 0.0385222 0.0392446
3.48 0.0101714 0.14157 0.0451711 0.0463021
3.49 0.0115454 0.0381694 -0.0134233 0.0177054
3.5 0.015228 0.058315 0.0318713 0.0353224
3.51 -0.00888003 0.0907619 0.0257035 0.0271942
3.52 0.00530962 0.157617 0.0257195 0.0262618
3.53 0.0180325 0.0478746 -0.0204927 0.027297
3.54 0.00357515 0.0698867 0.0187176 0.019056
3.55 0.0102415 0.101678 0.0191375 0.0217056
3.56 0.00648786 0.0722411 -0.00688349 0.00945911
3.57 0.0152745 0.0891549 0.031955 0.035418
3.58 -0.00512351 0.0749384 -0.0193045 0.0199729
3.59 0.000914116 0.12474 -0.00661866 0.00668148
3.6 -0.000381087 0.0363583 0.0131204 0.013126
3.61 0.00231522 0.0658887 0.0127028 0.0129121
3.62 -0.000824878 -0.0571104 -0.0267781 0.0267908
3.63 0.00658481 0.157033 0.0389637 0.0395162
3.64 0.0124732 -0.132316 -0.0139965 0.0187479
3.65 -0.000188943 0.0852581 0.0451306 0.045131
3.66 -0.000805824 0.0765696 0.000488483 0.00094232
3.67 0.00151873 0.173538 0.0129311 0.01302
3.68 0.0070493 0.00956148 0.0639494 0.0643367
3.69 -0.00208103 0.179747 0.0262654 0.0263477
3.7 0.00944427 0.128056 0.044961 0.0459422
3.71 -0.00386981 0.0473528 0.032303 0.032534
3.72 0.0130898 0.264749 0.0195732 0.0235468
3.73 -0.00950057 0.0237646 0.0063803 0.0114442
3.74 0.00880312 0.13813 0.0058162 0.010551
3.75 0.00326844 0.105765 0.0325197 0.0326835
3.76 0.0062355 0.232737 0.039237 0.0397293
3.77 0.00226307 0.00394866 -0.0205471 0.0206713
3.78 -0.000227377 0.0135142 0.0706212 0.0706216
3.79 -0.00470816 0.0836009 0.0389473 0.0392309
3.8 0.0100938 0.0878453 0.0127122 0.0162322
3.81 0.0072335 0.0448182 0.0576856 0.0581373
3.82 0.0150164 0.0356618 0.0381742 0.0410215
3.83 -0.0164869 0.1308 0.0260556 0.0308336
3.84 -0.00895624 0.0994115 0.0196803 0.0216224
3.85 -0.00439107 0.038603 -0.0128389 0.0135691
3.86 0.0205423 0.126348 0.0310719 0.0372485
3.87 -0.00528888 0.114871 0.0323707 0.0327999
3.88 -0.0125729 0.0703067 0.0192663 0.0230058
3.89 0.0196094 -0.0696774 0.0117213 0.0228455
3.9 0.0184151 0.052047 0.0572504 0.0601392
3.91 0.0146557 0.0271987 0.0125099 0.0192688
3.92 0.0189612 0.0783682 0.00633482 0.0199914
3.93 0.0105365 0.0389666 0.00595563 0.0121032
3.94 0.00542801 0.153607 -0.000352402 0.00543944
3.95 0.00990021 0.0791642 -0.00671195 0.011961
3.96 0.00596191 0.103711 0.0191249 0.0200326
3.97 0.00210061 0.05695 -0.0317921 0.0318614
3.98 0.0179505 0.0742855 -0.000415395 0.0179553
3.99 0.0113603 0.0563226 0.0250998 0.027551
4 0.00536395 0.121986 0.0449673 0.0452861
4.01 -0.000104058 -0.00825707 0.0184514 0.0184517
4.02 -0.0134877 0.124653 -0.00613177 0.0148161
4.03 6.05793e-05 -0.106822 -0.0139671 0.0139672
4.04 0.000267452 0.0363464 0.018593 0.018595
4.05 0.00946856 0.164003 0.0259135 0.0275892
4.06 0.00546425 0.126823 -0.0131133 0.0142062
4.07 0.0111724 0.0336237 0.0252709 0.0276304
4.08 0.00979242 0.105943 0.0255556 0.0273675
4.09 0.0138374 0.0946554 0.0314256 0.0343372
4.1 -0.000369018 0.0763829 0.0321784 0.0321805
4.11 0.0103689 0.0833071 0.0317379 0.0333887
4.12 -0.00990886 0.220599 0.0458783 0.0469362
4.13 0.0026813 0.0124686 -0.0197533 0.0199344
4.14 -0.0022655 -0.154304 0.0115505 0.0117705
4.15 0.00670588 0.0140946 0.00586599 0.00890947
4.16 0.0165693 0.177556 -0.0129251 0.0210143
4.17 0.00744933 0.0137189 0.0382029 0.0389225
4.18 0.00346764 0.00726392 0.0316447 0.0318341
4.19 0.0176619 0.088105 0.0508551 0.0538348
4.2 0.00344935 0.0253799 0.0250164 0.0252531
4.21 0.00668663 0.0988313 0.0260335 0.0268785
4.22 0.00922264 0.0705806 0.00583161 0.0109117
4.23 0.0100192 0.0881641 0.0382835 0.0395728
4.24 -0.000822733 0.041256 -0.0132599 0.0132854
4.25 -0.00429786 0.16786 0.0459518 0.0461524
4.26 0.010327 0.11468 0.0257786 0.0277702
4.27 0.0138294 0.0810123 -0.00684579 0.015431
4.28 0.00810456 -0.0537211 0.0310097 0.0320513
4.29 0.00628778 0.121379 0.0386255 0.039134
4.3 -0.00684554 0.12066 -0.0129155 0.0146175
4.31 0.00152263 0.106594 -0.0199269 0.019985
4.32 0.00746106 0.053763 0.0321199 0.0329751
4.33 -0.000454721 0.0632207 0.0517928 0.0517948
4.34 0.00934024 0.203876 0.0265355 0.0281313
4.35 0.00563092 0.206578 0.0133487 0.0144877
4.36 0.0106227 -0.0148141 0.0120539 0.0160667
4.37 0.00549344 0.202322 -0.00655923 0.00855578
4.38 0.00715733 0.0855366 0.0444476 0.0450202
4.39 0.0211669 0.0635632 -0.0138458 0.0252931
4.4 0.00994207 0.150566 -0.013128 0.0164678
4.41 0.014686 0.151881 0.0258214 0.0297057
4.42 0.000811928 -0.000209472 0.0451423 0.0451496
4.43 0.0117314 0.0291028 0.0248249 0.0274573
4.44 0.00758724 0.0182968 0.00560247 0.00943154
4.45 -0.00385733 0.181146 -0.0319531 0.0321851
4.46 0.00491001 0.00646171 0.0511273 0.0513625
4.47 0.00892029 -0.0275295 0.031795 0.0330226
4.48 0.00226566 0.0835986 -0.00638935 0.00677916
4.49 0.00229877 0.190843 -0.0131167 0.0133166
4.5 -0.0027878 -0.109643 -0.00133035 0.00308895
4.51 0.0028788 0.0567989 0.00583532 0.0065068
4.52 0.00919626 0.200125 0.019865 0.0218904
4.53 0.0149063 0.0188026 0.0182278 0.0235468
4.54 0.00254516 0.0479476 -0.00688375 0.0073392
4.55 0.00586823 0.0863347 -0.000407912 0.00588239
4.56 -0.00524689 0.106139 0.0319915 0.0324189
4.57 0.00571087 0.130824 0.0127674 0.0139865
4.58 0.0037087 -0.00662519 0.0188908 0.0192514
4.59 0.00672263 0.138971 0.0127043 0.0143733
4.6 0.0136018 0.0947072 0.0123807 0.0183927
4.61 0.00294796 0.0384099 -0.00697589 0.00757321
4.62 0.00295962 0.100933 0.00685298 0.00746476
4.63 0.00342372 0.0655029 0.0448455 0.044976
4.64 0.00690594 0.0900289 0.0192876 0.0204866
4.65 -0.00156288 0.189 0.0260748 0.0261216
4.66 -0.00655246 0.17832 -0.0446899 0.0451677
4.67 0.0226756 0.0313423 0.0054668 0.0233253
4.68 -0.000362217 0.0315946 0.0131715 0.0131765
4.69 0.0069822 0.0494718 0.00627447 0.00938723
4.7 0.0231843 0.0668297 0.0572353 0.0617527
4.71 0.0069744 0.0901951 0.0320923 0.0328414
4.72 -0.00533796 0.177841 0.02574 0.0262877
4.73 -0.0156029 0.018714 0.0124302 0.0199489
4.74 0.0112161 0.100637 0.0196092 0.0225903
4.75 -0.000410114 0.0409735 0.0256738 0.025677
4.76 -0.00988799 0.198398 0.0258936 0.0277174
4.77 0.000243747 0.0269632 0.0256006 0.0256017
4.78 0.00710761 0.103085 0.051609 0.0520961
4.79 0.00597162 0.0680286 -0.00681677 0.00906249
4.8 -0.00110367 0.0368306 0.0321072 0.0321262
4.81 0.00970489 0.190675 0.00666543 0.0117734
4.82 0.00994068 0.133129 0.0254061 0.0272817
4.83 -0.00255193 0.109145 -0.00666644 0.00713819
4.84 0.00999851 0.0878868 0.0383538 0.0396356
4.85 -0.0221735 0.205541 0.0133799 0.0258976
4.86 -0.00374177 -0.0376197 -0.00703346 0.00796684
4.87 0.00783249 0.0757268 0.0386032 0.0393898
4.88 -0.00402168 0.00713811 0.0450936 0.0452726
4.89 0.00311528 -0.0193025 -0.00103989 0.00328426
4.9 0.00847268 -0.0314146 0.0184128 0.0202686
4.91 0.00455914 0.0103621 0.0258423 0.0262414
4.92 -0.0143587 0.200714 0.000631564 0.0143726
4.93 0.00771908 -0.0126326 0.0242986 0.0254953
