0 -0.00973276 -0.0564796 -0.0389485 0.0401461
0.01 -0.0130415 -0.0683369 -0.0772447 0.0783379
0.02 -0.00979228 -0.119052 -0.0394019 0.0406005
0.03 -0.0230219 -0.164136 -0.0266181 0.0351928
0.04 -0.0138239 -0.098349 -0.0910672 0.0921105
0.05 -0.00902216 -0.016862 -0.0578834 0.0585824
0.06 -0.00710823 -0.187304 -0.0136177 0.0153613
0.07 -0.00446519 -0.152912 -0.0718835 0.072022
0.08 -0.00763857 -0.111168 -0.0511966 0.0517633
0.09 -0.0194182 -0.144124 -0.0329154 0.0382164
0.1 -0.0271584 -0.116976 -0.0520775 0.0587337
0.11 -0.0123611 -0.121675 -0.0390609 0.0409701
0.12 -0.00571027 -0.00516675 -0.0519024 0.0522155
0.13 -0.00781822 -0.120063 -0.0390095 0.0397852
0.14 -0.00721167 -0.0981315 -0.0386205 0.039288
0.15 -0.0119654 -0.0864045 -0.0452866 0.0468406
0.16 0.000247172 -0.142554 -0.0714153 0.0714157
0.17 -0.0129745 -0.107905 -0.0972143 0.0980763
0.18 -0.0234299 -0.128506 -0.0320231 0.0396792
0.19 -0.0177846 0.0819628 -0.0441587 0.0476055
0.2 -0.00489968 -0.0996581 -0.0522352 0.0524645
0.21 -0.0120598 -0.139773 -0.0519043 0.0532869
0.22 -0.0240809 -0.0879536 -0.0774194 0.0810781
0.23 -0.0312956 -0.10597 -0.0383669 0.049512
0.24 -0.0275209 -0.121353 -0.0511288 0.0580651
0.25 -0.0150235 -0.0936277 -0.0319336 0.0352911
0.26 -0.0254958 -0.305404 -0.0528837 0.0587088
0.27 -0.0202224 -0.0994611 -0.0514656 0.0552961
0.28 -0.0129004 -0.112489 -0.0394396 0.0414958
0.29 -0.0160579 -0.16835 -0.0525351 0.0549345
0.3 -0.0154074 -0.0888538 -0.0317904 0.0353273
0.31 -0.013377 -0.0985483 -0.0457306 0.047647
0.32 -0.0117568 -0.117975 -0.0582257 0.0594008
0.33 0.0036798 -0.0203649 -0.070705 0.0708007
0.34 -0.0337947 -0.207135 -0.0196642 0.0390994
0.35 0.00218444 -0.0857483 -0.065232 0.0652685
0.36 -0.00147658 -0.0792343 -0.0712453 0.0712606
0.37 -0.0306474 -0.208736 -0.0456606 0.0549923
0.38 -0.0159211 -0.0971516 -0.0583373 0.0604708
0.39 -0.00531403 -0.116793 -0.0777758 0.0779571
0.4 0.00218424 -0.0056142 -0.0712663 0.0712998
0.41 -0.0168965 -0.0746079 -0.0455891 0.0486195
0.42 0.0021367 -0.0856372 -0.078107 0.0781362
0.43 -0.0113398 -0.149371 -0.0388121 0.0404348
0.44 0.00043821 -0.120359 -0.0262533 0.0262569
0.45 -0.0150549 -0.164719 -0.0643775 0.0661144
0.46 -0.0116591 -0.144903 -0.0778887 0.0787565
0.47 -0.00976459 -0.0608091 -0.0457109 0.0467422
0.48 -0.00913811 0.00554191 -0.0385101 0.0395795
0.49 -0.015211 -0.164392 -0.0329449 0.036287
0.5 -0.0153852 -0.151274 -0.064358 0.0661714
0.51 -0.016552 -0.234983 -0.0850366 0.0866325
0.52 -0.0268277 -0.11723 -0.0324206 0.0420811
0.53 -0.012677 -0.0590595 -0.0772003 0.0782343
0.54 -0.0203294 -0.116824 -0.0260801 0.0330675
0.55 -0.00708455 -0.18735 -0.0197495 0.0209818
0.56 -0.0116864 -0.144676 -0.064581 0.0656299
0.57 -0.003642 -0.171548 -0.0398229 0.0399891
0.58 -0.0152925 -0.253947 -0.0201736 0.0253147
0.59 -0.010208 -0.310705 -0.0850723 0.0856825
0.6 -0.0162549 -0.119375 -0.0393406 0.0425665
0.61 -0.00763964 -0.196202 -0.0461552 0.0467832
0.62 -0.0124504 0.00295348 0.00713838 0.0143516
0.63 -0.0128161 -0.0232576 -0.0582724 0.0596651
0.64 -0.00389644 -0.166732 -0.0589195 0.0590482
0.65 -0.00137929 -0.0035492 -0.0770283 0.0770406
0.66 -0.00978804 -0.0247518 -0.0776334 0.078248
0.67 -0.0311034 -0.146291 -0.077095 0.0831328
0.68 -0.00432851 -0.104514 -0.0450935 0.0453008
0.69 -0.0136361 -0.107719 -0.084021 0.0851203
0.7 -0.0193561 -0.144228 -0.0900985 0.0921542
0.71 -0.0137208 -0.0849085 -0.0521838 0.0539575
0.72 -0.00083165 -0.124344 -0.0459197 0.0459272
0.73 -0.000893845 -0.0479891 -0.0393472 0.0393574
0.74 -0.0120042 -0.135489 -0.0512731 0.0526596
0.75 -0.0123573 -0.072634 -0.089754 0.0906007
0.76 -0.0119096 -0.162094 -0.0648753 0.0659594
0.77 -0.0123489 -0.0684394 -0.0254676 0.0283036
0.78 -0.0234202 -0.115025 -0.0260661 0.0350421
0.79 -0.0234999 -0.141843 -0.0896427 0.0926718
0.8 -0.00406374 -0.0958094 -0.0703177 0.0704351
0.81 -0.0115474 -0.121886 -0.0524867 0.0537419
0.82 -0.00818245 -0.141555 -0.0520357 0.0526751
0.83 -0.0135923 -0.031457 -0.0391644 0.041456
0.84 -0.0199772 -0.135195 -0.058363 0.0616873
0.85 -0.00366307 -0.126526 -0.0775689 0.0776554
0.86 0.00659186 -0.0929611 -0.0329432 0.0335962
0.87 -0.00739512 -0.142515 -0.0588477 0.0593105
0.88 -0.0243802 -0.136798 -0.0388659 0.0458798
0.89 -0.0156502 -0.133275 -0.0522882 0.0545801
0.9 -0.00325759 -0.060255 -0.0519743 0.0520763
0.91 -0.00793979 -0.115549 -0.0582676 0.0588061
0.92 -0.0228122 -0.218326 -0.0583573 0.0626575
0.93 -0.023612 -0.0704388 -0.0706847 0.0745242
0.94 0.00643467 -0.128265 -0.091378 0.0916043
0.95 -0.00219806 -0.0295789 -0.045501 0.045554
0.96 -0.00480559 -0.139615 -0.0592596 0.0594541
0.97 -0.0110778 -0.243117 -0.045602 0.0469282
0.98 -0.0126092 -0.0948853 -0.0514799 0.0530016
0.99 -0.0156131 -0.057606 -0.0249129 0.029401
1 -0.0207619 -0.0677969 -0.0319299 0.0380864
1.01 -0.0138625 -0.0673192 -0.0779488 0.0791719
1.02 0.0147084 -0.0932662 -0.0397349 0.0423698
1.03 -0.00863701 -0.0525868 -0.0452323 0.0460495
1.04 -0.00364381 -0.140738 -0.0515029 0.0516317
1.05 -0.0203366 -0.0946558 -0.0258751 0.0329105
1.06 -0.012527 -0.0947522 -0.0584555 0.0597827
1.07 -0.0115026 -0.202905 -0.0582339 0.0593591
1.08 -0.000863051 -0.102272 -0.0384685 0.0384782
1.09 -0.0266451 -0.12187 -0.0452063 0.0524745
1.1 -0.0112055 -0.157822 -0.0587721 0.0598307
1.11 -0.0116682 -0.130884 -0.038914 0.0406257
1.12 -0.00320118 -0.202828 -0.0527948 0.0528917
1.13 -0.0150766 -0.0889471 -0.0383871 0.0412416
1.14 -0.0114001 -0.122522 -0.0450612 0.0464809
1.15 -0.0111606 -0.189517 -0.0588736 0.0599221
1.16 -0.00739334 -0.169542 -0.0517548 0.0522802
1.17 -0.0164552 -0.0700569 -0.0452231 0.0481238
1.18 -0.009803 -0.0164075 -0.0643089 0.0650518
1.19 -0.0237661 -0.119758 -0.0509593 0.0562288
1.2 -0.0109065 -0.149034 -0.0775939 0.0783567
1.21 -0.0215781 0.00880489 -0.0702291 0.0734694
1.22 -0.015295 -0.124287 -0.038525 0.0414501
1.23 -0.0195512 -0.112851 -0.0706868 0.0733408
1.24 -0.0171945 -0.02066 -0.103115 0.104538
1.25 -0.0265112 -0.278354 -0.0652549 0.0704347
1.26 -0.0125434 -0.148782 -0.0715668 0.0726577
1.27 0.000638417 -0.178764 -0.0971402 0.0971423
1.28 -0.0171525 -0.109688 -0.0712065 0.0732432
1.29 -0.00937666 -0.0167229 -0.045155 0.0461183
1.3 -0.0267216 -0.229185 -0.058533 0.0643441
1.31 -0.0163818 -0.110291 -0.0521772 0.0546884
1.32 -0.00372609 -0.122175 -0.0200257 0.0203694
1.33 -0.00348026 -0.153986 -0.032624 0.0328091
1.34 -0.00820837 -0.146531 -0.0709212 0.0713946
1.35 -0.0101998 -0.091593 -0.0394654 0.0407622
1.36 -0.011154 -0.225038 -0.0525014 0.0536732
1.37 -0.00819399 -0.110914 -0.0259721 0.027234
1.38 -0.0157483 -0.142178 -0.0459623 0.0485854
1.39 -0.0220085 -0.0623794 -0.0837424 0.0865862
1.4 -0.0171727 -0.0741345 -0.057799 0.0602961
1.41 -0.00543987 0.0214276 -0.0384945 0.038877
1.42 -0.000326101 -0.0977819 -0.0386055 0.0386069
1.43 -0.0162336 -0.0925345 -0.0514509 0.0539511
1.44 -0.0117426 -0.130404 -0.0395963 0.0413008
1.45 -0.00322103 -0.154083 -0.0197109 0.0199723
1.46 -0.00865788 -0.0435963 -0.0197848 0.0215962
1.47 -0.00178909 -0.087828 -0.0588961 0.0589232
1.48 -0.0257375 -0.0334115 -0.0837604 0.0876255
1.49 -0.0158285 -0.159749 -0.0590231 0.0611087
1.5 -0.00480496 -0.0904122 -0.0776381 0.0777867
1.51 -0.0234544 -0.115108 -0.0324685 0.0400539
1.52 -0.0124049 -0.0953433 -0.0448982 0.0465804
1.53 -0.00987363 -0.0698217 -0.0770578 0.0776878
1.54 -0.0149313 -0.241219 -0.0778553 0.0792741
1.55 -0.0115865 -0.176011 -0.0583512 0.0594904
1.56 -0.0197729 -0.113013 -0.0581199 0.0613912
1.57 -0.0166482 -0.0880254 -0.0648859 0.0669876
1.58 -0.0119078 -0.202332 -0.0523196 0.0536575
1.59 -0.00467269 -0.104066 -0.0712231 0.0713762
1.6 -0.01156 -0.135043 -0.0523821 0.0536425
1.61 -0.00183643 -0.0745258 -0.0520953 0.0521276
1.62 -0.00974407 0.0196022 -0.0518155 0.0527237
1.63 -0.016008 -0.0793629 -0.0515167 0.0539465
1.64 -0.0176667 -0.0608137 -0.0449426 0.0482903
1.65 -0.00721786 -0.129373 -0.0706747 0.0710424
1.66 -0.0122718 -0.175778 -0.039026 0.04091
1.67 -0.0113758 -0.202721 -0.0200201 0.0230263
1.68 -0.0148419 -0.14745 -0.0514795 0.0535763
1.69 -0.0204165 0.00373843 -0.0316324 0.0376489
1.7 -0.0146467 -0.227053 -0.0458187 0.0481028
1.71 -0.00420434 -0.0199497 -0.012554 0.0132393
1.72 0.0135757 -0.106187 -0.0591685 0.060706
1.73 -0.00813251 -0.0884186 -0.0392159 0.0400503
1.74 -0.0229812 -0.128707 -0.0452546 0.0507554
1.75 -0.00454353 -0.117557 -0.0324929 0.032809
1.76 -0.0179876 -0.073602 -0.0968797 0.0985355
1.77 -0.0211625 -0.0356409 -0.0716057 0.0746675
1.78 -0.00916445 -0.106131 -0.0393218 0.0403756
1.79 0.00286693 -0.117565 -0.0975343 0.0975764
1.8 -0.0129875 0.00807334 -0.0449919 0.0468289
1.81 -0.0114731 -0.162261 -0.0583264 0.0594441
1.82 -0.00483119 -0.0862811 -0.0448927 0.0451519
1.83 -0.01593 -0.150891 -0.0265993 0.0310047
1.84 -0.00589253 -0.0899297 -0.0584595 0.0587557
1.85 -0.0051167 -0.0722818 -0.103582 0.103708
1.86 -0.00905176 -0.00295926 -0.0450921 0.0459916
1.87 -0.00493924 -0.081961 -0.0576782 0.0578893
1.88 -0.00446077 -0.0814318 -0.0523849 0.0525745
1.89 -0.0170801 -0.0965123 -0.0459019 0.0489766
1.9 0.0100378 -0.019012 -0.0520794 0.0530379
1.91 -0.00323268 -0.135295 -0.109415 0.109463
1.92 -0.0381248 -0.0672709 -0.262283 0.265039
1.93 -0.0974374 0.0123864 -0.586911 0.594945
1.94 -0.151551 -0.165335 -0.946956 0.959007
1.95 -0.166009 -0.0451859 -0.966676 0.980827
1.96 -0.123719 -0.112068 -0.853487 0.862407
1.97 -0.0834037 -0.107575 -0.6682 0.673385
1.98 -0.0644135 -0.0447693 -0.526059 0.529988
1.99 -0.0671649 -0.190464 -0.565527 0.569502
2 -0.0847783 -0.0492537 -0.673462 0.678777
2.01 -0.0982979 -0.187428 -0.853873 0.859512
2.02 -0.110226 -0.0802366 -1.04045 1.04627
2.03 -0.119612 -0.0511651 -1.21582 1.22169
2.04 -0.0930338 -0.160871 -1.38564 1.38876
2.05 -0.0738229 -0.226236 -1.43945 1.44134
2.06 -0.0355489 -0.276633 -1.47348 1.47391
2.07 -0.00395495 -0.0466253 -1.49889 1.4989
2.08 0.0283621 -0.178761 -1.54537 1.54563
2.09 0.0401074 -0.337602 -1.63065 1.63114
2.1 0.0689543 -0.252333 -1.72226 1.72364
2.11 0.0615305 -0.341683 -1.84613 1.84716
2.12 0.0944222 -0.232013 -1.91743 1.91975
2.13 0.105635 -0.288012 -1.99487 1.99766
2.14 0.112827 -0.252836 -2.01381 2.01697
2.15 0.152091 -0.271568 -2.09888 2.10438
2.16 0.123814 -0.245274 -2.22056 2.22401
2.17 0.135481 -0.296414 -2.39506 2.39889
2.18 0.127347 -0.241639 -2.5106 2.51382
2.19 0.119259 -0.338772 -2.6339 2.6366
2.2 0.127293 -0.352221 -2.70478 2.70778
2.21 0.114366 -0.268061 -2.78216 2.7845
2.22 0.134814 -0.369541 -2.91182 2.91494
2.23 0.141773 -0.431382 -3.06771 3.07098
2.24 0.137855 -0.415504 -3.11983 3.12287
2.25 0.14053 -0.331512 -3.41669 3.41958
2.26 0.154061 -0.365508 -3.63036 3.63363
2.27 0.167571 -0.41487 -3.6567 3.66054
2.28 0.174547 -0.468483 -3.65776 3.66192
2.29 0.212633 -0.340117 -3.68442 3.69055
2.3 0.257955 -0.431397 -3.7243 3.73322
2.31 0.266973 -0.406062 -3.64055 3.65033
2.32 0.272325 -0.443702 -4.04125 4.05042
2.33 0.272428 -0.300221 -4.20721 4.21603
2.34 0.272237 -0.42519 -4.24 4.24873
2.35 0.305825 -0.441056 -4.27424 4.28517
2.36 0.325064 -0.448318 -4.33324 4.34542
2.37 0.35491 -0.386956 -4.37279 4.38717
2.38 0.356382 -0.515835 -4.7558 4.76913
2.39 0.384032 -0.595704 -4.80765 4.82296
2.4 0.421777 -0.45859 -4.79467 4.81319
2.41 0.474082 -0.458702 -4.9129 4.93572
2.42 0.518113 -0.480541 -5.09518 5.12145
2.43 0.512528 -0.476509 -5.29575 5.3205
2.44 0.510372 -0.452881 -5.47607 5.4998
2.45 0.495092 -0.456175 -5.55233 5.57436
2.46 0.48196 -0.487322 -5.72011 5.74038
2.47 0.489901 -0.593694 -5.94035 5.96052
2.48 0.499482 -0.577278 -6.14756 6.16782
2.49 0.528689 -0.598989 -6.34985 6.37182
2.5 0.542873 -0.652474 -6.4286 6.45148
2.51 0.550065 -0.554489 -6.62371 6.64651
2.52 0.61076 -0.676546 -6.71745 6.74516
2.53 0.616923 -0.605331 -6.84045 6.86822
2.54 0.684471 -0.700578 -6.92748 6.96121
2.55 0.735327 -0.731944 -7.1302 7.16801
2.56 0.773586 -0.750373 -7.3399 7.38056
2.57 0.831954 -0.85332 -7.58887 7.63434
2.58 0.876464 -0.83577 -7.75909 7.80844
2.59 0.942124 -0.902901 -7.84446 7.90084
2.6 0.960329 -0.906352 -7.9155 7.97354
2.61 0.996206 -0.771521 -8.0645 8.12579
2.62 1.02526 -0.870004 -8.16815 8.23224
2.63 1.02463 -0.846895 -8.28999 8.35308
2.64 0.993103 -0.738298 -8.3194 8.37847
2.65 0.958414 -0.824007 -8.38913 8.4437
2.66 0.945645 -0.803053 -8.47904 8.53161
2.67 0.977837 -0.746859 -8.65519 8.71025
2.68 1.06932 -0.923487 -8.90497 8.96895
2.69 1.14698 -0.824898 -9.05121 9.12359
2.7 1.25251 -0.836675 -9.14565 9.23102
2.71 1.34653 -0.984049 -9.12407 9.2229
2.72 1.39794 -1.03329 -9.32066 9.42491
2.73 1.40015 -0.948863 -9.59257 9.69422
2.74 1.39377 -1.19261 -9.96231 10.0593
2.75 1.37235 -1.20987 -10.2669 10.3582
2.76 1.36931 -1.26115 -10.4418 10.5312
2.77 1.38067 -1.25035 -10.4992 10.5895
2.78 1.3807 -1.35793 -10.5065 10.5968
2.79 1.39926 -1.36918 -10.6888 10.78
2.8 1.4447 -1.28995 -10.924 11.0191
2.81 1.49304 -1.427 -11.1083 11.2082
2.82 1.57042 -1.46174 -11.1303 11.2405
2.83 1.6145 -1.41798 -11.2601 11.3753
2.84 1.64681 -1.39315 -11.4498 11.5676
2.85 1.72066 -1.41115 -11.7645 11.8897
2.86 1.77219 -1.59891 -12.1509 12.2794
2.87 1.83659 -1.69191 -12.3169 12.4531
2.88 1.89131 -1.61038 -12.3631 12.507
2.89 1.90874 -1.65225 -12.4337 12.5794
2.9 1.87158 -1.61982 -12.6192 12.7572
2.91 1.83446 -1.64102 -12.8047 12.9354
2.92 1.85252 -1.64754 -12.9791 13.1106
2.93 1.87664 -1.64435 -13.0117 13.1463
2.94 1.88128 -1.60335 -12.9771 13.1128
2.95 1.86756 -1.62611 -12.949 13.083
2.96 1.82169 -1.4459 -13.0096 13.1365
2.97 1.82137 -1.56448 -13.3004 13.4245
2.98 1.80201 -1.46689 -13.5574 13.6767
2.99 1.76436 -1.52696 -13.6974 13.8106
3 1.64515 -1.34182 -13.6774 13.776
3.01 1.56511 -1.34527 -13.7444 13.8333
3.02 1.51762 -1.17738 -13.8964 13.979
3.03 1.56921 -1.41374 -14.1385 14.2253
3.04 1.72152 -1.49467 -14.2734 14.3768
3.05 1.81966 -1.43006 -14.3408 14.4558
3.06 1.84282 -1.31915 -14.3783 14.4959
3.07 1.74668 -1.45976 -14.5696 14.674
3.08 1.58703 -1.41707 -14.8241 14.9088
3.09 1.50015 -1.31054 -15.1078 15.1821
3.1 1.51181 -1.72864 -15.273 15.3476
3.11 1.60957 -1.61128 -15.1663 15.2515
3.12 1.68076 -1.6298 -15.1634 15.2563
3.13 1.72735 -1.58766 -15.2744 15.3718
3.14 1.75708 -1.61514 -15.5659 15.6648
3.15 1.79418 -1.66047 -15.8263 15.9277
3.16 1.82092 -1.6463 -15.8069 15.9114
3.17 1.78283 -1.57888 -15.6815 15.7825
3.18 1.696 -1.51144 -15.6196 15.7114
3.19 1.62351 -1.48442 -15.6662 15.7501
3.2 1.62888 -1.42997 -15.8473 15.9308
3.21 1.7419 -1.62108 -16.0531 16.1473
3.22 1.90812 -1.54951 -16.1948 16.3068
3.23 1.92526 -1.65299 -16.2028 16.3168
3.24 1.83783 -1.6829 -16.1414 16.2457
3.25 1.64397 -1.59829 -16.2496 16.3325
3.26 1.55027 -1.55821 -16.4607 16.5335
3.27 1.6351 -1.71773 -16.7712 16.8507
3.28 1.88916 -1.76867 -16.9369 17.042
3.29 2.07455 -1.81675 -16.8208 16.9483
3.3 2.1282 -1.77393 -16.6008 16.7366
3.31 2.05178 -1.65981 -16.4587 16.5861
3.32 1.86717 -1.63917 -16.6252 16.7297
3.33 1.75137 -1.65665 -16.896 16.9865
3.34 1.77654 -1.81102 -17.147 17.2388
3.35 1.87514 -1.88075 -17.0944 17.1969
3.36 1.9673 -1.79997 -16.8044 16.9192
3.37 1.9184 -1.69758 -16.8788 16.9875
3.38 1.8762 -1.76395 -17.1686 17.2708
3.39 1.8979 -1.84874 -17.415 17.5181
3.4 1.91615 -1.85169 -17.3637 17.4691
3.41 1.83246 -1.80558 -17.1664 17.264
3.42 1.75048 -1.7998 -17.1826 17.2715
3.43 1.71166 -1.78904 -17.5048 17.5883
3.44 1.78617 -1.82777 -17.8899 17.9788
3.45 1.96911 -1.85364 -18.0436 18.1508
3.46 2.05194 -1.8123 -17.877 17.9943
3.47 2.06162 -1.76136 -17.4796 17.6008
3.48 1.91376 -1.63956 -17.4736 17.5781
3.49 1.78502 -1.68089 -17.8149 17.9041
3.5 1.81856 -1.7872 -18.338 18.4279
3.51 1.97107 -1.5179 -15.9771 16.0982
3.52 1.88826 -0.330795 -9.33592 9.52496
3.53 1.76577 -0.543494 -11.0459 11.1862
3.54 0.803328 -2.75986 -26.1785 26.1908
3.55 1.77325 -1.67708 -21.6035 21.6761
3.56 2.83692 -0.936368 -15.0651 15.3299
3.57 2.11319 -1.45563 -13.3681 13.5341
3.58 2.03997 -1.92961 -13.3116 13.467
3.59 1.78266 -2.46595 -12.5427 12.6687
3.6 1.51305 -2.4166 -10.9193 11.0236
3.61 1.36001 -2.07303 -9.62397 9.71959
3.62 1.58591 -1.56793 -8.3897 8.53828
3.63 2.06242 -1.60558 -7.03757 7.33355
3.64 2.37855 -1.49276 -6.14517 6.58943
3.65 2.36386 -1.60278 -5.73278 6.20102
3.66 2.07651 -1.28941 -5.30336 5.6954
3.67 1.5283 -1.12766 -4.79334 5.03109
3.68 0.983138 -0.88467 -3.63366 3.76431
3.69 0.602529 -0.534988 -2.31396 2.39111
3.7 0.41278 -0.272127 -1.32489 1.3877
3.71 0.259456 -0.311789 -0.607176 0.660288
3.72 0.180589 -0.143949 -0.154455 0.237632
3.73 0.110376 -0.169211 0.127214 0.168423
3.74 0.0432309 -0.0556408 0.1563 0.162168
3.75 0.0410853 -0.0580748 0.130462 0.136778
3.76 -0.00653271 -0.0759525 -0.0781672 0.0784398
3.77 -0.0063262 -0.0808179 -0.0456926 0.0461285
3.78 -0.00595102 -0.103319 -0.0521529 0.0524913
3.79 0.000979688 -0.0892247 -0.0911708 0.0911761
3.8 0.00263241 -0.161836 -0.0720691 0.0721171
3.81 -0.000984291 -0.20037 -0.0716074 0.0716142
3.82 0.00278122 -0.130727 -0.07792 0.0779696
3.83 -0.0239902 -0.150207 -0.0971823 0.1001
3.84 -0.0132849 -0.121068 -0.0327192 0.0353134
3.85 -0.00324746 -0.0733174 -0.0591165 0.0592056
3.86 -0.00520405 -0.170619 -0.0778118 0.0779856
3.87 -0.00257985 -0.145016 -0.0530213 0.053084
3.88 0.00895209 -0.0361282 -0.0266836 0.0281453
3.89 0.00202118 -0.0274025 -0.0453964 0.0454414
3.9 0.00168397 -0.0719229 -0.0391382 0.0391744
3.91 0.00131175 -0.0497445 -0.0387395 0.0387617
3.92 0.00985578 -0.103614 -0.0848895 0.0854597
3.93 0.00670147 -0.137339 -0.0589935 0.059373
3.94 -0.0116457 -0.0329538 -0.0777234 0.078591
3.95 -0.00318378 -0.0646584 -0.0455911 0.0457021
3.96 0.00719597 -0.262882 -0.0334627 0.0342277
3.97 0.00276811 -0.117342 -0.0647168 0.064776
3.98 -0.00840464 -0.13243 -0.0392308 0.040121
3.99 -0.0172531 -0.105077 -0.0391433 0.042777
4 -0.00926196 -0.181635 -0.0849304 0.0854339
4.01 0.00633405 -0.110443 -0.0647777 0.0650867
4.02 0.00199663 -0.0990185 -0.0659391 0.0659693
4.03 -0.0184244 -0.0643282 -0.0517978 0.054977
4.04 -0.00774842 -0.182756 -0.0324491 0.0333614
4.05 -0.00172543 -0.079169 -0.0453713 0.0454041
4.06 0.00537941 -0.0649819 -0.0584383 0.0586854
4.07 0.00382766 -0.180172 -0.0204934 0.0208478
4.08 -0.00366921 -0.171321 -0.0265152 0.0267679
4.09 0.013999 -0.0929685 -0.0394165 0.0418286
4.1 0.00959823 -0.018683 -0.0263138 0.0280097
4.11 -0.000928915 -0.0838835 -0.0842254 0.0842305
4.12 0.00263565 -0.117061 -0.0394161 0.0395041
4.13 0.00616873 -0.163674 -0.0529994 0.0533572
4.14 -0.00481728 -0.143809 -0.0649778 0.0651562
4.15 -0.00330493 -0.0469528 -0.0451735 0.0452942
4.16 0.000647141 -0.0492349 -0.0194847 0.0194954
4.17 0.0081378 -0.00903266 -0.0778044 0.0782289
4.18 -0.0167245 -0.118334 -0.0204587 0.0264248
4.19 -0.00142864 -0.159479 -0.052336 0.0523555
4.2 -0.00935893 -0.0255515 -0.038288 0.0394153
4.21 0.00312463 -0.1579 -0.0134974 0.0138544
4.22 -0.00830419 -0.137202 -0.0450409 0.0458
4.23 -0.00309424 0.0198426 -0.0445925 0.0446997
4.24 -0.00618888 0.0262116 -0.0381576 0.0386562
4.25 -0.00882719 -0.119266 -0.0196312 0.0215245
4.26 -0.00196172 -0.0832016 -0.0324618 0.032521
4.27 0.00939529 -0.0942943 -0.0336764 0.0349624
4.28 0.0135381 -0.105927 -0.084648 0.0857237
4.29 0.0026251 -0.117189 -0.0519503 0.0520165
4.3 0.00578123 -0.0211095 -0.0262718 0.0269004
4.31 -0.00109355 -0.0882537 -0.0131805 0.0132258
4.32 -0.00535361 -0.112307 -0.0777566 0.0779407
4.33 -0.00966111 -0.114131 -0.0325095 0.0339147
4.34 -0.00069793 -0.132937 -0.0647646 0.0647684
4.35 0.00559508 -0.0389287 2.89994e-05 0.00559515
4.36 -0.0103218 -0.0606763 -0.0445106 0.0456917
4.37 -0.00598721 -0.0633252 -0.044858 0.0452557
4.38 -0.00282383 0.055866 -0.032061 0.0321851
4.39 -0.0116627 -0.228798 -0.0338391 0.0357925
4.4 -0.00594064 -0.103352 -0.0133657 0.0146265
4.41 -0.00115405 -0.00391056 -0.0191253 0.0191601
4.42 -0.00199374 -0.100903 -0.00750834 0.00776854
4.43 -0.00563933 -0.214614 -0.0661041 0.0663442
4.44 0.00155284 -0.0542047 -0.0523691 0.0523922
4.45 -0.00603654 -0.116321 -0.0587915 0.0591006
4.46 0.00729448 -0.137853 -0.0587386 0.0591898
4.47 0.00125821 -0.0808948 -0.0585302 0.0585437
4.48 -0.0100879 -0.149646 -0.0650007 0.0657788
4.49 -0.000917169 -0.137345 -0.0525583 0.0525663
4.5 0.00166203 -0.0412493 -0.0518623 0.0518889
4.51 -0.00146463 -0.21283 -0.0335439 0.0335759
4.52 -0.00861493 -0.186034 -0.020136 0.0219015
4.53 -0.0192298 -0.26017 -0.0329346 0.0381376
4.54 -0.00617838 -0.0762526 -0.0646421 0.0649367
4.55 0.00339937 -0.162419 -0.0196103 0.0199028
4.56 -0.00709703 -0.0709471 -0.0393453 0.0399803
4.57 -0.0173281 -0.140589 -0.0269093 0.0320058
4.58 -0.00800819 -0.163942 -0.0459999 0.0466918
4.59 0.0021395 -0.0766925 -0.0587912 0.0588301
4.6 -0.00154076 -0.0921585 -0.00142406 0.00209807
4.61 0.00999823 -0.130671 -0.00797156 0.0127871
4.62 -0.00372666 -0.068502 -0.0333317 0.0335394
4.63 -0.00156723 -0.0878467 -0.0200708 0.0201319
4.64 -0.010769 -0.0909639 -0.0721057 0.0729054
4.65 0.0022871 -0.0949279 -0.0451492 0.0452071
4.66 0.00619363 -0.034422 -0.0332669 0.0338386
4.67 -0.00937689 -0.110048 -0.058797 0.05954
4.68 0.00994772 -0.116865 -0.0465008 0.0475529
4.69 -0.00988275 -0.114293 -0.0199432 0.0222576
4.7 -0.00542938 -0.174543 -0.0272295 0.0277655
4.71 -0.0219356 -0.106879 -0.00735048 0.0231344
4.72 -0.00104423 -0.0484691 0.00621587 0.00630297
4.73 0.00160205 0.0306982 -0.0193969 0.0194629
4.74 0.00593319 -0.0836687 -0.0266871 0.0273387
4.75 0.00215967 -0.00981408 -0.00692647 0.00725535
4.76 -0.00541425 -0.0989906 -0.0260369 0.0265939
4.77 -0.0200502 -0.125771 -0.0397289 0.0445017
4.78 0.0148843 -0.133412 -0.0012283 0.0149349
4.79 0.00732114 -0.128793 -0.0718077 0.0721799
4.8 -0.00259062 -0.0876509 -0.0652506 0.065302
4.81 -0.000784148 -0.24042 -0.0403476 0.0403552
4.82 -0.00609797 -0.106747 -0.0527625 0.0531137
4.83 0.00587515 -0.0612275 -0.00704323 0.00917194
4.84 -0.00430388 -0.264687 -0.0402716 0.040501
4.85 -0.00122669 -0.123622 -0.0526091 0.0526234
4.86 -0.00611999 0.0263582 -0.000213663 0.00612372
4.87 0.00587726 -0.0973618 -0.0515806 0.0519143
4.88 -0.0125453 -0.179571 -0.026458 0.0292816
4.89 -0.00994376 0.00197738 -0.0319879 0.0334979
4.9 -0.00591915 -0.0763501 -0.051729 0.0520666
4.91 -0.022718 -0.00379129 -0.0250338 0.0338053
4.92 -0.00910651 -0.0834538 -0.0453898 0.0462943
4.93 0.00247491 -0.0948687 -0.0389793 0.0390578
4.94 -0.0143719 -0.0845932 -0.0264563 0.0301079
4.95 -0.01062 0.0108305 -0.057976 0.0589407
4.96 0.000251478 0.0184298 -0.0518849 0.0518855
4.97 -0.0097387 -0.0652624 -0.0259498 0.027717
4.98 0.00195875 0.00351201 0.000106735 0.00196166
4.99 -0.00629271 -0.0848193 -0.00733584 0.00966502
5 -0.00149706 -0.137006 -0.0714792 0.0714949
5.01 -0.0166664 -0.127565 -0.0455654 0.0485178
5.02 -0.0185963 -0.0688282 -0.0518551 0.0550888
5.03 -0.00625789 -0.0713839 -0.00751068 0.00977607
5.04 -0.00867937 -0.114701 -0.0385807 0.0395449
5.05 -0.000237823 -0.169 -0.0525462 0.0525467
5.06 -0.0135737 -0.107067 -0.0328403 0.0355349
5.07 -0.00166612 -0.109922 -0.0585593 0.058583
5.08 -0.0100347 -0.0743735 -0.0131894 0.0165728
5.09 0.0133573 -0.118887 -0.0656456 0.0669908
5.1 -0.00646441 -0.0759473 -0.0391089 0.0396396
5.11 -0.0097582 -0.0964907 -0.0130851 0.0163231
5.12 0.00224677 -0.107737 -0.00771274 0.00803332
5.13 0.00160084 -0.0318568 0.00555887 0.00578478
5.14 -0.0011706 -0.105986 -0.0585558 0.0585675
5.15 0.00061531 -0.0535644 -0.0262471 0.0262543
5.16 0.00396622 -0.274444 -0.04642 0.0465892
5.17 -0.00854706 -0.0616115 0.018655 0.0205198
5.18 -0.00841527 -0.177838 -0.0390878 0.0399835
5.19 -0.00405972 -0.131026 -0.0327448 0.0329955
5.2 -0.0191815 -0.0507474 -0.01954 0.0273814
5.21 -0.00210297 -0.0297815 -0.0448896 0.0449388
5.22 0.00213021 -0.0278189 -0.0131732 0.0133443
5.23 0.00676615 -0.0927076 -0.0332459 0.0339275
5.24 -0.000957342 -0.146211 -0.0459619 0.0459719
5.25 -0.0167151 -0.149953 -0.0532163 0.0557796
5.26 -0.0115443 -0.264878 -0.0526967 0.0539464
5.27 -0.00173418 -0.110107 -0.0462254 0.046258
5.28 0.00474258 -0.0513473 -0.059069 0.0592591
5.29 -0.00425842 -0.135319 0.00564415 0.00707041
5.3 -0.00540251 -0.0589465 -0.03212 0.0325711
