0 -0.0143811 -0.0317173 -0.0186203 0.0235272
0.01 -0.0315396 0.139217 -0.0367781 0.0484497
0.02 -0.017763 0.00590789 0.0005541 0.0177716
0.03 -0.00681172 0.00845773 0.000906023 0.00687171
0.04 -0.00285974 -0.0161222 -0.0447118 0.0448031
0.05 -0.0167917 -0.213368 -0.0392349 0.0426771
0.06 -0.00231156 -0.0526985 -0.051592 0.0516438
0.07 -0.0104493 -0.11425 -0.0130798 0.0167413
0.08 -0.0157362 0.0446215 -0.0312833 0.0350182
0.09 -0.0148167 0.00426102 0.0133073 0.0199153
0.1 -0.0147642 0.0797342 -0.0114122 0.0186606
0.11 0.00622362 -0.102159 -0.00649939 0.00899864
0.12 -0.0138808 -0.0362749 -0.0193368 0.0238031
0.13 -0.00280919 -0.00728855 -0.0125211 0.0128323
0.14 -0.00824108 0.0986485 -0.0441551 0.0449175
0.15 -0.00773338 0.0849527 0.000852768 0.00778025
0.16 0.00100781 -0.0180728 -0.0071002 0.00717136
0.17 -0.0146429 -0.0181055 -0.00579609 0.0157483
0.18 -0.00797852 0.0182548 -0.0575221 0.0580728
0.19 -0.007261 -0.0003073 -0.0386077 0.0392846
0.2 -0.0076799 0.000298995 -0.0129124 0.0150237
0.21 -0.0230063 0.0942851 0.00644511 0.0238921
0.22 -0.0112412 0.00204145 -0.0247359 0.0271704
0.23 -0.022057 -0.0184087 -0.0190322 0.0291331
0.24 0.00481255 -0.030084 -0.0449322 0.0451892
0.25 -0.00438855 0.00244903 -0.0322377 0.032535
0.26 -0.00696116 0.0442919 -0.0189538 0.0201917
0.27 -0.0109339 -0.0245696 -0.0131607 0.0171101
0.28 -0.0100282 -0.119263 -0.0128822 0.0163253
0.29 0.00522 -0.0256358 -0.02583 0.0263522
0.3 0.000637545 -0.022761 -0.0258616 0.0258694
0.31 -0.00650368 0.0032268 -0.0568905 0.0572611
0.32 -0.022728 0.0309933 -0.0378666 0.0441638
0.33 -0.00726572 -0.0400411 -0.0128146 0.0147311
0.34 -0.00171033 -0.106493 -0.0124935 0.01261
0.35 0.00143368 -0.0410084 -0.00674694 0.00689759
0.36 -0.0050151 0.154676 -0.0182548 0.0189312
0.37 -0.00610543 -0.139389 -0.019693 0.0206178
0.38 -0.0148334 -0.0176806 -0.0321574 0.0354137
0.39 -0.0183836 -0.0291817 0.000269009 0.0183856
0.4 -0.00721683 -0.0228765 -0.0122183 0.0141905
0.41 -0.00936493 -0.0437039 -0.0313549 0.0327236
0.42 0.000441978 -0.0272152 -0.0197871 0.019792
0.43 -0.0185052 -0.0246674 -0.0189891 0.0265147
0.44 -0.0101236 -0.0164482 0.000387145 0.010131
0.45 -0.0064571 -0.0141598 -0.0317375 0.0323877
0.46 -0.0021004 -0.0435782 7.69659e-05 0.00210181
0.47 -0.0105794 -0.0341375 -0.0250135 0.0271588
0.48 -0.0198337 -0.112728 -0.0523289 0.0559615
0.49 -0.0169331 -0.128041 -0.032624 0.0367567
0.5 -0.022875 0.0980898 0.007758 0.0241547
0.51 -0.00354688 -0.0115019 -0.026141 0.0263805
0.52 -0.0160851 0.0856316 -0.0639064 0.0658996
0.53 0.000259561 -0.0092043 -0.0387171 0.038718
0.54 -0.00655576 -0.0364154 -0.0188345 0.0199428
0.55 -0.0118906 0.109195 -0.0181965 0.021737
0.56 -0.0166782 -0.106454 0.000685585 0.0166923
0.57 -0.0146568 -0.0537422 -0.0256059 0.029504
0.58 -0.00993823 -0.0121425 0.00691709 0.0121085
0.59 -0.00388966 -0.0742537 0.0191302 0.0195217
0.6 0.00809879 -0.0009054 -0.0127829 0.0151325
0.61 -0.00273242 -0.0252257 -0.00673659 0.00726965
0.62 -0.0138257 -0.0583931 -0.0329191 0.0357046
0.63 -0.00991601 -0.0745626 -0.0256511 0.027501
0.64 -0.00384148 -0.0155524 -0.0386406 0.0388311
0.65 -0.0132947 -0.0947548 -0.0128425 0.0184845
0.66 -0.0126213 0.0253387 -0.0574649 0.0588346
0.67 0.00809485 -0.0271258 -0.01982 0.0214093
0.68 -0.00695262 -0.018095 -0.0317411 0.0324936
0.69 -0.0150507 -0.0489556 -0.0391112 0.0419072
0.7 -0.00803877 0.125057 -0.018414 0.0200922
0.71 -0.0172802 -0.0435338 -0.0119207 0.020993
0.72 -0.0141141 -0.0406307 -0.0124887 0.0188461
0.73 -3.79537e-06 -0.0354882 -0.0324143 0.0324143
0.74 -0.00746447 0.0265331 -0.00583725 0.00947585
0.75 -0.00947001 -0.123784 -0.0133281 0.0163499
0.76 -0.00740741 -0.0224517 -0.0385797 0.0392844
0.77 -0.0077183 0.0447007 -0.0315104 0.032442
0.78 -0.00591004 -0.054801 -0.0318012 0.0323457
0.79 -0.00109972 0.040753 -0.0321642 0.032183
0.8 -0.00306793 0.108593 0.0332609 0.0334021
0.81 -0.0114792 -0.010956 -0.0060035 0.0129543
0.82 -0.0098142 -0.145975 -0.0331185 0.0345421
0.83 -0.00764811 -0.0850363 0.0200717 0.0214794
0.84 -0.00212785 -0.0431701 -0.0380075 0.038067
0.85 0.000154317 0.00406065 -0.0321869 0.0321873
0.86 -0.00976142 -0.0480428 -0.0127844 0.0160849
0.87 -0.00608032 0.00323446 -0.0316757 0.032254
0.88 -0.0131135 -0.13947 0.0192419 0.0232855
0.89 -0.00343025 -0.0555694 -0.0324813 0.0326619
0.9 -0.00297274 -0.00725218 -0.0259371 0.0261069
0.91 -0.00601842 -0.0413742 0.00704347 0.00926455
0.92 -0.00617717 -0.0366198 -0.0125555 0.0139928
0.93 -0.0101819 0.00617378 -0.0313612 0.0329726
0.94 -0.0242603 -0.235857 -0.019517 0.0311364
0.95 -0.002943 0.0464225 0.0199004 0.0201168
0.96 -0.00105139 0.0539943 -0.0258664 0.0258878
0.97 -0.00633398 -0.058732 -0.0513152 0.0517046
0.98 -0.0107926 0.0151743 0.0391621 0.0406221
0.99 -0.00274637 -0.0476515 -0.0320093 0.0321269
1 0.000190947 -0.000102662 -0.0261446 0.0261453
1.01 -0.00064478 0.0226312 -0.04524 0.0452446
1.02 -0.00984992 -0.0475101 -0.0188249 0.0212461
1.03 -0.0258079 0.00621713 -0.012164 0.0285309
1.04 -0.00666276 0.0170879 -0.0248593 0.0257367
1.05 -0.0100696 -0.0745387 -0.0254187 0.0273406
1.06 -0.00660012 -0.0140072 -0.0189709 0.0200862
1.07 -0.0188436 -0.015597 -0.0318638 0.0370187
1.08 -0.00679046 -0.000552321 0.000597079 0.00681666
1.09 -0.0210001 -0.157106 0.00644703 0.0219674
1.1 -0.0115558 -0.0154976 -0.0317024 0.0337428
1.11 -0.00837457 0.0497467 -0.0256144 0.0269486
1.12 -0.0115108 -0.0245534 -0.0381431 0.0398422
1.13 -0.00249771 -0.0478779 -0.0316303 0.0317288
1.14 -0.00288301 -0.00288523 -0.0189042 0.0191228
1.15 -0.00608449 -0.0457868 -0.00612127 0.00863081
1.16 -0.0067923 -0.00559339 0.000718445 0.00683019
1.17 -0.00964962 -0.0968282 -0.0129424 0.0161438
1.18 -0.0184129 -0.0470255 -0.0322306 0.0371194
1.19 -0.0116764 0.0155604 -0.037862 0.0396215
1.2 -0.0116106 0.109375 -0.00535369 0.0127855
1.21 -0.0138205 -0.0631237 -0.0130877 0.019034
1.22 -0.0028251 -0.00284792 -0.0186337 0.0188466
1.23 -0.0195068 0.0513719 -0.0181276 0.0266294
1.24 -0.0155858 0.02212 0.00713794 0.0171426
1.25 -0.00420408 0.0828045 0.000212381 0.00420944
1.26 0.0010605 -0.0227338 -0.0257853 0.0258071
1.27 -0.00967468 -0.0659926 0.00664862 0.011739
1.28 -0.0113133 0.0424167 -0.0188962 0.022024
1.29 -0.0295945 -0.00897478 -0.0444731 0.05342
1.3 -0.00271054 -0.00767272 -0.0190849 0.0192764
1.31 -0.00306251 -0.0210479 -0.0320944 0.0322402
1.32 -0.0135939 -0.0101979 -0.00551777 0.0146711
1.33 -0.00832883 0.147369 -0.0249909 0.0263422
1.34 0.000589441 0.0573232 -0.0185173 0.0185267
1.35 -0.00983922 -0.0792889 -0.0253289 0.0271728
1.36 -0.000291841 0.0625498 -0.0191326 0.0191349
1.37 -0.0209042 -0.143796 -0.0257724 0.0331844
1.38 -0.024332 -0.203953 0.0190315 0.0308908
1.39 0.00573213 -0.034594 -0.012143 0.0134279
1.4 -0.0141803 -0.0225647 -0.00573905 0.0152976
1.41 -0.000201518 0.080269 -0.0186769 0.018678
1.42 -0.0135454 -0.0770908 0.00681435 0.0151629
1.43 -0.00731232 -0.0358651 -0.0325055 0.0333178
1.44 -0.00857112 0.0319599 -0.0381013 0.0390534
1.45 -0.0116015 0.0471294 -0.019256 0.0224808
1.46 -0.0137962 -0.0366064 -0.0312589 0.034168
1.47 0.00138314 -0.0498421 -0.0389377 0.0389622
1.48 -0.0180244 -0.0472425 -0.0123038 0.0218234
1.49 -0.0107553 -0.0648579 -0.0321079 0.0338613
1.5 -0.00347845 -0.0207646 -0.0124606 0.012937
1.51 -0.011464 0.0513852 0.000651965 0.0114826
1.52 -0.00228627 -0.0837148 -0.0197908 0.0199225
1.53 -0.01958 0.0650424 0.000866439 0.0195992
1.54 -0.0112006 0.0467382 -0.017995 0.0211961
1.55 -0.0123147 0.0383217 -0.0120003 0.0171948
1.56 -0.0147485 -0.0180317 -0.0189416 0.0240063
1.57 -0.00995975 -0.0255913 -0.037827 0.0391162
1.58 0.00364888 0.104281 0.000904055 0.00375921
1.59 0.000114537 -0.0621385 -0.0521483 0.0521484
1.6 -0.0287534 -0.205994 0.00628377 0.029432
1.61 -0.0101304 -0.0516133 -0.0259663 0.0278724
1.62 -0.00584941 -0.161623 -0.0457714 0.0461437
1.63 -0.00830001 0.0494279 -0.0511857 0.0518542
1.64 -0.00788263 0.0312238 -0.0120964 0.0144381
1.65 -0.0031631 0.00620281 -0.00636978 0.00711192
1.66 -0.00690709 -0.0137986 -0.044759 0.0452888
1.67 0.000850988 -0.0496139 -0.0449836 0.0449916
1.68 0.011587 0.202916 -0.031334 0.0334078
1.69 -0.00858187 0.0184592 -0.0189196 0.020775
1.7 -0.0208205 -0.0905561 -0.0316888 0.0379167
1.71 -0.0019532 -0.0750049 -0.00595678 0.00626882
1.72 0.00329315 0.0648465 -0.0453954 0.0455147
1.73 -0.0062492 -0.0498151 -0.0127221 0.0141741
1.74 -0.0218301 -0.0444791 -0.0249876 0.0331803
1.75 -0.028446 -0.0806092 -0.0380311 0.0474925
1.76 -0.0422933 0.00885497 -0.0901023 0.0995347
1.77 -0.0598234 -0.0289076 -0.147854 0.159498
1.78 -0.0817833 -0.0732475 -0.204995 0.220706
1.79 -0.0897805 -0.0504097 -0.211176 0.229469
1.8 -0.0932676 -0.0568332 -0.237168 0.254848
1.81 -0.0894546 0.0381239 -0.223089 0.240356
1.82 -0.0742159 -0.0288457 -0.15997 0.176347
1.83 -0.0460579 -0.0331694 -0.121216 0.129671
1.84 -0.0167592 -0.127426 -0.13571 0.136741
1.85 -0.0170972 -0.0120001 -0.0890144 0.0906414
1.86 0.00461343 0.0459386 -0.0639691 0.0641353
1.87 0.00131029 0.051971 -0.0636332 0.0636467
1.88 0.0209418 0.0128766 -0.0183347 0.0278338
1.89 0.00282732 -0.0292842 -0.0636857 0.0637484
1.9 0.00633846 -0.0452239 -0.0899931 0.090216
1.91 0.0183957 -0.0837511 -0.122106 0.123484
1.92 0.0342399 -0.0580447 -0.114036 0.119065
1.93 0.0451677 0.0155782 -0.165219 0.171282
1.94 0.0655662 -0.0232539 -0.249004 0.257492
1.95 0.061746 -0.0478164 -0.287957 0.294503
1.96 0.0748249 -0.0466922 -0.39221 0.399284
1.97 0.0867255 0.0707389 -0.451517 0.45977
1.98 0.0991411 -0.173657 -0.478788 0.488945
1.99 0.108492 -0.0942201 -0.602553 0.612242
2 0.140366 -0.139601 -0.74051 0.753696
2.01 0.16496 -0.100855 -0.869536 0.885045
2.02 0.158029 -0.110363 -0.966371 0.979207
2.03 0.184919 -0.072806 -1.05803 1.07407
2.04 0.212855 -0.206106 -1.11133 1.13154
2.05 0.23409 -0.0806172 -1.19542 1.21813
2.06 0.221073 0.0164305 -1.26696 1.28611
2.07 0.2872 -0.157913 -1.42362 1.4523
2.08 0.286034 -0.0855607 -1.507 1.53391
2.09 0.28191 -0.144931 -1.6107 1.63518
2.1 0.281206 -0.197883 -1.72746 1.7502
2.11 0.292067 -0.0967654 -1.77277 1.79667
2.12 0.28596 -0.0934843 -1.73975 1.76309
2.13 0.320546 -0.109491 -1.98049 2.00627
2.14 0.313791 -0.0466823 -2.20402 2.22624
2.15 0.336698 -0.114192 -2.3539 2.37786
2.16 0.362743 -0.170622 -2.39472 2.42203
2.17 0.402987 0.0187963 -2.45971 2.4925
2.18 0.418939 -0.115034 -2.55769 2.59177
2.19 0.413344 -0.165508 -2.57706 2.61
2.2 0.410897 -0.0785533 -2.69328 2.72445
2.21 0.421591 -0.128813 -2.842 2.8731
2.22 0.402051 -0.165267 -3.03448 3.06099
2.23 0.39321 -0.21301 -3.14561 3.17009
2.24 0.398852 -0.207243 -3.25598 3.28031
2.25 0.411679 -0.112225 -3.36604 3.39113
2.26 0.434349 -0.144051 -3.38654 3.41428
2.27 0.447419 -0.227499 -3.52862 3.55687
2.28 0.465606 -0.220682 -3.59488 3.6249
2.29 0.486528 -0.228857 -3.66698 3.69911
2.3 0.482587 -0.296571 -3.938 3.96745
2.31 0.463615 -0.275452 -4.113 4.13905
2.32 0.486186 -0.325269 -4.20393 4.23195
2.33 0.498549 -0.203009 -4.26294 4.292
2.34 0.527056 -0.291821 -4.3286 4.36057
2.35 0.541477 -0.295995 -4.43294 4.46588
2.36 0.552062 -0.20843 -4.51794 4.55154
2.37 0.585019 -0.242058 -4.62866 4.66548
2.38 0.616728 -0.363855 -4.70071 4.74099
2.39 0.637389 -0.381059 -4.81221 4.85424
2.4 0.649774 -0.294496 -4.94209 4.98462
2.41 0.680797 -0.318491 -5.03937 5.08515
2.42 0.687452 -0.361729 -5.22775 5.27276
2.43 0.689718 -0.354 -5.31146 5.35605
2.44 0.71881 -0.4108 -5.49468 5.54149
2.45 0.719427 -0.277213 -5.65611 5.70168
2.46 0.756815 -0.429495 -5.80012 5.84929
2.47 0.793022 -0.42003 -5.93812 5.99084
2.48 0.841681 -0.455036 -6.05003 6.10829
2.49 0.87877 -0.450637 -6.21366 6.2755
2.5 0.915959 -0.526937 -6.32644 6.3924
2.51 0.963064 -0.533678 -6.52229 6.593
2.52 1.02049 -0.636227 -6.66614 6.7438
2.53 1.07191 -0.587434 -6.78305 6.86722
2.54 1.10249 -0.61954 -6.91922 7.0065
2.55 1.09791 -0.527045 -7.06014 7.145
2.56 1.13605 -0.568327 -7.1458 7.23554
2.57 1.14837 -0.504258 -7.26243 7.35266
2.58 1.16063 -0.248141 -7.43517 7.52521
2.59 1.14236 -0.60639 -7.62432 7.70942
2.6 1.12678 -0.484777 -7.85591 7.93631
2.61 1.10368 -0.715789 -8.04351 8.11888
2.62 1.11174 -0.528837 -8.19678 8.27183
2.63 1.15128 -0.539144 -8.31559 8.3949
2.64 1.2144 -0.621931 -8.51371 8.59989
2.65 1.23939 -0.504318 -8.60505 8.69384
2.66 1.29884 -0.464933 -8.70446 8.80083
2.67 1.31373 -0.599304 -8.85465 8.95158
2.68 1.32069 -0.670937 -8.96545 9.06221
2.69 1.33145 -0.694474 -9.10192 9.19879
2.7 1.33276 -0.671893 -9.24414 9.33972
2.71 1.28833 -0.836641 -9.31999 9.40861
2.72 1.28677 -0.701827 -9.4094 9.49697
2.73 1.29579 -0.618694 -9.42119 9.50988
2.74 1.30449 -0.615718 -9.44596 9.53561
2.75 1.35335 -0.608972 -9.57559 9.67076
2.76 1.30567 -0.605626 -9.76075 9.84769
2.77 1.2541 -0.679596 -9.88143 9.9607
2.78 1.21146 -0.634562 -9.97492 10.0482
2.79 1.18246 -0.384197 -10.0314 10.1009
2.8 1.22861 -0.497493 -10.1291 10.2034
2.81 1.29004 -0.56729 -10.1829 10.2643
2.82 1.35017 -0.567712 -10.3021 10.3902
2.83 1.3674 -0.779515 -10.3753 10.465
2.84 1.38928 -0.600314 -10.5897 10.6804
2.85 1.4032 -0.710837 -10.843 10.9334
2.86 1.41565 -0.709754 -11.0059 11.0966
2.87 1.46409 -0.74283 -11.1516 11.2473
2.88 1.47675 -0.680003 -11.183 11.2801
2.89 1.47929 -0.686248 -11.2353 11.3323
2.9 1.49693 -0.746585 -11.3727 11.4708
2.91 1.53748 -0.824978 -11.5247 11.6268
2.92 1.56986 -0.902457 -11.7166 11.8213
2.93 1.61983 -0.800416 -11.8997 12.0094
2.94 1.67745 -0.911922 -11.909 12.0266
2.95 1.72247 -0.784125 -11.9087 12.0326
2.96 1.73094 -0.874605 -11.9733 12.0978
2.97 1.75952 -0.772149 -11.9687 12.0973
2.98 1.78573 -0.899916 -12.1255 12.2563
2.99 1.75323 -1.04895 -12.2823 12.4068
3 1.7363 -1.0956 -12.5021 12.6221
3.01 1.70923 -1.061 -12.7541 12.8681
3.02 1.76765 -1.05721 -12.9037 13.0242
3.03 1.81687 -1.05279 -12.8856 13.0131
3.04 1.83458 -1.05576 -12.6913 12.8232
3.05 1.82232 -0.968398 -12.5863 12.7175
3.06 1.75528 -0.994693 -12.7079 12.8285
3.07 1.7591 -1.0774 -13.1263 13.2436
3.08 1.84726 -1.22981 -13.4822 13.6081
3.09 1.99214 -1.19853 -13.7415 13.8852
3.1 2.07827 -1.21563 -13.7567 13.9128
3.11 2.06874 -1.31241 -13.6717 13.8274
3.12 2.036 -1.19014 -13.5778 13.7296
3.13 1.97216 -1.34728 -13.8232 13.9631
3.14 1.9462 -1.31327 -14.0837 14.2175
3.15 2.00464 -1.43253 -14.3666 14.5058
3.16 2.028 -1.47014 -14.361 14.5034
3.17 2.03633 -1.43081 -14.3004 14.4446
3.18 1.9696 -1.2519 -14.3142 14.449
3.19 1.91918 -1.31936 -14.466 14.5928
3.2 1.91194 -1.21632 -14.6715 14.7955
3.21 1.92158 -1.29287 -14.886 15.0095
3.22 1.92911 -1.32717 -15.0474 15.1706
3.23 1.92243 -1.19758 -15.1005 15.2224
3.24 1.88786 -1.0379 -15.0812 15.1989
3.25 1.81476 -1.1043 -15.2062 15.3141
3.26 1.7603 -1.09606 -15.6133 15.7122
3.27 1.69631 -1.22993 -15.8725 15.9628
3.28 1.68854 -1.18479 -15.9108 16.0001
3.29 1.64458 -1.15916 -15.8248 15.91
3.3 1.61884 -1.00186 -15.7573 15.8403
3.31 1.62541 -1.13624 -15.6993 15.7832
3.32 1.70028 -0.977888 -15.7853 15.8767
3.33 1.83138 -1.20616 -15.7597 15.8657
3.34 1.90231 -1.24525 -15.9529 16.0659
3.35 1.87921 -1.34644 -16.1373 16.2464
3.36 1.8178 -1.30835 -16.434 16.5342
3.37 1.8125 -1.46017 -16.6542 16.7526
3.38 1.81461 -1.37714 -16.7364 16.8345
3.39 1.82544 -1.49966 -16.6519 16.7517
3.4 1.78702 -1.31243 -16.5956 16.6916
3.41 1.81717 -1.3499 -16.5872 16.6865
3.42 1.83476 -1.24935 -16.6893 16.7898
3.43 1.82572 -1.18958 -16.7971 16.896
3.44 1.79141 -1.28444 -16.8798 16.9746
3.45 1.76993 -1.14738 -16.5679 16.6622
3.46 1.60817 -0.674553 -11.1538 11.2691
3.47 1.63742 -0.514474 -7.43497 7.61314
3.48 2.15206 -2.59609 -23.3389 23.438
3.49 0.904798 -1.69843 -23.6242 23.6415
3.5 2.26535 -0.663152 -16.9756 17.1261
3.51 2.99515 -0.763887 -13.3221 13.6546
3.52 2.4694 -1.24911 -13.9254 14.1427
3.53 2.4078 -1.74524 -13.9394 14.1458
3.54 2.5929 -2.29935 -13.1767 13.4294
3.55 1.81558 -1.79518 -12.6071 12.7372
3.56 0.808999 -1.41635 -11.464 11.4925
3.57 0.424358 -0.891485 -9.37387 9.38347
3.58 0.0826286 -0.732338 -7.30847 7.30894
3.59 -0.0803784 -0.708444 -6.16954 6.17006
3.6 -0.10313 -0.718785 -5.19729 5.19831
3.61 0.0108519 -0.714306 -4.19792 4.19794
3.62 0.115891 -0.418608 -3.11478 3.11693
3.63 0.18932 -0.173774 -1.91729 1.92662
3.64 0.140074 0.0545002 -0.892042 0.902973
3.65 0.0138105 0.182768 -0.0226057 0.0264905
3.66 -0.143625 0.266742 0.250945 0.289139
3.67 -0.0467861 0.154078 -0.00226023 0.0468407
3.68 0.0040666 -0.0870603 -0.0201203 0.0205271
3.69 0.0033821 0.0424893 -6.94752e-05 0.00338282
3.7 -0.000315153 -0.0173774 -0.0332201 0.0332216
3.71 -0.000387159 -0.0305729 -0.0333861 0.0333883
3.72 -0.0152894 -0.0393129 -0.026718 0.0307834
3.73 0.00529082 -0.0523557 -0.00704677 0.00881191
3.74 -0.00756414 0.0580292 -0.0383201 0.0390595
3.75 -0.00958935 -0.123677 -0.00669335 0.0116943
3.76 -0.0213129 0.0306622 -0.0254997 0.0332337
3.77 -0.00258308 -0.0833578 -0.0581834 0.0582407
3.78 -0.00424568 0.0115643 -0.019627 0.020081
3.79 -0.0222287 -0.0577633 -0.0257329 0.0340043
3.8 0.00360586 -0.00669383 -0.0517103 0.0518359
3.81 -0.000766089 0.0496045 -0.0194451 0.0194602
3.82 -0.0039091 0.0200927 -0.0129695 0.0135458
3.83 -0.00370306 -0.100557 -0.0391899 0.0393645
3.84 -0.0035785 -0.0733259 -0.0332082 0.0334004
3.85 -0.00798509 -0.0397307 -0.0261448 0.027337
3.86 -0.0182346 -0.0514825 -0.0378405 0.0420048
3.87 -0.000744619 -0.0263289 -0.0191826 0.019197
3.88 -0.0144097 -0.107075 -0.0262855 0.0299761
3.89 -0.0147011 -0.0086943 -0.0320809 0.0352889
3.9 -0.0152116 -0.00428513 -0.01876 0.0241522
3.91 -0.00878338 0.00522215 0.000153596 0.00878472
3.92 -0.0160437 -0.0299594 -0.0199589 0.0256078
3.93 -6.72825e-05 0.0397491 -0.0314219 0.031422
3.94 -0.0109496 -0.100263 -0.013239 0.0171804
3.95 -0.000162915 -0.0442668 0.00595547 0.0059577
3.96 -0.0156162 -0.0129994 -0.0130837 0.0203728
3.97 -0.00599642 -0.21033 -0.0337033 0.0342326
3.98 -0.0109886 -0.0824244 -0.019797 0.0226422
3.99 -0.00719293 -0.0936274 -0.0131915 0.0150251
4 4.58783e-05 -0.0851056 -0.0323609 0.0323609
4.01 0.00382118 -0.0420583 0.0121537 0.0127402
4.02 -0.00434431 0.0119485 -0.0130625 0.013766
4.03 -0.00685634 -0.0850991 -0.00653395 0.00947111
4.04 -0.0151314 0.0132856 -0.00569983 0.0161694
4.05 -0.00314917 -0.038114 -0.0319171 0.0320721
4.06 -0.015103 0.00474699 -0.0125517 0.0196378
4.07 -0.000622035 0.00512909 0.0122984 0.0123142
4.08 -0.00862489 -0.0352021 -0.0198376 0.0216314
4.09 -0.00575037 0.0885605 -0.00628667 0.00851991
4.1 -0.00344395 -0.0687471 -0.00723812 0.00801568
4.11 -0.0109492 -0.077643 0.00556105 0.0122805
4.12 -0.0182422 -0.0918698 -0.0126804 0.0222165
4.13 -0.000688876 0.0807091 -0.00578627 0.00582714
4.14 -0.0147525 -0.0442521 -0.0259787 0.0298752
4.15 -0.00897611 0.125858 -0.0185448 0.020603
4.16 0.00369707 -0.0240296 0.0186353 0.0189985
4.17 -0.0116091 -0.0241888 -0.00644004 0.0132757
4.18 -0.0171289 0.152947 0.00100456 0.0171583
4.19 -0.0126056 -0.0724272 -0.0649937 0.0662048
4.2 -0.0154527 0.00960398 -0.00600611 0.0165788
4.21 -0.0207011 0.110863 -0.000148735 0.0207017
4.22 -0.00601258 0.0663413 -0.00679972 0.00907675
4.23 -0.0164801 -0.0390602 -0.051885 0.0544394
4.24 0.0155183 -0.0183826 -0.000504914 0.0155265
4.25 0.000643532 -0.0848445 -0.00744874 0.00747649
4.26 -0.00712943 0.00459466 -0.00657678 0.00969963
4.27 -0.0194641 -0.0731653 -0.0520634 0.0555828
4.28 -0.00375576 -0.0958961 -0.0205048 0.0208459
4.29 -0.0145748 -0.0537702 -0.00632861 0.0158895
4.3 -0.00850005 0.027699 0.025735 0.0271024
4.31 -0.0047187 0.141127 0.000461929 0.00474125
4.32 -0.00847843 0.0322218 -0.0325434 0.0336297
4.33 -0.00425777 0.0741328 0.00033614 0.00427101
4.34 -0.00801714 -0.0668611 -0.000315692 0.00802335
4.35 -0.0153131 -0.0392672 -0.0205862 0.025657
4.36 0.00112077 -0.0495825 -0.0195363 0.0195684
4.37 -0.0190258 -0.0109777 0.00606052 0.0199678
4.38 -0.000643339 -0.00850045 0.0189459 0.0189568
4.39 0.00516394 -0.020632 -0.0262219 0.0267255
4.4 -0.0343351 -0.0191258 -0.00649502 0.034944
4.41 -0.00316965 -0.038572 0.0195453 0.0198007
4.42 -0.00312908 -0.0870394 -0.0136089 0.013964
4.43 -0.0141668 -0.0359697 0.00619642 0.0154627
4.44 -0.0063292 -0.17016 -0.0134094 0.0148281
4.45 -0.00746605 -0.0265735 -0.00689579 0.0101634
4.46 -0.00495642 0.0747205 -0.0130643 0.0139729
4.47 -0.0161682 0.0680422 0.00673947 0.0175166
4.48 -0.0257931 -0.0555576 -0.0326092 0.041577
4.49 -0.00886833 0.00557318 -0.0130629 0.0157888
4.5 -0.00024524 0.0451631 0.00602105 0.00602604
4.51 -0.00858726 0.000388891 -0.00615955 0.0105679
4.52 0.00936293 -0.0764081 0.0250428 0.0267358
4.53 -0.0127718 0.0435555 0.0125998 0.0179408
4.54 -0.0263848 -0.0552039 -0.00661115 0.0272005
4.55 -0.0203868 0.0256475 -0.00594792 0.0212368
4.56 0.0113411 0.00655875 -0.0127901 0.017094
4.57 9.40941e-05 -0.0399568 -0.00702435 0.00702498
4.58 -0.0112802 -0.00684445 0.00699908 0.0132752
4.59 0.00734091 -0.0177918 0.0120777 0.0141337
4.6 -0.0184022 0.158572 -0.0123617 0.0221688
4.61 -0.00663995 -0.125486 -0.0262546 0.0270812
4.62 -0.00611946 -0.0499543 0.0194308 0.0203717
4.63 0.000195967 0.00443459 0.0190641 0.0190651
4.64 -0.00250723 -0.10554 0.0058085 0.00632652
4.65 -0.00778194 -0.0348246 -0.0136242 0.0156901
4.66 -0.00362974 0.00692022 0.00645055 0.00740167
4.67 -0.00987434 -0.0741886 0.0256005 0.0274388
4.68 -0.0215688 -0.143286 -0.00651752 0.022532
4.69 0.0050121 0.0100195 -0.0448454 0.0451246
4.7 -0.00450066 0.0294103 0.00720575 0.00849581
4.71 -0.00689999 0.236425 -0.0382001 0.0388183
4.72 0.0022251 0.0389018 -0.0131333 0.0133205
4.73 -0.0184073 -0.029136 0.00640081 0.0194884
4.74 -0.0041947 0.0562288 0.0259009 0.0262384
4.75 0.0106538 -0.0368668 -0.0205359 0.023135
4.76 -0.00817202 0.0186609 -0.000177442 0.00817395
4.77 0.000389318 0.0132963 -0.0129033 0.0129092
4.78 0.000797953 -0.0358462 0.0253318 0.0253444
4.79 0.00335165 -0.00205906 -0.0194147 0.0197019
4.8 -0.00744359 -0.0759635 0.00646534 0.00985939
4.81 -0.0145347 -0.0449043 -0.012925 0.0194502
4.82 -0.0106137 -0.140937 0.0117971 0.0158689
4.83 -0.0111461 -0.0154569 0.0132928 0.0173474
4.84 -0.0156347 0.00495554 0.00654101 0.0169478
4.85 -0.000453729 0.0674662 -0.00641712 0.00643315
4.86 -0.00893656 0.0987323 -0.0122255 0.0151435
4.87 -0.0161335 -0.066395 -0.019777 0.0255229
4.88 -0.00783824 0.0182446 -0.0128356 0.0150397
4.89 -0.0186132 0.082246 0.00724467 0.0199734
4.9 -0.0162243 -0.0258042 0.013019 0.020802
4.91 -0.0181029 -0.0957838 0.012569 0.0220385
4.92 0.00407401 0.0067365 -0.0130218 0.0136442
4.93 -0.0219836 -0.116298 -3.8114e-05 0.0219836
4.94 -0.0136941 -0.0855599 0.00632673 0.015085
4.95 -0.00629871 -0.102972 -0.000402698 0.00631157
4.96 -0.00839686 0.00957371 -0.0320654 0.0331466
4.97 -0.00333698 -0.051384 -0.0326242 0.0327944
4.98 -0.0122476 0.052324 -0.0259643 0.028708
4.99 -0.000345358 -0.0394668 -0.00751233 0.00752027
5 -0.00355578 -0.00675084 -0.0125435 0.0130378
5.01 -0.000697452 -0.0303634 -0.000606727 0.000924423
5.02 -0.00340618 -0.0556347 -0.0134745 0.0138983
5.03 -0.0187656 -0.0644852 -0.013285 0.0229922
5.04 0.00431429 -0.0338768 0.0125173 0.0132399
5.05 -0.015279 -0.0261345 0.00660691 0.0166463
5.06 -0.0165852 0.0232272 -0.0123412 0.020673
5.07 -0.0271853 -0.00584358 -0.00620568 0.0278846
5.08 0.00747026 0.00472838 0.0127529 0.0147798
5.09 -0.0120982 -0.00614994 0.000233411 0.0121005
5.1 -0.00742883 -0.00417373 -0.0128935 0.0148805
5.11 -0.0148579 -0.0311483 0.00680451 0.0163419
5.12 -0.00717441 -0.0089892 0.0062025 0.00948384
5.13 -0.0159448 0.00532611 0.0130674 0.0206154
5.14 -0.00153979 0.00525118 -0.0197365 0.0197964
5.15 -0.0146836 -0.0535344 0.0128403 0.019506
5.16 -0.00245028 -0.0520931 0.0383383 0.0384166
5.17 -0.018839 -0.024251 -0.00633095 0.0198743
5.18 0.0156935 0.0176823 0.0376682 0.0408066
5.19 -0.0174672 -0.194452 0.0182403 0.0252549
5.2 -0.00450089 0.0831617 -0.0381801 0.0384445
5.21 -0.00433301 0.0161618 -0.0324828 0.0327705
5.22 -0.0113608 -0.0376063 -0.0257368 0.0281328
5.23 -0.0104807 -0.0827483 -0.00650495 0.0123353
5.24 -0.00536547 0.0171658 -0.0332257 0.0336561
5.25 -0.000784959 0.0543683 -0.0194962 0.019512
5.26 -0.000113493 -0.0134083 -0.0776706 0.0776706
5.27 -0.0184292 -0.0334782 0.013287 0.0227195
