0 0.0276089 0.0192231 -0.000292781 0.0276104
0.01 0.0269052 0.051124 -0.0707058 0.0756518
0.02 0.0117409 -0.00265576 -0.00682067 0.0135783
0.03 0.0180477 0.14981 0.0200546 0.0269797
0.04 0.0146793 0.107287 0.000343747 0.0146833
0.05 0.00942444 0.119829 -0.0512966 0.0521551
0.06 0.0138351 0.134752 0.0199843 0.024306
0.07 0.0141641 0.152258 0.00717049 0.0158757
0.08 0.0225935 0.0579339 -0.025853 0.0343343
0.09 0.0319074 -0.0100519 -0.0201435 0.0377339
0.1 0.0302444 0.0981006 -0.0121861 0.0326071
0.11 0.0173932 0.208123 0.000753751 0.0174095
0.12 0.0189026 0.0558915 -0.0641273 0.0668552
0.13 0.00689375 0.10766 -0.0257167 0.0266247
0.14 0.0137698 0.134424 -0.0251374 0.0286617
0.15 0.0228113 0.0799214 -0.0191379 0.0297761
0.16 0.0014867 0.159961 -0.0443503 0.0443752
0.17 0.0215282 0.192095 -0.0379734 0.0436514
0.18 0.0143033 0.103406 -0.0325476 0.0355518
0.19 0.0142106 0.103144 -0.0381086 0.0406719
0.2 0.0146494 0.076091 -0.0255812 0.0294789
0.21 0.0249145 0.22595 -0.0376486 0.0451459
0.22 -0.00345471 0.0112583 -0.0258066 0.0260368
0.23 0.0152395 0.0759003 -0.0192623 0.0245617
0.24 0.0146166 0.0357892 -0.0445665 0.0469022
0.25 0.0132691 0.228384 -0.00507795 0.0142075
0.26 0.0173297 0.212836 -0.0444868 0.047743
0.27 0.010218 0.132392 -0.0438612 0.0450357
0.28 0.0329905 0.180949 -0.0511811 0.0608923
0.29 0.019038 0.0962817 0.000320428 0.0190407
0.3 0.028251 -0.0216207 0.000252375 0.0282521
0.31 0.0219114 0.103284 -0.0515176 0.0559836
0.32 0.0135644 0.0724883 -0.0330162 0.035694
0.33 0.0173255 0.0706506 -0.0588249 0.0613232
0.34 0.0182143 0.0338072 -0.0324021 0.0371707
0.35 0.0100492 0.0877944 -0.0324798 0.0339989
0.36 0.0223455 0.0941522 -0.0391452 0.045074
0.37 0.00635062 0.0945681 -0.0639731 0.0642876
0.38 0.0171522 0.0969406 -0.0454261 0.0485564
0.39 0.00600868 0.147923 -0.0125128 0.0138807
0.4 0.00390017 0.0423139 0.000620646 0.00394924
0.41 0.024934 0.0837192 -0.0581185 0.0632413
0.42 0.0190831 0.077958 -0.0314976 0.0368275
0.43 0.014182 0.120951 -0.00587699 0.0153515
0.44 0.0137033 0.232624 -0.024422 0.0280039
0.45 0.0216184 0.219082 -0.0121404 0.0247941
0.46 0.000778059 0.0132405 -0.0192269 0.0192427
0.47 0.0104592 0.0919391 -0.0445777 0.0457882
0.48 0.0229184 0.142564 -0.0572011 0.0616215
0.49 0.0151179 0.057775 -0.0321844 0.0355582
0.5 0.0242185 0.292977 -0.0314291 0.0396777
0.51 0.010765 0.122681 -0.0315839 0.0333681
0.52 0.0140383 0.0854532 -0.0578423 0.0595215
0.53 -0.00468117 0.0782102 -0.0568331 0.0570256
0.54 0.0143346 0.0943835 -0.019208 0.0239672
0.55 -0.000584822 0.121035 -0.0314494 0.0314548
0.56 0.0226785 0.0802225 -0.0189732 0.0295685
0.57 0.0171904 0.145884 -0.0383246 0.0420034
0.58 0.0119895 0.189557 -0.0450331 0.0466019
0.59 0.0262126 0.0827923 -0.0257965 0.0367771
0.6 0.0259865 0.0337898 -0.0390679 0.0469212
0.61 0.0150642 0.0491033 -0.0320606 0.0354233
0.62 0.00608412 0.219266 -0.0114096 0.0129304
0.63 0.0073617 0.121271 -0.0384172 0.0391162
0.64 0.0133023 0.0861197 -0.0453281 0.0472397
0.65 0.0184108 0.0557178 -0.102147 0.103793
0.66 0.0251214 0.141112 -0.0253933 0.0357198
0.67 0.0187364 0.0692812 -0.0255507 0.0316842
0.68 -0.00395547 -0.020015 -0.0384273 0.0386304
0.69 0.014608 0.0981762 -0.0317792 0.0349759
0.7 0.0140232 0.125705 -0.025476 0.0290805
0.71 0.0190835 0.0911492 -0.0118218 0.0224485
0.72 0.0146283 0.0626226 -0.0451867 0.0474955
0.73 0.0101314 0.101138 -0.0449182 0.0460466
0.74 0.0177664 0.109895 -0.0255651 0.0311322
0.75 0.0127298 -0.0253937 -0.0130962 0.0182636
0.76 0.0190779 0.0600489 -0.0449929 0.0488706
0.77 0.00977947 0.110403 -0.0642662 0.065006
0.78 0.0193268 0.0596418 0.00677819 0.0204809
0.79 0.0309858 0.0796537 -0.025659 0.0402306
0.8 0.018827 -0.0156125 -0.0389775 0.0432863
0.81 0.0151155 0.0846611 -0.0381629 0.0410474
0.82 0.0181531 0.127277 -0.0118554 0.0216814
0.83 0.00857854 0.142415 -0.0577901 0.0584233
0.84 0.0313329 0.088311 -0.00646666 0.0319933
0.85 0.0101728 0.0564135 -0.0323817 0.033942
0.86 0.0185733 0.105148 -0.0256295 0.0316518
0.87 0.00802118 -0.0319903 -0.0515804 0.0522003
0.88 0.023099 0.0618563 -0.0122009 0.0261233
0.89 0.0139037 0.205946 -0.024878 0.0284996
0.9 0.0152393 0.0757392 0.00699068 0.0167662
0.91 0.00802152 0.0357481 -0.0192019 0.0208101
0.92 0.0204558 0.126739 -0.0324216 0.0383354
0.93 0.0315964 -0.0681323 -0.0457544 0.055604
0.94 0.0147954 0.0982551 -0.0507479 0.0528607
0.95 0.0131467 0.206516 -0.0636882 0.065031
0.96 0.0222542 0.165694 -0.0191436 0.0293552
0.97 0.0252989 0.234368 -0.0181161 0.0311163
0.98 0.0225438 0.0754825 -0.0186922 0.0292851
0.99 0.00736501 0.111499 -0.018467 0.0198815
1 0.0111229 0.167479 -0.0379124 0.0395104
1.01 0.0251204 0.114568 -0.03849 0.0459621
1.02 0.0139484 0.103565 -0.0449583 0.0470724
1.03 0.0022963 0.0389257 -0.0577817 0.0578273
1.04 0.0109352 -0.0285181 -0.0716045 0.0724346
1.05 0.0186707 0.0554199 -0.0127036 0.0225826
1.06 0.0265493 0.104693 -0.0508572 0.0573701
1.07 0.0122652 0.121917 -0.0118283 0.0170395
1.08 0.0198512 0.091211 -0.064378 0.0673691
1.09 0.0150713 0.120441 -0.0700151 0.0716189
1.1 0.00924368 0.280329 -0.0246859 0.0263598
1.11 0.01044 0.154036 -0.0180716 0.0208704
1.12 0.0145892 0.112369 -0.0327035 0.0358101
1.13 0.0230736 -0.0455709 -0.0712194 0.0748638
1.14 0.0218061 0.116549 -0.0449892 0.0499954
1.15 0.0196632 0.0909906 -0.044295 0.0484632
1.16 0.0106441 0.0828926 -0.0314705 0.0332218
1.17 0.0193472 0.0374601 -0.0383457 0.0429501
1.18 0.0216265 0.143504 -0.044601 0.0495677
1.19 0.0211815 0.206058 -0.0383651 0.0438239
1.2 0.0209354 0.112475 -0.0321946 0.0384029
1.21 0.0224679 0.0135881 -0.0458103 0.0510234
1.22 0.0181052 0.114016 0.00698792 0.0194069
1.23 0.00319826 -0.00187415 -0.0454353 0.0455477
1.24 0.0145995 0.173774 -0.0244541 0.0284807
1.25 0.00140578 -0.0990709 -0.0518295 0.0518486
1.26 0.0155353 0.0622106 0.000568856 0.0155457
1.27 0.0076175 0.0762367 -0.0319041 0.0328009
1.28 0.0172903 0.114548 -0.0320947 0.0364558
1.29 0.0250098 0.119192 -0.0200754 0.0320704
1.3 0.0078368 0.0128871 -0.0513503 0.0519448
1.31 0.0263347 0.0916302 -0.0131155 0.02942
1.32 0.0151018 0.0846942 -0.0183801 0.0237885
1.33 0.0261418 0.0963014 -0.0391169 0.0470481
1.34 0.0177896 0.0740185 -0.0450341 0.0484204
1.35 0.0256661 0.114146 -0.0259733 0.0365152
1.36 0.0334389 0.140692 -0.044681 0.0558081
1.37 0.0132658 0.090444 -0.0776259 0.0787513
1.38 0.00984197 0.0791465 -0.0321217 0.0335957
1.39 0.00468913 0.113602 -0.0775899 0.0777314
1.4 0.0143404 0.125645 -0.0122923 0.0188877
1.41 0.015801 0.0616083 0.000242689 0.0158029
1.42 0.0115136 0.0470508 -0.025646 0.0281119
1.43 0.00362177 0.00207643 -0.0510605 0.0511888
1.44 0.00998227 0.0791363 0.0125654 0.0160479
1.45 0.0101139 0.145637 -0.012195 0.0158433
1.46 0.0217448 0.0942142 -0.0579989 0.0619412
1.47 -0.00162617 0.113579 -0.0131295 0.0132299
1.48 0.014799 0.0404181 -0.0319725 0.0352314
1.49 0.00624521 0.0944612 -0.0257265 0.0264737
1.5 0.0133447 0.206382 0.00752487 0.0153201
1.51 0.0132443 0.099293 -0.051064 0.0527536
1.52 0.0225064 0.0759032 -0.0704246 0.0739335
1.53 0.024895 0.101558 -0.0646765 0.0693023
1.54 0.00962691 0.13697 -0.0509346 0.0518364
1.55 0.0112494 0.0422692 -0.00612573 0.0128091
1.56 0.017998 0.0741941 -0.012679 0.0220155
1.57 0.00762343 0.0982303 -0.0503682 0.0509419
1.58 0.0134575 0.241796 -0.00548523 0.0145324
1.59 -0.000727917 0.0185944 -0.0577021 0.0577067
1.6 0.00855022 -0.00941673 -0.0195585 0.0213458
1.61 0.00613937 0.18788 -0.0503692 0.050742
1.62 0.0227771 0.102478 -0.0318788 0.0391798
1.63 0.0249836 0.239469 -0.0314211 0.040143
1.64 0.0105957 0.0564408 -0.032303 0.0339963
1.65 0.0326368 0.136946 -0.0453322 0.0558584
1.66 0.0220421 0.129688 -0.00626603 0.0229154
1.67 0.0204594 0.139768 -0.0450604 0.0494876
1.68 0.0224652 0.107237 -0.0261067 0.0344419
1.69 0.02521 0.185859 -0.0320304 0.0407613
1.7 0.019144 0.0644615 -0.0318282 0.037142
1.71 0.024801 0.244108 -0.0186328 0.0310205
1.72 0.00332402 0.0652724 -0.0580701 0.0581652
1.73 0.0117605 0.0644231 -0.0314867 0.0336113
1.74 0.00907783 0.101885 -0.0707294 0.0713096
1.75 0.00650361 0.081192 -0.0576284 0.0579942
1.76 0.0189568 0.0871834 -0.045451 0.0492459
1.77 0.00142785 0.159763 -0.0183672 0.0184226
1.78 0.016373 0.15993 -0.0516681 0.0542003
1.79 0.00899672 0.0841533 -0.0575341 0.0582333
1.8 0.0226105 0.102676 -0.0129779 0.0260702
1.81 0.00670395 0.125038 -0.0118508 0.0136156
1.82 0.0255994 0.0963812 -0.0325608 0.0414191
1.83 0.0270425 0.0193682 -0.0127435 0.0298947
1.84 0.00769363 0.0355183 -0.0186693 0.0201924
1.85 0.0300059 0.0626249 -0.0133681 0.032849
1.86 0.0190785 0.0734011 -0.0515701 0.0549861
1.87 0.0180025 0.123196 -0.0130973 0.0222628
1.88 0.00250939 0.101475 -0.0575607 0.0576154
1.89 0.014631 0.094046 -0.00595404 0.0157961
1.9 0.0144988 0.0852207 -0.032286 0.0353921
1.91 0.0223321 0.0847368 0.00664943 0.0233011
1.92 0.030264 0.10685 -0.0449677 0.0542034
1.93 0.0145422 0.0362692 -0.0452463 0.0475258
1.94 0.0252002 0.221541 -0.00608623 0.0259248
1.95 0.00495985 0.0375831 -0.0780627 0.0782201
1.96 0.0152356 -0.00486733 -0.039002 0.0418722
1.97 0.0193867 0.0422416 -0.0129852 0.0233336
1.98 0.0190505 0.0469044 3.30312e-05 0.0190505
1.99 0.0216772 0.129859 -0.0323272 0.0389223
2 0.00903215 0.257676 -0.018388 0.0204865
2.01 0.0145914 0.0985324 -0.00593485 0.0157522
2.02 0.00266173 0.109762 -0.0642483 0.0643035
2.03 0.0213406 0.134542 -0.0444475 0.0493052
2.04 0.0514097 -0.0113654 -0.401199 0.404479
2.05 0.119609 0.162664 -0.918689 0.926443
2.06 0.214287 0.0969899 -1.18989 1.20903
2.07 0.262713 -0.0173417 -1.13797 1.1679
2.08 0.250419 -0.166591 -1.08235 1.11094
2.09 0.22189 -0.12746 -0.921713 0.948045
2.1 0.154894 -0.0950516 -0.983934 0.996051
2.11 0.0787043 -0.319449 -1.09195 1.09478
2.12 0.00264643 -0.133291 -1.19127 1.19128
2.13 -0.0344412 -0.0820801 -1.35672 1.35716
2.14 -0.0610205 -0.136658 -1.40766 1.40898
2.15 -0.0546516 -0.0598641 -1.54265 1.54362
2.16 -0.00894849 -0.020914 -1.56994 1.56997
2.17 0.0171165 -0.0816953 -1.53108 1.53117
2.18 0.0293514 -0.0854379 -1.56292 1.56319
2.19 0.0250738 -0.0161309 -1.5355 1.53571
2.2 -0.00477977 -0.046813 -1.57874 1.57875
2.21 0.00543923 0.0186162 -1.57175 1.57176
2.22 -0.0109654 0.0733774 -1.60262 1.60266
2.23 -0.0184742 0.224912 -1.56958 1.56969
2.24 0.0215091 0.0574941 -1.56375 1.5639
2.25 0.0260268 -0.0841529 -1.63606 1.63626
2.26 0.0556494 0.00947702 -1.77303 1.77391
2.27 0.0566564 -0.0488831 -1.89142 1.89227
2.28 0.0677498 -0.0961815 -1.97091 1.97207
2.29 0.0839026 0.045373 -2.11327 2.11494
2.3 0.0963184 -0.189432 -2.16767 2.16981
2.31 0.125574 -0.162554 -2.27157 2.27504
2.32 0.125912 -0.127321 -2.27807 2.28154
2.33 0.133927 -0.145133 -2.3755 2.37927
2.34 0.118232 -0.26901 -2.49899 2.50178
2.35 0.0965359 -0.0367914 -2.67837 2.68011
2.36 0.10113 -0.297972 -2.80235 2.80417
2.37 0.111252 -0.173841 -2.9449 2.947
2.38 0.129115 -0.185316 -3.00936 3.01212
2.39 0.143989 -0.0781522 -3.06859 3.07196
2.4 0.175084 -0.249059 -3.17989 3.18471
2.41 0.215449 -0.170692 -3.23381 3.24097
2.42 0.226301 -0.262694 -3.33157 3.33924
2.43 0.230567 -0.225432 -3.38959 3.39742
2.44 0.27088 -0.241055 -3.49468 3.50516
2.45 0.276145 -0.566117 -3.341 3.35239
2.46 0.29814 -0.189029 -2.57666 2.59385
2.47 0.232187 0.0925132 -3.44058 3.44841
2.48 0.209243 -0.290815 -4.18712 4.19235
2.49 0.231279 -0.273992 -4.28642 4.29266
2.5 0.270061 -0.360966 -4.1423 4.15109
2.51 0.359171 -0.31355 -3.95732 3.97359
2.52 0.418745 -0.292164 -3.85566 3.87834
2.53 0.389457 -0.319279 -4.04831 4.067
2.54 0.344603 -0.366678 -4.25428 4.26821
2.55 0.292308 -0.302452 -4.36952 4.37928
2.56 0.283472 -0.242683 -4.52435 4.53322
2.57 0.326059 -0.326939 -4.571 4.58261
2.58 0.369353 -0.456288 -4.62549 4.64021
2.59 0.411121 -0.428623 -4.69885 4.7168
2.6 0.449353 -0.53671 -4.83583 4.85667
2.61 0.459536 -0.453404 -4.94425 4.96556
2.62 0.452983 -0.471246 -5.02118 5.04157
2.63 0.420862 -0.428918 -5.10996 5.12726
2.64 0.388057 -0.408818 -5.22446 5.23886
2.65 0.365417 -0.415978 -5.30193 5.31451
2.66 0.387346 -0.504885 -5.46391 5.47762
2.67 0.369568 -0.26186 -5.57919 5.59141
2.68 0.381919 -0.447932 -5.69597 5.70876
2.69 0.403802 -0.46084 -5.87722 5.89107
2.7 0.397216 -0.380951 -6.02554 6.03862
2.71 0.403034 -0.406678 -6.1815 6.19462
2.72 0.421594 -0.449046 -6.2662 6.28037
2.73 0.475752 -0.518141 -6.33213 6.34998
2.74 0.49867 -0.608665 -6.35924 6.37876
2.75 0.52685 -0.541118 -6.45116 6.47263
2.76 0.584278 -0.568303 -6.47237 6.49869
2.77 0.651992 -0.556746 -6.56517 6.59746
2.78 0.683293 -0.576726 -6.72888 6.76348
2.79 0.7326 -0.656027 -6.84108 6.88019
2.8 0.754309 -0.704878 -7.03648 7.07679
2.81 0.738982 -0.789211 -7.076 7.11448
2.82 0.743451 -0.542531 -7.146 7.18457
2.83 0.7621 -0.638984 -7.2558 7.29571
2.84 0.762479 -0.634923 -7.33287 7.37241
2.85 0.79086 -0.589971 -7.4572 7.49901
2.86 0.812075 -0.58985 -7.57501 7.61841
2.87 0.81799 -0.762393 -7.75223 7.79527
2.88 0.836843 -0.894974 -7.89505 7.93927
2.89 0.881188 -0.685998 -7.96558 8.01417
2.9 0.922789 -0.70274 -7.97331 8.02653
2.91 0.96385 -0.942129 -8.05324 8.11071
2.92 0.976908 -0.74126 -8.16185 8.22011
2.93 1.01294 -0.593442 -8.24001 8.30204
2.94 1.02876 -0.795073 -8.32599 8.38931
2.95 1.04398 -0.782148 -8.43625 8.5006
2.96 1.06534 -0.741921 -8.54596 8.6121
2.97 1.07628 -0.850233 -8.74774 8.8137
2.98 1.08589 -0.730979 -8.87721 8.94338
2.99 1.0968 -0.857819 -9.01477 9.08125
3 1.09956 -0.891764 -9.08037 9.1467
3.01 1.1366 -0.874384 -9.1847 9.25476
3.02 1.15995 -0.973555 -9.21963 9.29231
3.03 1.20303 -0.929015 -9.3635 9.44047
3.04 1.24964 -1.04239 -9.57906 9.66023
3.05 1.28186 -0.999951 -9.71055 9.79479
3.06 1.31624 -1.0524 -9.79439 9.88244
3.07 1.31774 -0.968683 -9.85819 9.94587
3.08 1.31042 -1.02636 -9.92362 10.0098
3.09 1.29808 -0.957003 -9.99256 10.0765
3.1 1.29559 -0.981839 -10.1944 10.2763
3.11 1.32245 -1.05082 -10.2856 10.3703
3.12 1.33391 -0.98213 -10.2775 10.3637
3.13 1.30191 -0.895765 -10.2489 10.3312
3.14 1.2632 -1.01031 -10.3443 10.4211
3.15 1.26086 -0.950618 -10.4726 10.5482
3.16 1.22611 -0.925077 -10.5794 10.6502
3.17 1.20002 -0.966432 -10.5715 10.6394
3.18 1.22495 -0.847455 -10.5904 10.661
3.19 1.22495 -1.01799 -10.6439 10.7141
3.2 1.28053 -1.01202 -10.7893 10.865
3.21 1.29202 -1.02348 -10.9479 11.0239
3.22 1.34464 -1.1354 -11.0933 11.1745
3.23 1.34343 -1.08087 -11.1643 11.2448
3.24 1.37203 -1.214 -11.275 11.3582
3.25 1.40703 -0.967445 -11.4247 11.5111
3.26 1.41161 -1.32273 -11.6341 11.7194
3.27 1.43344 -1.20219 -11.7255 11.8128
3.28 1.41805 -1.24647 -11.7652 11.8504
3.29 1.41808 -1.29155 -11.8962 11.9805
3.3 1.45335 -1.28258 -11.9886 12.0763
3.31 1.48086 -1.10472 -12.0008 12.0918
3.32 1.51841 -1.38322 -11.9632 12.0592
3.33 1.55546 -1.18395 -11.9231 12.0241
3.34 1.57528 -1.18779 -11.9426 12.0461
3.35 1.57897 -1.29268 -12.1237 12.2261
3.36 1.56124 -1.27677 -12.2648 12.3638
3.37 1.58624 -1.24125 -12.4147 12.5157
3.38 1.54809 -1.26619 -12.4974 12.593
3.39 1.53681 -1.31631 -12.6454 12.7385
3.4 1.52875 -1.41446 -12.7931 12.8841
3.41 1.51994 -1.27851 -12.9795 13.0682
3.42 1.49194 -1.2022 -13.0695 13.1543
3.43 1.47152 -1.38178 -13.0946 13.177
3.44 1.46009 -1.24536 -13.1076 13.1886
3.45 1.48623 -1.21808 -13.2169 13.3002
3.46 1.56814 -1.27746 -13.3363 13.4282
3.47 1.61105 -1.2996 -13.3254 13.4224
3.48 1.63309 -1.23679 -13.1958 13.2964
3.49 1.64174 -1.18401 -13.0978 13.2003
3.5 1.58691 -1.30966 -13.1955 13.2906
3.51 1.58744 -1.41169 -13.4753 13.5684
3.52 1.60875 -1.26295 -13.767 13.8607
3.53 1.59945 -1.32344 -13.7672 13.8598
3.54 1.55053 -1.28503 -13.6662 13.7539
3.55 1.48949 -1.21692 -13.5654 13.6469
3.56 1.46284 -1.25464 -13.6887 13.7666
3.57 1.48016 -1.36898 -13.8722 13.9509
3.58 1.61008 -1.27136 -14.1091 14.2007
3.59 1.7453 -1.29151 -14.2422 14.3488
3.6 1.79804 -1.29659 -14.2342 14.3474
3.61 1.7588 -1.21475 -14.0935 14.2028
3.62 1.66057 -1.07923 -13.916 14.0147
3.63 1.53276 -1.17576 -14.0275 14.111
3.64 1.45695 -1.12919 -14.2351 14.3094
3.65 1.47601 -1.09182 -14.4698 14.5449
3.66 1.57774 -1.14508 -14.5059 14.5915
3.67 1.65854 -1.15455 -14.2964 14.3923
3.68 1.68838 -1.11887 -14.1807 14.2809
3.69 1.68305 -1.22343 -14.2728 14.3717
3.7 1.69594 -1.32194 -14.5931 14.6913
3.71 1.71854 -1.44837 -14.9612 15.0596
3.72 1.73238 -1.58711 -15.0951 15.1942
3.73 1.75745 -1.58533 -15.0836 15.1856
3.74 1.725 -1.40197 -14.8061 14.9062
3.75 1.67481 -1.22916 -14.7492 14.844
3.76 1.67384 -1.2388 -14.8819 14.9757
3.77 1.74796 -1.18568 -15.1149 15.2156
3.78 1.78452 -1.27798 -15.2187 15.323
3.79 1.79534 -1.1128 -15.1 15.2063
3.8 1.70653 -1.20933 -14.8939 14.9914
3.81 1.60573 -1.03292 -14.8613 14.9478
3.82 1.60996 -1.00233 -15.1127 15.1982
3.83 1.71973 -0.982196 -15.3554 15.4514
3.84 1.77639 -0.841207 -13.4382 13.5551
3.85 1.95198 -0.31252 -7.1998 7.45972
3.86 1.69306 0.000615358 -8.37853 8.54788
3.87 0.574906 -0.952593 -20.7342 20.7422
3.88 0.877674 -1.95485 -20.6702 20.6888
3.89 2.13601 -1.24489 -14.6165 14.7718
3.9 2.37603 -1.31977 -11.6915 11.9305
3.91 2.40714 -1.41348 -10.414 10.6886
3.92 2.4663 -1.78313 -9.98799 10.288
3.93 2.30282 -2.20444 -9.14709 9.43251
3.94 1.90258 -1.92149 -7.89634 8.12232
3.95 1.5098 -1.4727 -6.38449 6.56059
3.96 1.31691 -1.34866 -4.86264 5.03781
3.97 1.15263 -1.18863 -3.77276 3.9449
3.98 0.92966 -1.08613 -3.17123 3.30468
3.99 0.629556 -1.00051 -2.76166 2.83251
4 0.357022 -0.61204 -2.12991 2.15962
4.01 0.169222 -0.392238 -1.35989 1.37038
4.02 0.0480114 -0.263266 -0.821745 0.823147
4.03 -0.014094 -0.0285348 -0.518305 0.518497
4.04 -0.066671 -0.120905 -0.354591 0.360804
4.05 -0.0577588 -0.0599876 -0.218151 0.225667
4.06 0.0235642 0.120337 -0.0586369 0.0631946
4.07 0.0262328 0.0472388 -0.0392046 0.0471717
4.08 0.0140743 0.0452978 -0.0388843 0.041353
4.09 0.0140988 0.0810634 -0.0065371 0.0155406
4.1 0.01862 0.216385 -0.0771497 0.0793649
4.11 0.0181307 0.0831609 0.0125361 0.0220426
4.12 0.00501645 0.193643 -0.0316509 0.032046
4.13 0.00659513 0.0321098 -0.0325744 0.0332353
4.14 0.0252204 0.0833944 -0.0585155 0.0637192
4.15 0.00931241 0.0752894 -0.0647806 0.0654465
4.16 0.0176472 0.110163 -0.0451839 0.0485078
4.17 0.0183407 0.0113711 -0.0129858 0.0224725
4.18 0.00584464 0.0995912 0.000261073 0.00585047
4.19 0.00643442 0.0769414 -0.0384761 0.0390104
4.2 0.0146264 0.00919387 0.00626318 0.0159109
4.21 0.0192202 0.296296 -0.0380805 0.0426561
4.22 0.00475487 0.127121 -0.0127924 0.0136475
4.23 0.0186005 0.0340548 -0.00752564 0.0200653
4.24 -0.00340522 0.256512 0.00092767 0.00352932
4.25 0.0248489 0.163863 0.000276519 0.0248505
4.26 0.0146178 0.0847916 0.0135876 0.0199576
4.27 0.0216106 0.0544389 -0.0129641 0.0252009
4.28 0.00500811 0.122325 -0.018835 0.0194894
4.29 0.0259182 0.0785612 0.0130955 0.0290387
4.3 0.0232907 0.187069 0.000164736 0.0232913
4.31 0.00619631 0.0905075 -0.0317838 0.0323821
4.32 0.00228442 0.0081494 -0.0263188 0.0264178
4.33 0.0261288 -0.0157268 -0.00720485 0.0271039
4.34 0.0131477 0.139553 -0.0128364 0.0183749
4.35 -0.00087364 0.0188894 0.0125207 0.0125511
4.36 0.0250285 0.136907 -0.000109208 0.0250288
4.37 0.0182498 0.0832346 -0.0454908 0.049015
4.38 0.0139337 0.157008 0.00708129 0.0156299
4.39 0.0116304 0.0604582 -0.00654347 0.0133448
4.4 0.0191997 0.0779935 0.0193207 0.0272382
4.41 0.0324745 0.119242 -0.0514167 0.0608134
4.42 0.0268072 0.211839 -0.0452413 0.0525871
4.43 -0.00169112 0.0502319 -0.0382426 0.0382799
4.44 0.00911586 0.137456 -0.0319128 0.0331892
4.45 0.0323 0.128256 -0.0257368 0.0412998
4.46 0.0211576 0.0324835 -0.0135855 0.0251438
4.47 0.0092212 0.133278 0.0383289 0.0394226
4.48 0.0217159 0.121127 0.0258635 0.0337713
4.49 0.00646966 0.103568 -0.0189746 0.0200472
4.5 0.00903224 0.209449 0.00668758 0.0112386
4.51 0.0177394 0.190237 0.00684939 0.0190158
4.52 0.0328798 0.127756 0.0194377 0.0381956
4.53 0.0163604 0.218234 0.0516442 0.0541737
4.54 0.00979072 0.146182 0.0129999 0.0162744
4.55 0.0255589 0.096622 0.0256683 0.0362232
4.56 0.0316722 0.195288 0.019541 0.0372153
4.57 0.00600696 0.117295 0.00634563 0.00873788
4.58 0.0111939 0.368868 -0.0181304 0.0213077
4.59 0.0251037 0.0790741 -0.000846745 0.025118
4.6 0.0136068 0.0901575 -0.0191794 0.0235158
4.61 0.00589696 0.108122 0.00125172 0.00602835
4.62 0.0192193 0.189458 -0.0188893 0.0269478
4.63 0.0192163 0.167141 -0.00648923 0.0202824
4.64 0.0299231 0.0359288 0.00564751 0.0304514
4.65 0.00774496 0.366108 -0.0243437 0.025546
4.66 0.0104945 0.0476995 0.00633735 0.0122596
4.67 0.0167211 0.24025 -0.00579881 0.017698
4.68 0.0205177 0.139786 -0.0196512 0.0284103
4.69 0.0162859 0.107034 -0.0648256 0.06684
4.7 0.0144054 0.0676636 -0.00042477 0.0144116
4.71 0.0176132 0.132539 -0.00653006 0.0187848
4.72 0.0197295 0.171677 -0.000494429 0.0197357
4.73 0.0238817 0.110828 -0.0194389 0.030793
4.74 0.0247348 0.146028 0.0322055 0.0406079
4.75 0.0129888 0.144147 -0.00618245 0.0143851
4.76 0.0120267 0.189317 -0.0446948 0.0462846
4.77 0.0177618 0.0703225 -0.026023 0.0315068
4.78 0.0206498 0.148611 0.00667888 0.0217031
4.79 0.013856 0.112551 -3.76691e-07 0.013856
4.8 -0.00152597 0.0863482 -0.0639927 0.0640109
4.81 0.028353 0.135075 -0.0062169 0.0290265
4.82 0.0142494 0.0945734 -0.00617084 0.0155282
4.83 0.0287936 0.148079 -0.0134205 0.0317676
4.84 0.0184177 0.0520854 -0.0515949 0.0547836
4.85 0.0243559 0.123773 -0.0191264 0.0309682
4.86 0.0077224 0.20997 -0.0380983 0.038873
4.87 0.0141727 0.0992999 -0.00649248 0.015589
4.88 0.0100652 0.0833538 -0.0263672 0.0282229
4.89 0.022981 -0.00467708 -0.00722086 0.0240888
4.9 0.00909621 0.0928557 0.0126708 0.0155978
4.91 0.0144347 0.0855074 0.0320749 0.0351733
4.92 0.036708 0.134395 -2.45487e-05 0.0367081
4.93 0.0334566 0.0960125 -0.0260127 0.0423792
4.94 0.0251589 0.17276 0.0191274 0.0316042
4.95 0.0250876 0.163649 -0.012993 0.0282526
4.96 0.0114501 0.221221 -0.0254974 0.0279503
4.97 0.0206256 0.135305 0.0193879 0.0283073
4.98 0.00300598 0.0610871 -0.0130439 0.0133857
4.99 0.0181746 0.0607723 -0.012466 0.022039
5 0.00290059 0.0968306 0.0134008 0.0137111
5.01 0.0365027 0.0856702 -0.0133662 0.0388729
5.02 0.0128863 0.0864029 -0.0256943 0.0287447
5.03 0.0172422 0.123766 0.00666299 0.0184849
5.04 0.0358404 0.13016 -0.019547 0.0408243
5.05 0.00935324 0.119806 -0.0066482 0.0114753
5.06 0.0114948 0.122583 0.000110525 0.0114953
5.07 0.0413439 0.0919853 -0.000182244 0.0413443
5.08 0.0150996 -0.017615 -0.00106004 0.0151368
5.09 0.00788433 0.134187 -0.0194022 0.020943
5.1 0.0251923 0.137032 -0.0129461 0.0283241
5.11 0.00844531 0.209478 -0.031944 0.0330415
5.12 0.0208855 0.139292 0.000346541 0.0208884
5.13 0.018507 0.0470041 -0.018547 0.0262011
5.14 0.0184685 0.083378 0.0256495 0.0316067
5.15 0.0296956 0.14313 -0.0128761 0.032367
5.16 0.0248511 0.136815 0.032508 0.0409188
5.17 0.0110233 0.185705 -0.0579879 0.0590264
5.18 0.0317659 0.14214 -0.00715973 0.0325628
5.19 0.00881198 0.169068 0.00667101 0.0110523
5.2 0.0123618 0.167036 0.0322133 0.0345038
5.21 0.0168396 0.110825 -0.0131599 0.0213718
5.22 0.0210391 0.139268 0.000114109 0.0210394
5.23 0.00570434 0.0863907 -0.0389632 0.0393786
5.24 0.0161495 0.151619 -0.00032897 0.0161529
5.25 0.0284924 0.179549 -0.0322935 0.0430661
5.26 0.0204638 0.211248 -0.0255618 0.032744
5.27 0.0133554 0.184032 0.000144608 0.0133562
5.28 0.0210756 0.134943 0.0324094 0.0386594
5.29 0.017608 0.0343347 0.0122644 0.0214583
5.3 0.0288344 0.103213 0.000230398 0.0288353
5.31 0.0257768 0.118609 0.0323834 0.0413899
5.32 0.00250432 0.128503 -0.00608301 0.00657835
5.33 0.0255939 0.10079 0.000116174 0.0255942
5.34 0.0215951 0.0814996 -0.00027664 0.0215969
5.35 0.0162631 0.133462 -0.0193423 0.0252707
5.36 0.0201495 0.139958 0.0128576 0.0239023
5.37 -0.00685892 0.147237 0.0199641 0.0211095
5.38 0.00669568 0.152571 -0.0057038 0.00879577
5.39 0.0214268 0.112669 -0.0193112 0.028845
5.4 0.0178554 -0.0148941 -0.0455089 0.0488864
5.41 0.0165415 0.267205 -0.00541308 0.0174046
5.42 0.0217326 0.143411 -0.00631684 0.022632
5.43 0.0139393 0.0949441 0.00035554 0.0139439
5.44 0.0220953 0.0673518 0.0261362 0.0342243
5.45 0.0123984 0.233739 0.00684403 0.014162
5.46 0.032946 0.132329 0.00634949 0.0335523
5.47 0.00888994 0.137476 -0.0121674 0.0150691
5.48 0.0265137 -0.0516126 0.0317017 0.0413277
5.49 0.00294411 0.0480402 -0.0258149 0.0259823
5.5 0.00502759 0.10419 0.0129325 0.0138754
5.51 0.0138789 0.108421 0.0258223 0.0293157
5.52 0.0248338 0.0883106 -0.000916754 0.0248507
5.53 0.0169833 0.239829 0.00105277 0.0170159
5.54 0.00510838 0.157752 0.0130769 0.0140393
5.55 0.0144555 0.0765169 0.00662736 0.0159023
5.56 0.0143434 0.0412447 0.0185206 0.0234253
5.57 0.0164322 0.20897 0.00675717 0.0177673
5.58 -0.00290375 0.0648392 -0.0320194 0.0321508
5.59 0.0180268 0.0788467 0.000144918 0.0180274
5.6 0.0211254 0.108127 -0.000128665 0.0211258
5.61 0.0115583 0.287586 0.0072687 0.0136539
5.62 0.0212567 0.0679302 -0.00681282 0.0223218
