0 0.0083638 -0.156412 0.00490162 0.00969428
0.01 -0.00147785 -0.244665 -0.014605 0.0146796
0.02 0.021354 -0.164627 -0.00755958 0.0226526
0.03 0.000829056 -0.112446 -0.0199575 0.0199747
0.04 -0.00497572 -0.251378 -0.026878 0.0273347
0.05 0.00215434 -0.219981 -0.033217 0.0332868
0.06 0.00657887 -0.191719 -0.0134322 0.0149568
0.07 0.00027686 -0.14737 -0.00743726 0.00744241
0.08 -0.00711262 -0.0985353 -0.0200457 0.0212702
0.09 0.00527265 -0.239607 -0.0403209 0.0406641
0.1 0.00491422 -0.172524 0.00526495 0.00720203
0.11 -0.00155502 -0.239919 -0.0400652 0.0400954
0.12 0.0130171 -0.0925004 -0.0140337 0.0191413
0.13 0.0135375 -0.142202 -0.0010284 0.0135765
0.14 0.00943557 -0.197572 -0.0339655 0.0352517
0.15 -0.0205652 -0.193084 -0.0254799 0.0327437
0.16 0.00180664 -0.175248 0.00498921 0.00530624
0.17 0.00421159 -0.0567657 -0.000350589 0.00422615
0.18 0.00510439 -0.105845 -0.0203367 0.0209675
0.19 0.00302287 -0.305006 -0.034155 0.0342885
0.2 0.00121322 -0.174715 -0.0204049 0.020441
0.21 -0.0121518 -0.345543 -0.0145192 0.0189333
0.22 0.00890054 -0.0812167 -0.000393379 0.00890923
0.23 -0.00261544 -0.168163 0.0187338 0.0189155
0.24 -0.00952666 -0.154772 -0.000803682 0.0095605
0.25 0.0164202 -0.139136 -0.0335164 0.0373225
0.26 0.00128905 -0.179601 0.00617034 0.00630355
0.27 0.00515208 -0.208549 -0.0464804 0.0467651
0.28 0.0169633 -0.135473 0.00561578 0.0178687
0.29 0.00118103 -0.099071 -0.00694806 0.00704772
0.3 0.000911691 -0.0538425 -0.0199344 0.0199553
0.31 0.000897554 -0.0896403 -0.0134913 0.0135212
0.32 0.0126808 -0.21307 -0.0336956 0.0360027
0.33 0.0137475 -0.204562 -0.0274267 0.0306793
0.34 0.00591131 -0.190886 0.0118842 0.0132732
0.35 -0.00972963 -0.190448 -0.0519226 0.0528264
0.36 0.0147405 -0.294425 -0.0151681 0.0211507
0.37 -0.00163674 -0.217432 -0.0142896 0.014383
0.38 0.00436757 -0.0478252 -0.00640588 0.00775313
0.39 9.5821e-05 -0.16986 0.031753 0.0317532
0.4 -0.0161498 -0.141927 -0.0461088 0.0488553
0.41 -0.0171356 -0.190461 -0.0203108 0.0265736
0.42 0.0102689 -0.202849 -0.0199722 0.0224575
0.43 0.0100978 -0.287341 -0.0151102 0.0181737
0.44 0.000706132 -0.148008 0.00565453 0.00569845
0.45 0.00550591 -0.110179 0.0117649 0.0129895
0.46 0.00645909 -0.227443 -0.0201346 0.0211453
0.47 0.00125095 -0.184242 -0.0203028 0.0203413
0.48 0.00637591 -0.267331 -0.0207954 0.0217509
0.49 0.00287921 -0.24734 -0.0462228 0.0463123
0.5 0.00452372 -0.132229 -0.00096464 0.00462543
0.51 0.00993096 -0.171158 -0.0140469 0.0172029
0.52 0.00348966 -0.100255 -0.0396399 0.0397932
0.53 0.00678736 -0.214022 -0.000994007 0.00685976
0.54 0.00989749 -0.238023 -0.0209927 0.0232089
0.55 0.00951833 -0.251171 -0.0206938 0.0227779
0.56 -0.00042167 -0.316581 0.0114177 0.0114255
0.57 0.00191187 -0.188513 -0.00154165 0.002456
0.58 0.0126321 -0.13691 -0.0206505 0.0242077
0.59 -0.00954248 -0.24902 -0.0264985 0.0281643
0.6 0.013069 -0.146525 0.0119133 0.017684
0.61 0.00559893 -0.208748 -0.00114445 0.0057147
0.62 0.00608194 -0.178075 0.00548568 0.0081904
0.63 0.00986909 -0.184205 -0.0268179 0.0285762
0.64 0.00637532 -0.280683 -0.0142182 0.0155821
0.65 -0.00267416 -0.181372 -0.0263518 0.0264871
0.66 -0.0132834 -0.161408 -0.000851189 0.0133106
0.67 0.00574875 -0.164307 0.0115667 0.0129165
0.68 -0.00951294 -0.225672 0.0108269 0.0144125
0.69 0.00794064 -0.0763047 -0.00120896 0.00803215
0.7 0.0033904 -0.149073 -0.0146968 0.0150828
0.71 0.00954521 -0.202356 -0.0261271 0.0278161
0.72 0.00156155 -0.219648 0.0179197 0.0179876
0.73 0.00518733 -0.159283 -0.0333181 0.0337194
0.74 -0.00633432 -0.139046 0.00611136 0.00880184
0.75 0.00953925 -0.170779 -0.00165987 0.00968259
0.76 0.00171097 -0.175187 0.00549219 0.00575253
0.77 -0.00133972 -0.204417 -0.0076122 0.00772919
0.78 0.00657788 -0.218263 -0.0265307 0.027334
0.79 0.00117939 -0.161606 -0.00713153 0.00722839
0.8 -0.0068035 -0.125449 -0.0396707 0.0402499
0.81 0.01064 -0.171436 -0.0395038 0.0409116
0.82 -0.00233204 -0.203976 -0.0140758 0.0142677
0.83 -0.00643803 -0.165839 -0.0261949 0.0269744
0.84 0.012801 -0.164155 -0.00731742 0.0147448
0.85 -0.00609409 -0.206042 -0.00770175 0.00982114
0.86 -0.00539387 -0.246688 -0.0331371 0.0335733
0.87 0.00530811 -0.173225 -0.0131835 0.014212
0.88 -0.00424873 -0.113345 -0.0462456 0.0464404
0.89 0.0171348 -0.166804 -0.00766413 0.0187707
0.9 -0.00768798 -0.222654 -0.0469902 0.047615
0.91 -0.00437403 -0.0417261 -0.0588994 0.0590616
0.92 -0.00619856 -0.166053 -0.0394645 0.0399483
0.93 -0.00477586 -0.336527 -0.0343327 0.0346633
0.94 0.0196625 -0.154311 -0.027185 0.0335505
0.95 8.25152e-06 -0.120696 -0.0460389 0.0460389
0.96 -0.0027882 -0.154903 -0.0137944 0.0140733
0.97 -0.00691823 -0.133996 -0.00750301 0.0102057
0.98 -0.00481246 -0.309724 -0.0467136 0.0469608
0.99 0.00449189 -0.136559 -0.00772702 0.00893778
1 0.0130866 -0.177652 -0.0525264 0.054132
1.01 0.00559073 -0.235763 -0.0077001 0.00951566
1.02 0.00635483 -0.244949 -0.0522022 0.0525876
1.03 0.00931008 -0.126114 -0.0203663 0.0223934
1.04 -0.00239766 -0.172558 -0.0139033 0.0141085
1.05 0.00264056 -0.167172 0.0124047 0.0126826
1.06 0.00143482 -0.197192 -0.0266327 0.0266713
1.07 0.0120854 -0.105717 0.00542817 0.0132485
1.08 -0.00629143 -0.170258 -0.014183 0.0155158
1.09 0.0113912 -0.136242 -0.0274924 0.0297589
1.1 0.00223155 -0.202087 -0.0140953 0.0142708
1.11 -0.00239305 -0.0877059 -0.0261205 0.0262299
1.12 0.00246949 -0.215814 0.00546595 0.00599791
1.13 0.0129651 -0.16405 0.0049843 0.0138902
1.14 -0.00291468 -0.109989 -0.0132937 0.0136095
1.15 0.0138806 -0.169194 0.012002 0.0183499
1.16 0.00993664 -0.26513 -0.039812 0.0410333
1.17 -0.00683599 -0.0180595 0.0190779 0.0202656
1.18 0.0135518 -0.186538 -0.00143779 0.0136278
1.19 -0.000633123 -0.200449 -0.0327091 0.0327152
1.2 -0.00157428 -0.177822 -0.0135585 0.0136496
1.21 0.00511093 -0.164005 -0.0076254 0.00917978
1.22 0.00556913 -0.137351 0.0119524 0.0131862
1.23 0.0057692 -0.173278 -0.0390201 0.0394443
1.24 0.00119915 -0.107919 0.0250575 0.0250861
1.25 -0.00364186 -0.194368 0.0179103 0.0182768
1.26 -0.00652989 -0.0767191 0.0127287 0.0143059
1.27 -0.00950258 -0.208408 0.0121975 0.0154621
1.28 -0.00847957 -0.302725 -0.0143509 0.0166689
1.29 0.00461083 -0.136646 -0.0395004 0.0397686
1.3 0.00404049 -0.105408 -0.00728993 0.00833479
1.31 0.00118914 -0.174649 -0.0394117 0.0394297
1.32 0.00816122 -0.147966 -0.0141968 0.0163754
1.33 -0.00590373 -0.219497 -0.0272691 0.0279009
1.34 0.00446763 -0.149865 0.00498198 0.00669177
1.35 0.00355625 -0.265661 0.0309189 0.0311227
1.36 0.00496121 -0.105853 0.0186834 0.0193309
1.37 0.0066525 -0.266808 -0.0270296 0.0278362
1.38 -0.00201432 -0.190684 -0.00746933 0.00773617
1.39 0.0130729 -0.190829 -0.0272832 0.0302535
1.4 -0.00172848 -0.280572 -0.000953193 0.00197388
1.41 0.000278358 -0.370598 0.0176981 0.0177003
1.42 -0.0110932 -0.0294244 0.0195082 0.0224417
1.43 0.011005 -0.127061 -0.0532427 0.0543682
1.44 -0.00175759 -0.324979 -0.0214135 0.0214855
1.45 0.0152355 -0.121013 0.00508914 0.016063
1.46 -0.00657506 -0.160989 0.00552735 0.00858971
1.47 0.00388166 -0.363778 -0.00827494 0.00914013
1.48 -0.00241555 -0.163891 0.00548335 0.00599183
1.49 0.00893086 -0.255065 -0.0536233 0.0543619
1.5 -0.00588904 -0.179776 -0.0394137 0.0398512
1.51 0.0214696 -0.200222 -0.0466093 0.0513164
1.52 0.00969701 -0.202077 0.00484054 0.010838
1.53 0.0129082 -0.194858 -0.0338834 0.0362589
1.54 -0.010115 -0.19482 0.00543495 0.0114826
1.55 0.00100454 -0.165783 -0.00112732 0.00150995
1.56 0.00276487 -0.265335 0.0119599 0.0122753
1.57 -0.00223889 -0.177312 0.00569631 0.00612051
1.58 0.00382842 -0.118774 -0.000750857 0.00390136
1.59 0.000420243 -0.130246 -0.0324825 0.0324852
1.6 0.00559893 -0.208748 -0.00114445 0.0057147
1.61 0.0107629 -0.216169 -0.0328285 0.0345478
1.62 0.0172685 -0.0954431 0.0188482 0.0255628
1.63 0.0103173 -0.180178 -0.0145501 0.0178368
1.64 0.00937613 -0.144341 -0.000862394 0.00941571
1.65 0.0144985 -0.213915 0.0243823 0.0283673
1.66 0.00172987 -0.157311 -0.000795258 0.00190392
1.67 0.00425895 -0.100999 -0.0194962 0.0199559
1.68 -0.0077046 -0.0488384 -0.0135406 0.0155791
1.69 -0.00177343 -0.217945 0.0114932 0.0116292
1.7 0.0170851 -0.117186 -0.00771821 0.0187476
1.71 -0.000735842 -0.316844 -0.0078275 0.00786201
1.72 -0.000434977 -0.223061 0.0185865 0.0185916
1.73 0.00595405 -0.172895 -0.0267887 0.0274423
1.74 0.00649814 -0.142689 0.0254421 0.0262588
1.75 -0.0020115 -0.181739 0.011847 0.0120166
1.76 0.0109911 -0.0695334 -0.0331576 0.0349318
1.77 -0.00610583 -0.206151 -0.0453744 0.0457834
1.78 0.00923149 -0.103789 -0.0269051 0.0284448
1.79 -0.00957029 -0.18185 -0.0389009 0.0400608
1.8 -0.0141665 -0.138582 -0.00768367 0.0161161
1.81 -0.00412933 0.00235162 -0.0193246 0.0197608
1.82 0.00596727 -0.218188 -0.0590305 0.0593313
1.83 0.00105285 -0.232496 -0.0401867 0.0402005
1.84 0.00533894 -0.141869 -0.0135141 0.0145305
1.85 0.00121521 -0.0413324 -0.0264945 0.0265223
1.86 -0.00243986 -0.163644 -0.0649156 0.0649615
1.87 0.00174273 -0.211168 -0.238846 0.238852
1.88 -0.0298233 -0.21502 -0.657203 0.657879
1.89 0.00486225 -0.262463 -0.872408 0.872422
1.9 0.0607622 -0.301583 -0.838264 0.840463
1.91 0.0877494 -0.349635 -0.622229 0.628386
1.92 0.116574 -0.358471 -0.623514 0.634318
1.93 0.0973741 -0.481202 -0.784335 0.790357
1.94 0.0940355 -0.420535 -1.06178 1.06594
1.95 0.0684196 -0.404329 -1.35816 1.35989
1.96 0.0574478 -0.293968 -1.62283 1.62384
1.97 0.0799168 -0.442201 -1.88159 1.88328
1.98 0.087448 -0.414826 -2.14102 2.14281
1.99 0.102174 -0.526321 -2.3875 2.38969
2 0.106184 -0.590306 -2.72568 2.72775
2.01 0.0908459 -0.522005 -2.98309 2.98448
2.02 0.0865972 -0.524124 -2.62724 2.62866
2.03 -0.0371552 -0.53377 -3.75253 3.75271
2.04 -0.0427477 -0.38534 -4.25519 4.2554
2.05 0.0305872 -0.630121 -4.48548 4.48558
2.06 0.118605 -0.582029 -4.40493 4.40653
2.07 0.237435 -0.500462 -4.29062 4.29719
2.08 0.302861 -0.40262 -4.512 4.52215
2.09 0.324709 -0.557436 -4.87534 4.88615
2.1 0.326035 -0.598161 -5.2296 5.23975
2.11 0.307398 -0.545674 -5.48081 5.48943
2.12 0.273235 -0.582216 -5.68648 5.69304
2.13 0.295719 -0.640465 -5.8362 5.84369
2.14 0.348999 -0.583167 -5.92182 5.9321
2.15 0.412917 -0.568479 -6.14158 6.15544
2.16 0.45051 -0.595183 -6.50464 6.52022
2.17 0.446216 -0.511153 -6.92359 6.93795
2.18 0.408847 -0.651702 -7.3377 7.34908
2.19 0.375154 -0.643762 -7.59536 7.60462
2.2 0.372829 -0.668634 -7.78373 7.79265
2.21 0.425304 -0.754442 -7.97933 7.99065
2.22 0.487137 -0.685753 -8.20725 8.22169
2.23 0.560869 -0.641748 -8.41012 8.4288
2.24 0.630286 -0.747411 -8.69143 8.71426
2.25 0.699 -0.84389 -8.93626 8.96356
2.26 0.767834 -0.935537 -9.23702 9.26888
2.27 0.812972 -0.932182 -9.47363 9.50844
2.28 0.83749 -0.996184 -9.72669 9.76268
2.29 0.873113 -0.942891 -9.87736 9.91588
2.3 0.932796 -0.890329 -9.98833 10.0318
2.31 0.987704 -0.701185 -10.1224 10.1705
2.32 1.0041 -0.898183 -10.2775 10.3264
2.33 1.01451 -0.889971 -10.4835 10.5324
2.34 0.98378 -0.856514 -10.7344 10.7794
2.35 0.956989 -0.999844 -10.9349 10.9767
2.36 0.977528 -0.618432 -11.1736 11.2162
2.37 0.973153 -0.957986 -11.4794 11.5206
2.38 0.944453 -1.02064 -11.6993 11.7374
2.39 0.939494 -0.932403 -11.6866 11.7243
2.4 0.948828 -0.862543 -11.6798 11.7183
2.41 1.01032 -0.900196 -11.8494 11.8924
2.42 1.1107 -0.939349 -12.1699 12.2205
2.43 1.17885 -0.979658 -12.5117 12.5671
2.44 1.23435 -1.14198 -12.7413 12.801
2.45 1.24469 -1.10895 -12.6906 12.7515
2.46 1.2086 -1.09682 -12.564 12.622
2.47 1.17664 -1.03743 -12.5417 12.5968
2.48 1.20674 -1.04718 -12.8271 12.8837
2.49 1.30514 -1.04376 -13.3037 13.3676
2.5 1.38701 -1.083 -13.6832 13.7534
2.51 1.4327 -1.23947 -13.797 13.8712
2.52 1.41133 -1.21754 -13.7362 13.8086
2.53 1.28937 -1.10249 -13.712 13.7725
2.54 1.14287 -1.09854 -13.7187 13.7662
2.55 1.06222 -1.11622 -13.8543 13.8949
2.56 1.1095 -1.12807 -14.0564 14.1001
2.57 1.24842 -1.03947 -14.0744 14.1296
2.58 1.34165 -1.08825 -13.9918 14.056
2.59 1.33971 -0.91458 -13.8528 13.9174
2.6 1.25648 -1.07398 -13.8294 13.8863
2.61 1.16902 -1.16822 -13.9256 13.9746
2.62 1.18183 -1.05082 -14.1256 14.175
2.63 1.30879 -0.958439 -14.2628 14.3227
2.64 1.47076 -0.828694 -14.2758 14.3514
2.65 1.57799 -0.822135 -14.1519 14.2396
2.66 1.5809 -0.796066 -14.2344 14.3219
2.67 1.46179 -0.686585 -14.2807 14.3553
2.68 1.27189 -0.842649 -14.3666 14.4228
2.69 1.17719 -0.779957 -14.3984 14.4464
2.7 1.14726 -0.899082 -14.4225 14.4681
2.71 1.23669 -0.940713 -14.4797 14.5325
2.72 1.36951 -1.01026 -14.6422 14.7061
2.73 1.50169 -1.06039 -14.919 14.9944
2.74 1.64727 -1.06287 -14.9422 15.0327
2.75 1.74793 -0.868966 -14.7165 14.8199
2.76 1.75254 -0.9582 -14.392 14.4983
2.77 1.62771 -0.923089 -14.3219 14.4141
2.78 1.537 -0.995679 -14.6456 14.726
2.79 1.52572 -1.18851 -15.1009 15.1778
2.8 1.6728 -1.18404 -15.2959 15.3871
2.81 1.79264 -1.20948 -15.2031 15.3084
2.82 1.86556 -1.23414 -14.8677 14.9843
2.83 1.83706 -1.21471 -14.7696 14.8834
2.84 1.73549 -1.09575 -14.7663 14.868
2.85 1.68875 -1.18476 -15.0453 15.1398
2.86 1.74156 -1.41312 -15.4012 15.4993
2.87 1.81717 -1.34794 -15.4805 15.5867
2.88 1.85391 -1.3702 -15.1883 15.3011
2.89 1.79794 -1.1534 -14.8064 14.9152
2.9 1.63947 -1.22574 -14.6061 14.6979
2.91 1.53353 -1.01364 -14.7651 14.8445
2.92 1.51272 -1.23595 -15.2161 15.2912
2.93 1.68068 -1.66232 -15.6624 15.7523
2.94 1.85651 -1.62201 -15.8008 15.9095
2.95 1.95916 -1.66664 -15.7091 15.8308
2.96 1.95612 -1.58562 -15.5709 15.6933
2.97 1.81992 -1.53548 -15.5776 15.6836
2.98 1.67058 -1.59366 -15.7242 15.8127
2.99 1.59496 -1.65178 -15.7958 15.8762
3 1.67604 -1.56667 -15.3318 15.4232
3.01 1.54804 -0.819499 -10.7396 10.8506
3.02 1.36208 -0.455246 -6.36886 6.51289
3.03 1.42852 -1.09675 -12.1069 12.1909
3.04 1.05388 -1.57527 -22.4537 22.4784
3.05 1.67586 -1.68529 -18.8099 18.8844
3.06 2.67953 -1.27328 -12.6486 12.9293
3.07 2.61294 -1.57019 -11.2737 11.5725
3.08 2.54518 -2.22406 -11.2094 11.4947
3.09 2.44899 -2.58807 -10.8485 11.1215
3.1 2.23654 -2.71319 -9.34917 9.61296
3.11 1.73509 -2.15388 -7.8995 8.08781
3.12 1.42631 -1.57974 -6.34396 6.50232
3.13 1.22744 -1.38583 -4.68171 4.83994
3.14 0.921253 -1.28669 -3.74164 3.85339
3.15 0.398666 -1.14904 -2.9907 3.01715
3.16 0.00796404 -1.06318 -2.36213 2.36214
3.17 -0.162692 -0.886565 -1.5381 1.54668
3.18 -0.160704 -0.750393 -0.905143 0.919298
3.19 -0.106046 -0.272249 -0.346897 0.362744
3.2 -0.0184348 -0.260678 -0.0211502 0.0280566
3.21 -0.00159105 -0.315909 -0.0149346 0.0150192
3.22 -0.0154629 -0.182559 -0.0266246 0.0307892
3.23 0.0122788 -0.190361 0.0112109 0.0166269
3.24 0.00159914 -0.183715 -0.0460468 0.0460745
3.25 0.000354992 -0.12523 -0.046523 0.0465243
3.26 0.0039227 -0.15857 -0.0340282 0.0342535
3.27 0.0045263 -0.136315 -0.0275776 0.0279466
3.28 -2.23559e-05 -0.155977 -0.0400069 0.0400069
3.29 -0.00702135 -0.223647 -0.0460529 0.0465851
3.3 0.00785326 -0.1743 -0.0530834 0.0536612
3.31 0.00413536 -0.118641 -0.0526073 0.0527696
3.32 0.00403772 -0.0917129 -0.0329442 0.0331907
3.33 0.00987239 -0.287141 -0.0467595 0.0477904
3.34 0.0113938 -0.104819 0.0117378 0.0163583
3.35 0.000415895 -0.196382 -0.0209024 0.0209065
3.36 -0.0112572 -0.149257 -0.0206485 0.0235178
3.37 0.0134107 -0.213252 -0.00783129 0.0155299
3.38 0.0196707 -0.149936 -0.0142908 0.0243138
3.39 -0.00354751 -0.220953 -0.0208323 0.0211322
3.4 -0.00270762 -0.194666 -0.0272913 0.0274253
3.41 -0.00368095 -0.127327 -0.00702872 0.00793424
3.42 -0.00760015 -0.165038 0.018555 0.0200512
3.43 0.00858358 -0.174501 -0.0020805 0.00883212
3.44 0.0112761 -0.350419 0.0235934 0.0261496
3.45 0.00191289 -0.242265 0.0438448 0.0438866
3.46 0.00429627 -0.243606 -0.0406712 0.0408975
3.47 0.00767641 -0.16104 -0.0270434 0.0281118
3.48 0.00478908 -0.203678 0.00498406 0.00691203
3.49 0.00811341 -0.24136 0.0106809 0.013413
3.5 -0.00185933 -0.208287 -0.0266232 0.026688
3.51 0.0120084 -0.203745 -0.00765919 0.0142431
3.52 -0.0054774 -0.300108 0.0241715 0.0247843
3.53 0.00187004 -0.282554 0.0112104 0.0113654
3.54 0.00198449 -0.24226 0.0243351 0.0244159
3.55 0.00206888 -0.18396 -0.00684256 0.00714849
3.56 -0.0108351 -0.127728 -0.00735237 0.0130942
3.57 -0.0138156 -0.250601 -0.00110199 0.0138594
3.58 0.000400973 -0.165398 -0.0139164 0.0139222
3.59 0.0025307 -0.309284 -0.0150814 0.0152923
3.6 0.00182718 -0.175132 0.0311719 0.0312254
3.61 -0.00655002 -0.214464 -0.00772451 0.0101277
3.62 -0.000531394 -0.155975 -0.000793029 0.000954607
3.63 0.00928861 -0.153115 0.0179976 0.0202532
3.64 -0.005525 -0.322475 -0.00861792 0.0102369
3.65 -0.00994509 -0.266046 -0.0143663 0.0174727
3.66 0.00432111 -0.19465 0.011351 0.0121457
3.67 0.000521104 -0.232287 -0.021094 0.0211005
3.68 0.00713789 -0.195996 -0.0343041 0.0350389
3.69 0.00306507 -0.0602243 -0.000877775 0.00318828
3.7 0.0174768 -0.211071 0.0176443 0.0248346
3.71 -0.00420781 -0.171603 0.0242621 0.0246243
3.72 0.0111936 -0.100619 -0.00772066 0.013598
3.73 0.00311728 -0.0688087 -0.0138639 0.0142101
3.74 0.000814859 -0.24175 0.0242382 0.0242519
3.75 -0.00227253 -0.164043 -0.00728324 0.00762954
3.76 0.00159698 -0.17965 0.00570543 0.00592472
3.77 0.000549599 -0.147661 0.0119485 0.0119611
3.78 -0.00380368 -0.149517 -0.0131325 0.0136722
3.79 0.00604539 -0.222139 0.0245164 0.0252508
3.8 0.0116139 -0.109718 0.0244339 0.0270536
3.81 0.00962306 -0.175195 0.0183724 0.0207401
3.82 -0.00315677 -0.145283 -0.00729986 0.00795318
3.83 0.0131056 -0.150689 0.0179556 0.0222297
3.84 0.00483129 -0.172656 0.0122406 0.0131596
3.85 0.000252413 -0.134113 -0.00676824 0.00677295
3.86 0.00215536 -0.170798 -0.0264569 0.0265446
3.87 0.000283471 -0.00943071 0.00654328 0.00654942
3.88 0.00855497 -0.143484 0.0246858 0.0261261
3.89 0.00430829 -0.158463 -0.0080398 0.00912139
3.9 0.000632348 -0.134176 -0.00160433 0.00172446
3.91 -0.0032608 -0.0826735 -0.0202626 0.0205233
3.92 -0.0131628 -0.268676 0.00564065 0.0143205
3.93 0.00938985 -0.202029 0.00530541 0.010785
3.94 0.00537212 -0.190969 -0.0138724 0.0148762
3.95 0.0036954 -0.0289095 -0.00749875 0.00835986
3.96 -0.0108444 -0.225589 -0.00763497 0.0132625
3.97 0.000454186 -0.0448461 0.0252178 0.0252219
3.98 0.00076363 -0.161162 -0.0137507 0.0137719
3.99 -0.00586448 -0.214877 0.0243419 0.0250384
4 -0.00330298 -0.260772 0.00422536 0.00536315
4.01 -0.00348585 -0.181343 -0.0201019 0.0204019
4.02 -0.00313117 -0.208045 -0.0207904 0.0210248
4.03 -0.0118144 -0.162335 -0.0139854 0.0183077
4.04 -3.80171e-05 -0.129077 -0.00106652 0.0010672
4.05 0.00791617 -0.182937 -0.00214138 0.00820069
4.06 -0.00392678 -0.0419451 0.0115752 0.0122231
4.07 0.00217483 -0.255715 0.00476708 0.00523974
4.08 -0.00933634 -0.337943 0.0177113 0.0200215
4.09 0.0179481 -0.220443 0.0303575 0.0352663
4.1 -0.0146373 -0.13866 0.00561806 0.0156785
4.11 0.00282304 -0.00201245 -0.0326365 0.0327584
4.12 0.00192277 -0.277786 -0.00835041 0.00856892
4.13 0.00401032 -0.104857 0.0120793 0.0127276
4.14 0.000881833 -0.178545 -0.00810678 0.0081546
4.15 -0.00249889 -0.101004 -0.00755027 0.00795305
4.16 0.00408806 -0.176205 -0.0143949 0.0149641
4.17 -0.00964083 -0.226177 0.0251197 0.0269062
4.18 -5.10197e-05 -0.111788 0.0315762 0.0315763
4.19 0.0171788 -0.179763 -0.0335426 0.0376858
4.2 0.00160117 -0.201495 0.0115619 0.0116723
4.21 -0.00759683 -0.142741 0.031296 0.0322049
4.22 0.000993228 -0.0897015 -0.0139943 0.0140295
4.23 0.00847421 -0.174407 0.0182028 0.0200787
4.24 -0.00204411 -0.119287 0.00562752 0.00598726
4.25 0.00261446 -0.33634 0.0112888 0.0115876
4.26 -0.00811817 -0.0754412 0.0120717 0.0145475
4.27 0.00997635 -0.237889 0.0305997 0.032185
4.28 -0.00206151 -0.19986 -0.020583 0.020686
4.29 0.00826273 -0.174421 0.0181647 0.0199557
4.3 0.00925459 -0.210693 0.0112904 0.0145987
4.31 -0.00264266 -0.114365 0.0380471 0.0381388
4.32 -0.00288423 -0.2389 -0.00155554 0.00327697
4.33 -0.00206261 -0.123972 0.0315907 0.031658
4.34 0.00546988 -0.172959 0.0314326 0.031905
4.35 -0.0250786 -0.216626 0.0244712 0.0350396
4.36 -0.0140139 -0.151939 -0.0264775 0.0299574
4.37 0.00070938 -0.170014 0.0377647 0.0377713
4.38 0.00709433 -0.137777 0.00403834 0.00816319
4.39 -0.0147133 -0.151693 0.0377666 0.0405314
4.4 4.9267e-05 -0.0760193 -0.0141595 0.0141596
4.41 0.00519491 -0.16826 -0.0138467 0.0147891
4.42 -0.00709208 -0.165201 0.00559411 0.00903281
4.43 0.00889089 -0.183817 -0.0279226 0.0293039
4.44 0.00502402 -0.216741 -0.0470383 0.0473059
4.45 -0.0027937 -0.194637 0.0119988 0.0123197
4.46 0.0162872 -0.174846 0.00470011 0.0169518
4.47 0.0117021 -0.087591 -0.0010058 0.0117453
4.48 0.00145815 -0.201342 0.0243285 0.0243722
4.49 -0.00358019 -0.0240003 0.0310055 0.0312116
4.5 0.0171555 -0.166526 -0.00773505 0.0188187
4.51 0.000680774 -0.210498 0.011606 0.0116259
4.52 0.00806878 -0.11634 0.024422 0.0257204
4.53 0.00415992 -0.153741 0.0111483 0.0118992
4.54 -0.00959649 -0.195015 0.0312618 0.0327016
4.55 0.000981071 -0.143279 0.0500606 0.0500702
4.56 0.00559975 -0.25289 -0.00802585 0.00978628
4.57 0.00843777 -0.170083 -0.0140925 0.0164254
4.58 0.0018707 -0.223922 -0.00804382 0.00825848
4.59 -0.00246525 -0.114273 0.00542928 0.00596276
4.6 0.000152594 -0.120073 0.0244191 0.0244196
4.61 0.00834249 -0.170041 0.0115491 0.0142471
4.62 -0.00558057 -0.188477 0.0442224 0.0445731
4.63 -0.0059268 -0.286394 0.00457279 0.00748581
4.64 0.0018373 -0.197623 0.024906 0.0249737
4.65 0.00818337 -0.085314 0.0121687 0.0146644
4.66 -0.00781204 -0.178243 -0.00115887 0.00789753
4.67 -0.00241598 -0.177082 -0.014193 0.0143972
