0 -0.00847479 0.067549 0.0261245 0.0274648
0.01 0.00808931 -0.0227173 0.0128546 0.015188
0.02 0.0152814 0.0445277 -0.0133055 0.0202622
0.03 0.012286 -0.0258593 0.0131514 0.0179974
0.04 -0.000155102 0.0627213 0.0327297 0.0327301
0.05 -0.00482433 0.0609061 0.0196037 0.0201886
0.06 0.0139931 0.0717082 -0.0188094 0.0234436
0.07 0.0104547 0.10968 0.00665824 0.0123949
0.08 0.00684366 0.111676 0.0394135 0.0400032
0.09 0.0195366 -0.0255198 0.0129714 0.0234507
0.1 0.0183474 0.0559652 0.0124887 0.0221945
0.11 0.0111619 0.0561346 0.00639573 0.0128644
0.12 0.000572325 0.0218486 -0.00601333 0.00604051
0.13 0.00219272 0.114384 0.0265765 0.0266668
0.14 0.0116829 0.0197856 0.0128232 0.0173472
0.15 0.00631164 0.0894252 0.0134525 0.0148596
0.16 -0.00999089 0.0727545 0.000256899 0.0099942
0.17 0.0102349 0.0919195 0.0254417 0.0274232
0.18 0.0114107 0.0334295 -0.0131397 0.0174028
0.19 0.0103196 0.0823202 -0.0118583 0.0157198
0.2 0.014357 0.111736 0.0449707 0.0472069
0.21 0.00596198 0.116922 0.0136596 0.014904
0.22 0.0116936 0.0332863 -0.00635844 0.0133106
0.23 0.0157929 0.0572331 -0.0126521 0.0202359
0.24 -0.0047446 -0.0109248 0.013321 0.0141407
0.25 -0.0122044 0.0831647 0.0326837 0.034888
0.26 0.00427616 0.0329841 0.0389729 0.0392068
0.27 -0.00521951 0.0163483 0.0255938 0.0261206
0.28 0.0119602 0.0817062 0.0263309 0.0289199
0.29 0.0153626 0.0309864 0.038802 0.0417326
0.3 0.00349637 0.0826217 0.0393081 0.0394633
0.31 -0.00325359 -0.0116774 0.0194281 0.0196986
0.32 -0.00283404 -0.0339473 0.00676514 0.00733477
0.33 -0.00543977 0.150404 0.0398764 0.0402457
0.34 0.0147716 0.0849289 -0.0129003 0.0196116
0.35 0.0176986 0.168019 0.0200205 0.0267219
0.36 0.00571386 0.107861 0.013042 0.0142387
0.37 -0.0163893 0.0944433 0.00726576 0.0179276
0.38 0.00126926 0.128524 -0.0250505 0.0250826
0.39 0.00732184 0.0803168 0.000529475 0.00734096
0.4 0.00816887 -0.0411386 0.0388311 0.039681
0.41 0.00290018 0.140953 0.0454189 0.0455114
0.42 -0.00181102 0.11694 0.0203273 0.0204078
0.43 0.00617361 0.0944569 -0.00621673 0.00876134
0.44 -0.00473835 0.109738 0.0395802 0.0398628
0.45 0.00669008 0.214634 0.00101944 0.00676731
0.46 -0.000490543 0.0714684 0.0137935 0.0138022
0.47 0.00386931 0.0645278 0.00695433 0.00795828
0.48 0.0152683 0.0352734 0.00623619 0.0164927
0.49 -0.00723467 0.0310704 -0.00550939 0.00909361
0.5 -0.000842454 0.0807329 -0.00555384 0.00561737
0.51 0.00617932 0.00991442 -0.0328575 0.0334335
0.52 0.00304193 0.0917981 -0.0254999 0.0256807
0.53 -0.0194003 -0.0101397 0.0255538 0.0320838
0.54 -0.00431585 0.0739344 0.0263185 0.0266701
0.55 -0.000372189 0.0448181 -0.00593984 0.00595149
0.56 0.00787893 0.129045 0.0585958 0.0591231
0.57 0.00247001 0.0831407 0.000189202 0.00247724
0.58 0.00589849 0.178949 0.0201148 0.0209618
0.59 0.0147026 0.0937084 0.0521788 0.0542107
0.6 0.00238785 0.0830076 0.00716482 0.00755225
0.61 -5.80875e-05 -0.000198387 0.0259824 0.0259825
0.62 0.00677655 0.0580799 0.0194881 0.0206327
0.63 -0.00902741 0.116683 0.026909 0.0283829
0.64 0.0111088 0.0381754 0.00628083 0.0127614
0.65 0.00249511 0.145469 0.0204932 0.0206445
0.66 0.00563055 0.183958 -0.00545386 0.00783885
0.67 1.65002e-05 0.0089117 -0.000464591 0.000464884
0.68 0.00239383 0.11443 -0.0121725 0.0124056
0.69 0.00683578 0.0755539 -0.018773 0.0199788
0.7 -0.00169625 0.121402 0.020114 0.0201854
0.71 0.00391245 -0.0204354 0.0320465 0.0322845
0.72 -0.011312 0.0378486 0.0332504 0.0351219
0.73 0.0149638 0.0761732 0.0450555 0.0474754
0.74 -0.00394868 0.0245792 -0.0129503 0.0135389
0.75 -0.00454384 0.0917339 -0.0115479 0.0124097
0.76 0.0106637 0.0913005 0.0133949 0.0171213
0.77 -0.0056412 0.159171 -0.031728 0.0322256
0.78 0.0142259 0.165305 0.0199384 0.0244932
0.79 0.00376259 0.0862847 -0.0443628 0.0445221
0.8 -0.00517604 0.163496 0.0138978 0.0148303
0.81 0.00739744 0.0356752 0.0194683 0.0208264
0.82 -0.0038146 0.00653783 -0.00578089 0.00692602
0.83 0.00103719 0.262895 0.00678613 0.00686494
0.84 0.00345017 0.0426751 -0.0124034 0.0128743
0.85 0.0225406 0.039794 0.0254236 0.033977
0.86 -0.00609667 0.212964 0.0209381 0.0218076
0.87 0.00188441 0.177451 0.00703279 0.00728088
0.88 -0.00138373 0.0632144 0.00722192 0.00735329
0.89 0.00634451 0.0724134 -0.019258 0.0202762
0.9 -0.00997607 0.260348 0.0144539 0.0175624
0.91 0.00715232 0.0489307 0.00645067 0.00963155
0.92 -0.0052122 0.212919 0.020317 0.0209749
0.93 -0.000451801 0.01796 -0.0192387 0.019244
0.94 0.0106897 0.0962762 0.0322803 0.0340043
0.95 0.0047606 0.113103 0.00679847 0.00829955
0.96 0.011173 0.0601868 0.0132284 0.0173155
0.97 0.00149229 0.15521 0.000620371 0.0016161
0.98 0.00287207 0.0827294 0.0265887 0.0267433
0.99 0.0220685 0.115947 0.0132539 0.0257427
1 0.0176078 0.114469 0.00622752 0.0186767
1.01 -0.00843521 0.0630626 0.0261053 0.0274343
1.02 0.00738171 0.0402769 -0.0128972 0.0148603
1.03 -0.00432138 0.158638 0.0267064 0.0270538
1.04 -0.00572469 0.128391 0.0192421 0.0200756
1.05 0.00217648 0.208227 0.0398075 0.0398669
1.06 0.00313289 0.065214 -0.00567259 0.00648023
1.07 -0.0083855 0.036085 0.0198202 0.0215211
1.08 -0.00156295 0.143721 0.0387519 0.0387834
1.09 0.00512964 0.148742 0.0127655 0.0137576
1.1 -0.00290881 0.023866 0.0326413 0.0327706
1.11 -0.00804888 0.0672531 0.0201392 0.0216881
1.12 -0.00112354 0.0632776 -0.00611798 0.00622029
1.13 0.00585943 0.116492 0.0458465 0.0462195
1.14 0.0103934 0.0873458 -0.00635084 0.0121801
1.15 -0.00641037 -0.15696 0.0121276 0.0137175
1.16 0.0112875 0.0778405 0.0326916 0.0345853
1.17 0.015599 0.0576588 0.0195539 0.0250137
1.18 0.00393095 -0.0157505 0.00608333 0.00724288
1.19 -0.00491963 0.131814 0.0138343 0.014683
1.2 -0.00304522 0.149029 -0.00585198 0.00659689
1.21 -0.00547004 0.0792917 0.0325711 0.0330272
1.22 0.00972443 0.118968 0.0324241 0.033851
1.23 -0.00726221 -0.0496514 -0.0191148 0.0204479
1.24 -0.00517124 0.155003 0.0131777 0.014156
1.25 0.0153065 0.0842167 0.0133377 0.0203023
1.26 -0.00438684 0.0872824 0.0392518 0.0394961
1.27 0.0136444 0.0898978 0.00629754 0.0150276
1.28 -0.00707692 -0.0134382 0.00645386 0.00957784
1.29 0.00769981 0.0441204 0.0197242 0.0211738
1.3 0.00193491 0.0836919 0.000204836 0.00194572
1.31 0.000167091 -0.000217942 0.0062402 0.00624244
1.32 0.00342468 0.0603197 -0.0124887 0.0129498
1.33 0.0111102 0.10055 0.0327166 0.0345516
1.34 0.00270217 0.0607919 0.00649557 0.00703521
1.35 0.00680423 0.116323 0.0131791 0.0148319
1.36 0.01828 0.104982 0.00644404 0.0193826
1.37 0.0103007 0.0738731 -0.00644655 0.0121516
1.38 0.00817308 0.053162 0.000598936 0.008195
1.39 -0.00181678 0.1751 0.00761586 0.00782956
1.4 -0.0139805 0.177889 -0.0118927 0.0183546
1.41 -0.000492911 0.0851438 0.0132778 0.013287
1.42 -0.00765622 0.000253313 -0.0190442 0.0205256
1.43 0.00592369 -0.0216861 0.0327798 0.0333107
1.44 0.00656171 0.0451982 0.00583572 0.00878132
1.45 -0.000172405 0.0847409 0.0455392 0.0455395
1.46 0.014882 0.0537227 0.00586374 0.0159955
1.47 0.00892289 0.212652 -0.0116806 0.0146988
1.48 0.0134556 0.063295 -0.0129709 0.0186895
1.49 0.0106043 0.0740072 0.000264475 0.0106076
1.5 0.00237434 0.0832018 0.000692185 0.00247317
1.51 0.0102925 0.0468582 -0.0130022 0.0165829
1.52 0.0028094 0.100614 0.0261625 0.0263129
1.53 -0.000540839 0.0850938 0.0266558 0.0266613
1.54 -0.0089759 0.125678 0.0328467 0.034051
1.55 -0.0188234 0.0512815 0.0200009 0.0274656
1.56 0.00295781 0.118532 0.000635808 0.00302537
1.57 0.00361947 0.0380497 0.0197298 0.020059
1.58 -8.87075e-05 0.0448163 -0.000272904 0.000286959
1.59 -0.00891024 0.116899 0.0263357 0.0278022
1.6 -0.000907251 0.125323 0.0394336 0.0394441
1.61 0.00450592 0.0148817 0.0456393 0.0458612
1.62 0.0184004 0.0737632 0.0388566 0.0429931
1.63 0.00738149 0.0174761 0.0196943 0.0210321
1.64 0.00287506 0.0918353 0.0196515 0.0198607
1.65 -0.00211748 0.0814783 -0.0450517 0.0451014
1.66 0.00549143 -0.0301533 0.0266252 0.0271856
1.67 -0.00107055 0.161029 0.0656077 0.0656165
1.68 -0.00155581 0.112124 0.0394232 0.0394539
1.69 -0.00912625 0.174562 0.0337783 0.0349895
1.7 0.00193932 0.155172 0.0197034 0.0197986
1.71 0.0157151 0.0127763 -0.0197338 0.0252267
1.72 0.0149864 0.0845999 0.00621492 0.016224
1.73 0.0213454 0.0807201 -0.214903 0.215961
1.74 0.0422443 0.015416 -0.882768 0.883779
1.75 0.0601852 0.0131806 -1.26604 1.26747
1.76 0.104935 -0.161025 -1.30368 1.30789
1.77 0.148344 -0.0454171 -1.13796 1.14759
1.78 0.197922 -0.129063 -0.932706 0.953475
1.79 0.164845 -0.270088 -0.835713 0.851816
1.8 0.131809 -0.133497 -0.909936 0.919434
1.81 0.079909 -0.078426 -1.03606 1.03913
1.82 0.0382398 0.00130897 -1.1893 1.18991
1.83 0.00268913 0.152259 -1.32833 1.32834
1.84 -0.0101906 -0.0933792 -1.47643 1.47646
1.85 0.0124492 -0.00442489 -1.55359 1.55364
1.86 0.0468548 0.0326452 -1.65047 1.65114
1.87 0.0578552 0.0303838 -1.77334 1.77428
1.88 0.0645914 -0.0449514 -1.93522 1.9363
1.89 0.0699636 0.0724834 -1.98038 1.98162
1.9 0.0654823 -0.0407916 -2.12939 2.13039
1.91 0.050542 0.0481368 -2.16651 2.1671
1.92 0.0600909 0.00759091 -2.27094 2.27174
1.93 0.0667422 0.0257709 -2.40615 2.40708
1.94 0.0647881 -0.0935873 -2.57515 2.57596
1.95 0.0879528 0.0215539 -2.6457 2.64716
1.96 0.119974 0.0154318 -2.76971 2.77231
1.97 0.104618 0.0556418 -2.84536 2.84728
1.98 0.120668 -0.0876792 -3.00153 3.00396
1.99 0.126587 -0.00660079 -3.15525 3.15779
2 0.144036 -0.0161925 -3.27324 3.27641
2.01 0.133964 0.00370245 -3.45356 3.45616
2.02 0.127749 -0.00965647 -3.60072 3.60298
2.03 0.102753 -0.0212376 -3.81935 3.82073
2.04 0.121471 -0.0492638 -4.01301 4.01485
2.05 0.128588 -0.0705792 -4.16198 4.16397
2.06 0.0971602 -0.0332165 -4.30882 4.30992
2.07 0.0920571 -0.118362 -4.55465 4.55558
2.08 0.0741704 -0.0346465 -4.84426 4.84483
2.09 0.0573082 -0.0722953 -5.12818 5.1285
2.1 0.0550828 -0.0433076 -5.34162 5.3419
2.11 0.0690787 -0.110024 -5.47135 5.47179
2.12 0.0945171 -0.130398 -5.84883 5.8496
2.13 0.144544 -0.102025 -6.24428 6.24596
2.14 0.179947 -0.101962 -6.49229 6.49479
2.15 0.239341 -0.173682 -6.65685 6.66115
2.16 0.297156 -0.182963 -6.79339 6.79989
2.17 0.369118 -0.200893 -6.86641 6.87632
2.18 0.427633 -0.272993 -7.0171 7.03012
2.19 0.476936 -0.365304 -7.1418 7.15771
2.2 0.503915 -0.287863 -7.34994 7.36719
2.21 0.524517 -0.376014 -7.48641 7.50476
2.22 0.559311 -0.28076 -7.71364 7.73389
2.23 0.572508 -0.328584 -7.90893 7.92962
2.24 0.582632 -0.392402 -8.09152 8.11247
2.25 0.604929 -0.540132 -8.24162 8.26379
2.26 0.59187 -0.380106 -8.27271 8.29386
2.27 0.601729 -0.367898 -8.40775 8.42926
2.28 0.580287 -0.336896 -8.54193 8.56162
2.29 0.554294 -0.454815 -8.69621 8.71386
2.3 0.558079 -0.322208 -8.90279 8.92026
2.31 0.535458 -0.536353 -9.15435 9.16999
2.32 0.531336 -0.190071 -9.28139 9.29659
2.33 0.541007 -0.29797 -9.39795 9.41351
2.34 0.526656 -0.31591 -9.43583 9.45051
2.35 0.531617 -0.150288 -9.49249 9.50736
2.36 0.547456 -0.499009 -9.65021 9.66573
2.37 0.582505 -0.288863 -9.80535 9.82263
2.38 0.611298 -0.333433 -9.93634 9.95512
2.39 0.639978 -0.293226 -10.0215 10.0419
2.4 0.661861 -0.351433 -10.1649 10.1865
2.41 0.676386 -0.383341 -10.2748 10.2971
2.42 0.67921 -0.406695 -10.3469 10.3692
2.43 0.685285 -0.276658 -10.4176 10.4401
2.44 0.685653 -0.369975 -10.5151 10.5375
2.45 0.662087 -0.449469 -10.5922 10.6129
2.46 0.6529 -0.295903 -10.6676 10.6875
2.47 0.650437 -0.387801 -10.75 10.7696
2.48 0.646355 -0.375951 -10.8087 10.828
2.49 0.660578 -0.371045 -10.9063 10.9263
2.5 0.64759 -0.358887 -10.9833 11.0024
2.51 0.631154 -0.331115 -10.9894 11.0075
2.52 0.638714 -0.366796 -11.0609 11.0793
2.53 0.637102 -0.384169 -11.0799 11.0982
2.54 0.655109 -0.363929 -11.0878 11.1071
2.55 0.658367 -0.380076 -11.2168 11.2361
2.56 0.654884 -0.454015 -11.329 11.3479
2.57 0.658094 -0.527746 -11.3947 11.4136
2.58 0.697697 -0.409868 -11.3955 11.4169
2.59 0.707152 -0.545622 -11.3524 11.3744
2.6 0.695788 -0.369107 -11.4549 11.476
2.61 0.701185 -0.412138 -11.6572 11.6783
2.62 0.700276 -0.589723 -11.8144 11.8351
2.63 0.697107 -0.641687 -11.738 11.7586
2.64 0.693171 -0.621367 -11.7376 11.7581
2.65 0.668115 -0.620336 -11.7241 11.7431
2.66 0.661635 -0.508632 -11.8151 11.8336
2.67 0.690657 -0.602909 -11.9273 11.9472
2.68 0.741888 -0.724685 -11.8847 11.9079
2.69 0.794402 -0.570239 -11.8596 11.8862
2.7 0.799839 -0.614305 -11.7562 11.7834
2.71 0.790339 -0.568346 -11.7862 11.8127
2.72 0.749442 -0.405317 -11.9059 11.9295
2.73 0.739038 -0.545839 -12.0471 12.0698
2.74 0.747975 -0.515175 -12.1348 12.1578
2.75 0.788194 -0.360297 -12.1195 12.1451
2.76 0.751665 -0.27065 -12.0193 12.0428
2.77 0.686626 -0.301574 -12.113 12.1324
2.78 0.605365 -0.344737 -12.3596 12.3745
2.79 0.585739 -0.515306 -12.6729 12.6865
2.8 0.636333 -0.618749 -12.917 12.9326
2.81 0.768367 -0.683584 -12.7943 12.8173
2.82 0.861464 -0.585894 -12.6605 12.6898
2.83 0.854927 -0.587678 -12.5103 12.5395
2.84 0.823539 -0.502417 -12.3919 12.4193
2.85 0.743786 -0.480561 -12.422 12.4443
2.86 0.685767 -0.601893 -12.4413 12.4602
2.87 0.693546 -0.754462 -12.5877 12.6068
2.88 0.767061 -0.73801 -12.7267 12.7498
2.89 0.821306 -0.73679 -12.7343 12.7607
2.9 0.873489 -0.720695 -12.7298 12.7597
2.91 0.854411 -0.754341 -12.6705 12.6993
2.92 0.810901 -0.709516 -12.6815 12.7074
2.93 0.7288 -0.649882 -12.7364 12.7572
2.94 0.67444 -0.705201 -12.8711 12.8887
2.95 0.682296 -0.606841 -12.8952 12.9133
2.96 0.69931 -0.706737 -12.9208 12.9398
2.97 0.727659 -0.64891 -12.9058 12.9263
2.98 0.741904 -0.447153 -12.8917 12.913
2.99 0.690007 -0.410629 -12.8693 12.8878
3 0.600576 -0.390749 -12.8726 12.8866
3.01 0.509175 -0.526448 -12.9081 12.9181
3.02 0.483868 -0.510812 -13.0759 13.0849
3.03 0.509845 -0.638274 -13.0981 13.108
3.04 0.584923 -0.541006 -13.1141 13.1272
3.05 0.632839 -0.548902 -13.064 13.0793
3.06 0.668616 -0.681892 -13.1374 13.1544
3.07 0.659652 -0.639763 -13.2668 13.2832
3.08 0.582912 -0.68935 -13.3698 13.3825
3.09 0.517751 -0.675317 -13.4654 13.4753
3.1 0.486313 -0.686025 -13.5433 13.5521
3.11 0.488296 -0.668816 -13.4512 13.46
3.12 0.454489 -0.73352 -13.222 13.2298
3.13 0.424594 -0.500606 -13.0946 13.1015
3.14 0.397676 -0.603759 -13.3218 13.3278
3.15 0.429622 -0.68042 -13.5782 13.585
3.16 0.473145 -0.804363 -13.6741 13.6823
3.17 0.512832 -0.801917 -13.4104 13.4202
3.18 0.477055 -0.788424 -13.2338 13.2424
3.19 0.404102 -0.725237 -13.1849 13.1911
3.2 0.379992 -0.791026 -13.4384 13.4437
3.21 0.434844 -0.989761 -13.7736 13.7805
3.22 0.53887 -0.911863 -13.8368 13.8473
3.23 0.630112 -0.937577 -13.5343 13.5489
3.24 0.640242 -0.980307 -13.1627 13.1783
3.25 0.510563 -0.68206 -12.9604 12.9704
3.26 0.386968 -0.837629 -13.143 13.1487
3.27 0.357947 -0.792577 -13.5364 13.5411
3.28 0.426372 -0.781441 -13.7121 13.7187
3.29 0.544065 -0.732224 -13.5138 13.5247
3.3 0.588728 -0.603411 -13.3576 13.3705
3.31 0.520258 -0.601751 -13.2361 13.2463
3.32 0.39899 -0.732377 -13.3887 13.3946
3.33 0.330078 -0.636273 -13.6595 13.6635
3.34 0.341121 -0.625904 -13.6621 13.6663
3.35 0.404823 -0.657835 -13.4818 13.4879
3.36 0.425413 -0.524888 -13.4297 13.4365
3.37 0.456857 -0.663854 -13.6332 13.6408
3.38 0.528522 -0.650384 -13.9409 13.9509
3.39 0.625295 -0.728305 -14.1457 14.1595
3.4 0.693166 -0.761549 -13.9664 13.9836
3.41 0.72162 -0.74374 -13.6367 13.6558
3.42 0.654026 -0.666142 -13.5301 13.5459
3.43 0.531838 -0.737691 -13.7279 13.7382
3.44 0.515258 -0.771165 -14.1631 14.1724
3.45 0.639221 -0.945191 -14.5642 14.5782
3.46 0.800718 -0.924302 -14.5826 14.6045
3.47 0.864704 -1.08057 -14.4285 14.4544
3.48 0.838671 -0.833471 -14.1391 14.1639
3.49 0.686074 -0.598278 -13.8643 13.8812
3.5 0.478852 -0.484854 -13.8051 13.8134
3.51 0.356324 -0.682122 -14.0709 14.0754
3.52 0.430415 -0.857155 -14.6294 14.6357
3.53 0.762223 -0.93698 -14.9267 14.9462
3.54 0.998019 -0.868067 -14.7775 14.8112
3.55 1.14727 -0.888747 -14.4469 14.4924
3.56 1.08627 -0.735455 -14.3045 14.3457
3.57 0.817144 -0.658688 -14.2605 14.2839
3.58 0.50966 -0.608497 -14.1531 14.1623
3.59 0.246115 -0.522256 -14.0677 14.0698
3.6 0.15271 -0.669171 -14.3399 14.3407
3.61 0.331823 -0.784388 -14.6415 14.6452
3.62 0.67843 -0.881895 -14.8479 14.8634
3.63 0.941771 -0.983355 -14.7132 14.7433
3.64 1.14076 -0.879742 -14.3876 14.4328
3.65 1.09161 -0.761585 -13.8621 13.905
3.66 0.824019 -0.197337 -9.89977 9.934
3.67 0.56739 -0.0670336 -5.94478 5.9718
3.68 0.195242 -0.999002 -18.3324 18.3335
3.69 -0.470371 -1.12046 -21.1951 21.2003
3.7 0.538968 -0.940529 -17.8452 17.8533
3.71 1.73564 -0.752172 -11.4435 11.5744
3.72 1.89438 -0.88799 -9.70975 9.89282
3.73 1.9094 -1.00925 -9.63286 9.82028
3.74 1.78882 -1.68091 -9.58872 9.75415
3.75 1.35413 -1.82669 -8.69639 8.80118
3.76 1.00822 -1.34307 -7.51764 7.58495
3.77 0.726276 -0.952926 -5.97527 6.01924
3.78 0.534049 -0.669345 -4.76794 4.79776
3.79 0.383808 -0.760708 -4.04995 4.06809
3.8 0.199115 -0.778329 -3.65995 3.66536
3.81 0.0565452 -0.724798 -3.22086 3.22136
3.82 -0.0459901 -0.505459 -2.50882 2.50924
3.83 -0.110647 -0.277146 -1.8819 1.88515
3.84 -0.144038 -0.270421 -1.4047 1.41206
3.85 -0.187727 -0.0524505 -0.958124 0.976342
3.86 -0.211243 -0.0208809 -0.545596 0.585063
3.87 -0.218928 0.0636682 -0.27181 0.349014
3.88 -0.0514316 0.0327923 -0.0767435 0.0923839
3.89 0.0119142 0.131244 -0.000207607 0.011916
3.9 0.00862689 0.164743 0.0252796 0.0267111
3.91 -0.0155851 0.170417 -0.038338 0.0413848
3.92 0.0102872 0.0967071 -0.0192577 0.0218331
3.93 -0.00552058 0.0704581 0.000380372 0.00553367
3.94 0.0095514 0.110404 0.0391827 0.04033
3.95 0.00565619 0.0503291 0.0124672 0.0136903
3.96 0.00898477 0.0843078 -0.0137321 0.0164103
3.97 0.00138343 0.0528529 -0.01923 0.0192797
3.98 0.00182489 0.114879 0.00657941 0.0068278
3.99 0.0114334 -0.109305 0.0117186 0.0163721
4 0.0098862 0.14596 0.0387473 0.0399887
4.01 0.00913018 0.0927778 0.0453261 0.0462365
4.02 0.00224369 0.0658847 0.0322101 0.0322881
4.03 -0.000886818 0.0360179 0.0714145 0.07142
4.04 0.0103597 0.0522274 0.0319956 0.033631
4.05 -0.00649757 0.155699 0.0456284 0.0460887
4.06 -0.00813797 0.018583 0.0324779 0.0334819
4.07 -0.00873416 0.0233437 0.032583 0.0337333
4.08 -0.0132691 0.0572191 0.00637904 0.0147228
4.09 -0.00595562 0.0662181 0.0197245 0.020604
4.1 -0.00321351 0.109332 0.00652441 0.00727287
4.11 -0.0031924 0.149525 -0.0121631 0.012575
4.12 -0.0134861 0.0174722 0.0321341 0.0348493
4.13 -0.00214823 0.0724195 0.0265854 0.0266721
4.14 -0.00639689 0.080222 0.0449768 0.0454295
4.15 0.00250634 0.110724 0.0515232 0.0515841
4.16 0.00646111 0.0724489 0.0315603 0.0322149
4.17 -0.0094696 0.104144 0.0390603 0.0401918
4.18 -0.00254065 0.0104237 0.0125391 0.0127939
4.19 -0.00197075 0.0684262 0.0259227 0.0259975
4.2 0.00433862 0.0690946 -0.0264128 0.0267667
4.21 0.00680505 0.072181 0.00629769 0.00927198
4.22 -0.0011108 0.0363592 0.0386476 0.0386636
4.23 0.00280639 -0.00165618 -0.00679467 0.00735142
4.24 0.00964829 0.0793916 0.051474 0.0523705
4.25 0.00873297 0.0979069 0.0127406 0.0154463
4.26 0.00780606 0.156493 -0.000802406 0.00784719
4.27 -0.00515822 0.0386827 0.0386029 0.038946
4.28 -0.0136699 0.119844 0.0326683 0.0354131
4.29 -0.0138353 0.083908 0.0070294 0.0155186
4.3 0.00943603 0.14616 0.0519788 0.0528283
4.31 0.00498756 0.0951429 0.0709204 0.0710956
4.32 -0.0130256 0.101317 0.0208153 0.0245549
4.33 -0.00563078 0.0347023 0.0324651 0.0329498
4.34 0.00101465 0.129055 0.0643406 0.0643486
4.35 -0.00703461 0.253983 0.03339 0.034123
4.36 0.00234923 0.0431712 0.0516967 0.05175
4.37 -0.00568276 0.0393628 0.0511527 0.0514674
4.38 0.0179612 0.0744144 0.0121163 0.0216658
4.39 0.00816199 0.115793 0.0515314 0.0521738
4.4 0.0134959 0.117099 0.0454001 0.0473636
4.41 0.0144357 0.0092769 0.0575463 0.0593293
4.42 0.000171511 0.160927 -0.000479807 0.000509539
4.43 -0.000694456 0.049267 0.0386896 0.0386958
4.44 0.0046072 0.122375 0.0575492 0.0577334
4.45 0.00552432 0.0771736 0.0257279 0.0263143
4.46 0.00182854 0.172845 0.0589081 0.0589365
4.47 -0.0107643 0.100224 0.000387114 0.0107713
4.48 0.0180021 0.109663 0.0448714 0.0483479
4.49 0.00516048 0.148826 0.0777378 0.0779089
4.5 -0.00214735 0.130871 0.0587227 0.058762
4.51 -0.00817258 0.0316916 0.0457513 0.0464755
4.52 0.0024508 0.0970111 0.0517683 0.0518263
4.53 -0.00467571 0.078643 0.0454686 0.0457083
4.54 0.00191009 0.0796729 0.0131525 0.0132905
4.55 -0.00488039 0.0659098 0.0192118 0.019822
4.56 0.00571708 0.0817702 0.077109 0.0773206
4.57 -0.00202626 0.0641424 0.0252921 0.0253731
4.58 0.00182117 0.101688 0.0454711 0.0455075
4.59 0.0108566 0.0958971 0.0647741 0.0656777
4.6 -0.014517 0.227746 0.0774771 0.0788254
4.61 0.00783735 0.240634 0.0524322 0.0530147
4.62 -0.0107221 0.180732 0.0456068 0.0468503
4.63 -0.00131792 0.00523258 0.0190894 0.0191348
4.64 0.00402267 0.131368 0.0130948 0.0136988
4.65 -0.00502677 0.0701482 0.0585914 0.0588066
4.66 -0.00992186 0.188866 0.0455056 0.0465747
4.67 0.00942958 0.101546 0.0516428 0.0524966
4.68 0.00342852 0.0249416 0.0513372 0.0514515
4.69 0.0101854 0.0519738 0.0322983 0.0338663
4.7 -0.00510875 0.0701762 0.039314 0.0396446
4.71 -0.00126851 0.0367261 0.019803 0.0198436
4.72 0.00234752 0.0834095 0.0391385 0.0392088
4.73 -0.0118139 0.0522993 0.0380376 0.03983
4.74 -0.00360267 -0.0643344 0.0508074 0.050935
4.75 0.00104265 0.0752567 0.0450272 0.0450393
4.76 -0.00160573 0.0457763 0.0320669 0.0321071
4.77 -0.00196574 0.099688 0.0328384 0.0328972
4.78 -0.0087333 0.125936 0.0716023 0.0721329
4.79 -0.00932416 0.126128 0.0652853 0.0659477
4.8 -0.0185417 0.127271 0.0585324 0.061399
4.81 -0.00664382 0.258788 0.0783341 0.0786153
4.82 -0.00681851 0.245343 0.058961 0.059354
4.83 0.00695978 -0.00407312 0.0315367 0.0322955
4.84 -0.0104931 0.16263 0.0522733 0.0533161
4.85 0.00705181 -0.0265924 0.0445506 0.0451053
4.86 0.0128449 0.0949354 0.0512156 0.0528018
4.87 0.00695265 0.0407347 0.0254025 0.0263368
4.88 0.0140005 0.0587883 0.031502 0.0344731
4.89 0.028589 0.103096 0.0189285 0.0342873
4.9 0.00208456 0.150612 0.0328297 0.0328959
4.91 -0.00746069 -0.124649 0.0244328 0.0255465
4.92 0.00177239 0.0526163 0.0258361 0.0258968
4.93 -0.00669583 0.16494 0.0260461 0.026893
4.94 0.00509406 0.224386 0.0847923 0.0849452
4.95 0.00197353 0.0790449 0.0264386 0.0265122
4.96 0.00604782 -0.0435559 0.0378322 0.0383125
4.97 -2.05459e-05 0.16105 0.000523716 0.000524119
4.98 -0.0026583 0.122089 0.0523704 0.0524378
4.99 0.0143686 0.058455 0.0252462 0.0290487
5 -0.0103507 0.0465321 0.0070621 0.0125304
5.01 -0.00615213 0.204595 0.0522619 0.0526227
5.02 -0.00575898 0.0480125 0.0451295 0.0454955
5.03 0.00969637 0.0701737 0.0127188 0.0159934
5.04 0.00581003 0.0859751 0.051825 0.0521496
5.05 0.010009 0.0785868 0.0517636 0.0527224
5.06 0.00314649 0.0741069 0.0775695 0.0776333
5.07 -0.00065305 -0.0263886 0.0388819 0.0388874
5.08 0.00540889 0.11293 0.0385265 0.0389044
5.09 -0.00223559 0.0597213 0.0511494 0.0511982
5.1 -0.0101223 0.0912882 0.0199735 0.022392
5.11 0.00619509 0.0984768 0.039403 0.0398871
5.12 -0.00572553 0.114877 0.0520748 0.0523886
5.13 0.00974555 0.132437 0.0520296 0.0529344
5.14 0.00479186 0.113509 0.0192617 0.0198488
5.15 0.0254663 0.0829685 0.0769641 0.0810679
5.16 0.00226529 0.0700657 0.0515794 0.0516291
5.17 -0.00588461 0.05287 0.0067919 0.00898657
5.18 0.00439532 0.122381 0.0323725 0.0326695
5.19 0.005023 0.14457 0.0578298 0.0580476
5.2 0.0146621 0.0942911 0.0327603 0.0358917
5.21 -0.00673383 0.155751 0.026581 0.0274207
5.22 0.0166418 0.133077 0.0383282 0.0417852
5.23 0.00565762 0.112703 0.038903 0.0393122
5.24 -0.00315588 0.0733577 0.0448524 0.0449633
5.25 -0.0119832 -0.0460102 0.0445303 0.0461145
5.26 -0.0103933 0.108655 0.0648417 0.0656694
5.27 -0.00240898 0.135214 0.0461696 0.0462324
5.28 0.0108034 -0.0152262 0.0247642 0.0270182
5.29 -0.000837404 0.0946992 0.0387791 0.0387882
5.3 0.00774969 -0.0762021 0.0249356 0.0261121
5.31 0.00213604 0.0833959 0.0391003 0.0391586
5.32 -0.00204451 0.121852 0.0525525 0.0525923
5.33 -0.00605878 0.026053 0.0191371 0.0200733
5.34 0.00644978 0.0588067 0.0518563 0.0522559
5.35 -0.00577366 0.12818 0.0588756 0.059158
5.36 -0.000245424 0.0450021 0.032274 0.0322749
5.37 -0.00898146 0.0369219 0.0256268 0.0271551
5.38 -0.00850621 0.0228401 0.0330322 0.0341099
5.39 -0.0044266 0.0474661 0.0586419 0.0588088
5.4 -0.00981996 0.0824379 0.0576484 0.0584788
5.41 0.0181671 0.0561966 0.0511674 0.0542969
5.42 -0.00980937 0.0998624 0.0327628 0.0341998
5.43 -0.00853486 0.0142637 0.0259098 0.0272793
5.44 0.00247281 0.0920855 0.0195049 0.0196611
5.45 0.00640897 0.094244 0.0390811 0.0396032
5.46 0.014215 0.0584787 0.0254786 0.0291758
5.47 -0.00664997 0.182428 0.0327064 0.0333756
5.48 0.0108008 -0.0111409 0.0513797 0.0525027
5.49 -0.00137505 0.0542174 0.0518343 0.0518526
5.5 0.00544539 0.202111 0.0330692 0.0335145
5.51 0.00645708 0.107324 0.071635 0.0719254
5.52 0.0105797 0.0698074 0.0646037 0.0654642
5.53 -0.00221883 0.0820049 0.0189665 0.0190959
5.54 0.000325926 0.133715 0.0326343 0.0326359
5.55 0.010259 0.127705 0.0326472 0.0342211
5.56 0.00585981 0.0365189 0.0256279 0.0262893
5.57 -0.00222127 0.112634 0.0586806 0.0587226
5.58 -0.00211062 0.0910565 3.55993e-05 0.00211092
5.59 0.00896347 0.0706782 -0.00708462 0.0114252
5.6 0.0216675 0.0852464 0.0259018 0.0337696
5.61 -0.0014078 0.0233444 0.0319709 0.0320019
5.62 0.00288522 -0.00152225 0.0447971 0.04489
5.63 0.00443771 0.126839 0.0516691 0.0518593
5.64 -0.0115621 -0.0283842 0.0383894 0.0400927
5.65 0.00370444 0.0603383 0.0266071 0.0268637
5.66 -0.00700731 0.151959 0.0391497 0.0397719
5.67 -0.00419902 0.056411 0.0330769 0.0333423
5.68 -0.00138196 0.0765466 0.0257833 0.0258203
5.69 0.000100302 -0.0890103 0.0573172 0.0573173
5.7 -0.00558104 0.083935 0.0258471 0.0264428
5.71 -0.00649313 0.124586 0.0261058 0.0269012
5.72 -0.00238817 0.0862885 0.0644804 0.0645246
5.73 -0.00311169 0.153723 0.032616 0.0327641
5.74 -0.00879864 0.0720377 0.0204768 0.0222871
5.75 0.00153285 0.106401 0.0451138 0.0451398
5.76 0.00935601 0.106111 0.0190042 0.0211824
5.77 -0.000199734 -0.0534754 0.0316289 0.0316296
5.78 -0.00572188 0.0969758 0.0270894 0.0276871
5.79 -0.016654 0.0321679 0.0264843 0.0312854
5.8 -0.00758454 0.115963 0.0522242 0.052772
5.81 0.00224462 -0.0101651 0.00628998 0.00667849
5.82 -0.00237968 0.0815571 0.0257443 0.0258541
5.83 -0.000866866 0.0766942 0.0325324 0.032544
5.84 0.00523629 0.121641 0.0330039 0.0334168
5.85 0.00654309 0.0856317 0.0453748 0.0458441
5.86 -0.00128167 0.0810423 0.0453504 0.0453685
5.87 -0.021514 0.0532562 0.00691136 0.0225969
5.88 0.00168472 0.0930451 0.0263175 0.0263714
5.89 -0.00741123 0.263133 0.04643 0.0470177
5.9 0.0173305 0.145712 0.0326148 0.0369334
5.91 -0.0151458 -0.10675 0.0638731 0.0656443
5.92 -0.00114161 0.0812128 0.0386453 0.0386621
5.93 0.00361566 0.14954 0.0127926 0.0132938
5.94 -0.0132007 0.0837681 0.0585378 0.0600078
5.95 -0.00649993 0.169375 0.0451127 0.0455786
5.96 0.0106958 0.0475646 0.0189774 0.021784
5.97 0.00605201 0.0986295 0.0521721 0.052522
5.98 -0.00738632 -0.125129 0.0251145 0.0261781
5.99 0.0111997 -0.0242591 0.0379095 0.0395293
6 -0.000266814 0.32106 0.00826817 0.00827247
6.01 0.00464857 0.117585 0.02633 0.0267372
