0 0.012961 0.0275111 -0.0389583 0.0410578
0.01 0.00531618 0.010134 -0.0129982 0.0140434
0.02 0.00379914 0.0913892 -0.0129457 0.0134917
0.03 0.012845 0.0499151 -0.019585 0.0234215
0.04 -0.0108484 -0.0115684 -0.00652211 0.012658
0.05 0.0204919 0.018582 -0.000280588 0.0204939
0.06 0.0145127 -0.111336 0.0184789 0.0234965
0.07 -0.0166828 -0.0883714 -0.0257261 0.0306618
0.08 0.0101844 0.0160607 0.013131 0.0166176
0.09 -0.0114536 0.038484 -0.0327457 0.034691
0.1 0.00964322 -0.0144687 -0.0451612 0.0461793
0.11 0.00556331 0.0499653 0.0262172 0.026801
0.12 0.0044751 0.0374373 -0.0256721 0.0260592
0.13 0.00141406 0.0078975 8.08808e-05 0.00141637
0.14 -0.00879227 0.147924 -0.0444875 0.045348
0.15 0.0048855 0.0415625 -0.0126314 0.0135433
0.16 -0.00289871 0.0326474 -0.0389281 0.0390359
0.17 -0.0138697 -0.000315198 0.00653214 0.0153309
0.18 0.0162192 0.0569175 0.00649869 0.0174727
0.19 0.00556027 0.00126586 -0.000734939 0.00560863
0.2 -0.00287003 0.0638635 -0.0381442 0.038252
0.21 0.0107487 0.100378 0.025735 0.0278896
0.22 0.00226088 -0.0371669 -0.0133426 0.0135328
0.23 0.00262353 -0.0329308 -0.0131769 0.0134355
0.24 0.00520499 0.0146161 0.00653074 0.0083512
0.25 0.00140217 0.0706271 -0.00620892 0.00636528
0.26 0.00742032 0.0892004 0.0193422 0.0207167
0.27 0.0128107 0.0055292 -0.00661576 0.0144181
0.28 0.0060856 -0.066196 -0.0138276 0.0151075
0.29 -0.0011456 0.0361938 0.0264152 0.0264401
0.3 0.0116576 0.0817327 -0.00663378 0.0134129
0.31 0.00485152 0.0639383 0.0260192 0.0264677
0.32 0.0050379 0.0148342 0.000290539 0.00504627
0.33 0.00195995 0.00355134 0.0183009 0.0184055
0.34 0.00730138 0.0802005 -0.0256557 0.0266744
0.35 0.0045334 0.0374551 -0.000262984 0.00454102
0.36 0.0084775 0.0977402 -0.0131785 0.0156697
0.37 -0.00343623 0.0732568 -7.4075e-05 0.00343702
0.38 0.00904425 0.034576 0.0192784 0.0212945
0.39 0.0100383 -0.0151904 -0.0384717 0.0397598
0.4 0.00569357 0.0367957 0.0124401 0.0136811
0.41 0.0116559 0.144611 -0.0255305 0.0280654
0.42 0.0201928 0.0589972 0.000162768 0.0201934
0.43 0.00274512 -0.0374451 0.00608192 0.00667274
0.44 0.00380382 0.0244449 -0.0458037 0.0459614
0.45 0.00383626 0.135633 -0.0833681 0.0834563
0.46 -0.00583871 0.0572449 -0.0383097 0.0387521
0.47 0.00773616 0.0710687 -0.0132815 0.0153703
0.48 0.00685849 -0.0312712 -0.0126605 0.0143989
0.49 0.0046919 0.0102418 -0.025717 0.0261415
0.5 0.00740187 0.107497 -0.0386807 0.0393826
0.51 0.00747327 0.138271 -0.0195927 0.0209696
0.52 0.0173597 0.0252105 -0.0193251 0.0259773
0.53 0.00347713 0.154489 -0.0127092 0.0131762
0.54 0.00606953 -0.0125521 -0.0383187 0.0387964
0.55 0.00466866 0.0461184 -0.00624799 0.00779961
0.56 0.000938118 0.137784 0.026232 0.0262487
0.57 0.0063759 -0.0487528 0.00038575 0.00638756
0.58 0.00841087 0.106358 0.0195855 0.0213152
0.59 0.00210995 0.0210048 -0.0121729 0.0123544
0.6 0.00506483 -0.0304919 -0.0517316 0.051979
0.61 0.0057476 -0.0439346 -0.00702654 0.00907784
0.62 0.00204585 -0.0102743 -0.0444978 0.0445448
0.63 0.00107075 0.0573681 0.00696494 0.00704677
0.64 0.0130729 0.0277484 -0.00610271 0.0144272
0.65 -0.00157133 0.0498616 0.000684722 0.00171403
0.66 0.0146465 0.227234 -0.00557657 0.0156722
0.67 0.017491 -0.0149862 -0.0260086 0.031343
0.68 0.0166183 0.00780686 0.00594666 0.0176502
0.69 0.00490042 0.0105784 -0.0196174 0.0202202
0.7 0.0136105 0.0136828 -0.0318556 0.0346414
0.71 0.00838238 0.0349433 -0.0189198 0.0206936
0.72 -0.00661509 0.0356737 0.0125141 0.0141549
0.73 0.00813809 0.0266965 -0.0451581 0.0458855
0.74 0.0179698 -0.0559744 0.0125145 0.0218981
0.75 0.00406338 0.189335 0.0074259 0.00846493
0.76 0.0130361 0.0411794 0.0132322 0.018575
0.77 0.00531699 0.0195625 -0.013874 0.0148579
0.78 0.011971 0.171417 0.00681324 0.0137741
0.79 -0.015552 -0.173817 -0.0198126 0.0251874
0.8 -0.0174688 0.0418855 0.0069507 0.0188009
0.81 0.0087962 0.137576 0.00652652 0.010953
0.82 0.0104806 0.00235131 0.0581008 0.0590385
0.83 0.00543454 -0.00330553 -0.0381944 0.0385791
0.84 -0.0032903 0.104689 0.00013405 0.00329303
0.85 0.00839988 0.0703984 -0.00628585 0.0104914
0.86 0.000791281 0.102448 0.00658364 0.00663102
0.87 0.000799441 0.106823 0.0194778 0.0194942
0.88 0.000334094 0.115549 -0.00535779 0.00536819
0.89 0.0152986 0.0800024 -0.0258126 0.0300056
0.9 -0.00729975 0.0399905 -0.000112727 0.00730062
0.91 0.00822547 0.102052 0.0130556 0.0154307
0.92 0.000481287 0.0709112 -0.0059287 0.0059482
0.93 -0.00599527 0.0349521 -0.0256773 0.0263679
0.94 0.0111805 -0.180642 -0.0139897 0.0179085
0.95 0.00255953 0.0074524 -0.0188272 0.0190004
0.96 -0.00213399 -0.030309 -0.0129057 0.0130809
0.97 -0.00733466 0.129329 -0.0123132 0.0143322
0.98 0.00616257 -0.0484634 0.0315502 0.0321464
0.99 0.0122141 0.0638802 -0.0256436 0.0284038
1 0.0241516 0.0654975 0.0128528 0.0273586
1.01 0.011164 0.06036 -0.0266738 0.0289158
1.02 0.00931619 0.0211127 -0.00615022 0.0111632
1.03 0.0146836 0.107105 -0.00683469 0.0161963
1.04 0.00235435 -0.113116 -0.00745119 0.0078143
1.05 -0.00455319 0.101014 0.000180765 0.00455677
1.06 -0.00148709 0.000307834 0.0322816 0.0323158
1.07 0.0128087 -0.0475576 -0.0328129 0.0352243
1.08 0.00820376 0.0752316 2.72957e-05 0.0082038
1.09 -0.00910375 -0.0529479 -0.019798 0.0217908
1.1 0.0125485 0.0727312 -0.0129245 0.0180141
1.11 0.013189 -0.0212191 -0.013436 0.0188276
1.12 0.012485 0.157397 -0.0128079 0.0178862
1.13 0.0155566 0.106771 0.00626057 0.0167691
1.14 0.016114 0.0928222 0.00669038 0.0174477
1.15 0.00948122 -0.0774716 -0.0134301 0.0164396
1.16 0.00878222 0.0257288 -0.0129504 0.0156474
1.17 -0.00611063 -0.00958704 0.0194062 0.0203455
1.18 0.0030684 0.0874862 -0.00685313 0.0075087
1.19 0.0253303 0.0159523 -0.00641295 0.0261294
1.2 0.0129547 0.0545598 -0.0126223 0.0180872
1.21 0.0148472 0.213747 0.0136457 0.0201654
1.22 -0.00322172 0.0729473 -0.00609996 0.00689848
1.23 8.60142e-05 0.129127 -0.0123139 0.0123142
1.24 0.0207213 0.00992815 -0.0196285 0.0285421
1.25 0.00148071 0.0256623 0.00666842 0.00683083
1.26 0.00368271 -0.00199124 -0.0522675 0.0523971
1.27 0.00984251 -0.0235488 -0.0518344 0.0527606
1.28 -0.00105911 -0.00421491 0.0007952 0.00132441
1.29 0.00538504 0.0234915 0.0194822 0.0202128
1.3 0.00208932 -0.0952571 0.00573554 0.00610423
1.31 0.0125121 0.126078 -0.0122068 0.0174802
1.32 0.00837736 0.0394932 0.0126428 0.0151664
1.33 0.00926367 0.0391456 -0.0191809 0.0213007
1.34 0.0167168 0.0566259 -0.0189964 0.0253044
1.35 0.00520321 0.0548546 -0.00602496 0.00796076
1.36 0.00793083 0.0753623 0.00689451 0.0105087
1.37 0.0145503 0.0715752 -0.0200104 0.0247412
1.38 0.00671884 0.0808434 -0.0133746 0.0149674
1.39 -0.00828129 0.0539321 -0.0257573 0.0270559
1.4 0.00921826 0.00294167 -0.0252016 0.0268346
1.41 0.0123089 0.0239229 -0.0326679 0.03491
1.42 0.0146054 -0.120503 0.0249138 0.0288793
1.43 -0.00142515 -0.0213192 -0.0129854 0.0130634
1.44 0.0164842 0.0390589 -0.00668555 0.0177884
1.45 0.0144254 -0.0132325 -0.032127 0.035217
1.46 0.0106636 -0.0154793 0.0256392 0.0277683
1.47 0.00692581 0.112151 -0.0452104 0.0457378
1.48 0.0138272 -0.00832983 0.0254318 0.0289477
1.49 0.0124315 0.0459519 -0.000311241 0.0124354
1.5 0.00811201 0.00834891 -0.0323271 0.0333293
1.51 0.0122811 0.0458137 -0.0323933 0.0346432
1.52 0.0120804 0.0374571 0.0128116 0.0176089
1.53 0.0103932 -0.118284 0.0125648 0.0163062
1.54 -0.00441761 0.212431 0.00695899 0.00824274
1.55 0.00892825 0.05698 0.0386548 0.0396725
1.56 0.00554952 0.0277005 -0.0253091 0.0259104
1.57 -0.00215778 0.014855 0.00680198 0.00713604
1.58 -0.00863654 -0.136927 0.0372036 0.0381929
1.59 0.0138463 0.00970733 -0.00710927 0.0155648
1.6 0.04062 0.0650164 -0.0330772 0.052384
1.61 0.00294146 0.0965701 -0.0196904 0.0199089
1.62 0.00714111 0.147652 -0.0127574 0.01462
1.63 0.0149381 0.115842 -0.0708491 0.0724068
1.64 0.0264144 0.0431615 -0.23131 0.232813
1.65 0.0223133 0.144214 -0.429738 0.430317
1.66 0.0204409 0.0428182 -0.480909 0.481343
1.67 0.0271178 0.061528 -0.462492 0.463287
1.68 0.0242519 0.112131 -0.314109 0.315044
1.69 0.0205985 0.109326 -0.223006 0.223956
1.7 0.00164148 0.179464 -0.177227 0.177235
1.71 -0.0248048 0.0843858 -0.266047 0.267201
1.72 -0.0461408 0.160554 -0.349484 0.352517
1.73 -0.0716485 0.0876358 -0.497019 0.502157
1.74 -0.0852348 0.149039 -0.586056 0.592222
1.75 -0.0674393 0.138676 -0.683985 0.687301
1.76 -0.0395863 0.0948251 -0.762361 0.763388
1.77 0.00107735 0.136359 -0.744774 0.744775
1.78 0.0407338 0.0849792 -0.75848 0.759573
1.79 0.0500458 0.226054 -0.804274 0.805829
1.8 0.0783162 0.110429 -0.849569 0.853171
1.81 0.104333 0.0589759 -0.980613 0.986147
1.82 0.101632 0.0733584 -1.04576 1.05069
1.83 0.120652 0.110891 -1.11094 1.11747
1.84 0.13958 0.0540017 -1.20313 1.2112
1.85 0.17326 0.0382564 -1.23069 1.24282
1.86 0.201434 0.154535 -1.33444 1.34955
1.87 0.214295 -0.0587875 -1.38167 1.39819
1.88 0.226174 0.00139487 -1.57025 1.58646
1.89 0.232477 0.0243922 -1.64864 1.66495
1.9 0.241262 -0.0661475 -1.70009 1.71712
1.91 0.240977 -0.0482249 -1.76448 1.78086
1.92 0.257044 -0.10273 -1.63613 1.6562
1.93 0.218297 0.059048 -1.96824 1.98031
1.94 0.228073 0.0677033 -2.1945 2.20632
1.95 0.202307 0.0437244 -2.27054 2.27954
1.96 0.206453 -0.0164777 -2.27736 2.2867
1.97 0.2097 0.00808041 -2.29683 2.30638
1.98 0.229747 -0.0710113 -2.32907 2.34038
1.99 0.22488 0.0217693 -2.41933 2.42976
2 0.226785 0.0560517 -2.54831 2.55838
2.01 0.238702 -0.0355709 -2.62617 2.637
2.02 0.234085 -0.0112768 -2.61938 2.62982
2.03 0.261819 0.00310826 -2.60648 2.6196
2.04 0.280669 -0.0042583 -2.63291 2.64782
2.05 0.306591 0.0293448 -2.71821 2.73545
2.06 0.318776 0.106917 -2.88722 2.90476
2.07 0.328036 -0.103739 -3.04334 3.06097
2.08 0.318027 -0.0392325 -3.17277 3.18867
2.09 0.301611 -0.0920927 -3.25619 3.27013
2.1 0.283047 -0.0627632 -3.39154 3.40333
2.11 0.324667 -0.0519993 -3.48296 3.49806
2.12 0.335852 -0.0857662 -3.63777 3.65324
2.13 0.357314 -0.142863 -3.80084 3.8176
2.14 0.356584 -0.218229 -3.95652 3.97256
2.15 0.367528 -0.22902 -4.02181 4.03857
2.16 0.353182 -0.108464 -4.29275 4.30726
2.17 0.366256 -0.146976 -4.42843 4.44355
2.18 0.4017 -0.0217686 -4.53889 4.55663
2.19 0.430083 -0.176449 -4.61258 4.63259
2.2 0.440375 -0.24597 -4.8189 4.83898
2.21 0.456624 -0.170101 -5.00701 5.02778
2.22 0.476505 -0.227474 -5.09085 5.1131
2.23 0.505177 -0.199772 -5.23385 5.25818
2.24 0.522803 -0.170816 -5.33102 5.35659
2.25 0.547179 -0.0377904 -5.48683 5.51404
2.26 0.545949 -0.0457198 -5.66069 5.68696
2.27 0.559677 -0.129905 -5.83591 5.86268
2.28 0.577659 -0.207406 -6.11422 6.14145
2.29 0.587393 -0.257937 -6.32109 6.34832
2.3 0.632474 -0.258434 -6.50383 6.53452
2.31 0.679277 -0.246876 -6.76337 6.7974
2.32 0.729909 -0.215325 -7.04895 7.08664
2.33 0.792628 -0.244392 -7.29038 7.33334
2.34 0.854173 -0.420401 -7.60941 7.6572
2.35 0.934428 -0.317245 -7.91614 7.9711
2.36 1.02309 -0.211482 -8.19761 8.26121
2.37 1.09465 -0.398184 -8.4602 8.53072
2.38 1.16611 -0.424084 -8.68233 8.76029
2.39 1.22387 -0.490312 -8.97608 9.05913
2.4 1.25426 -0.410828 -9.21018 9.29519
2.41 1.29232 -0.460928 -9.47088 9.55864
2.42 1.32108 -0.461581 -9.65883 9.74876
2.43 1.35678 -0.399158 -9.80253 9.89598
2.44 1.3728 -0.431589 -9.97163 10.0657
2.45 1.38435 -0.661595 -10.199 10.2925
2.46 1.38685 -0.475447 -10.4637 10.5552
2.47 1.38596 -0.514421 -10.69 10.7794
2.48 1.37666 -0.602111 -10.9481 11.0343
2.49 1.35816 -0.520464 -11.0428 11.126
2.5 1.35449 -0.442808 -11.1395 11.2215
2.51 1.36619 -0.491119 -11.2434 11.3261
2.52 1.40433 -0.452205 -11.3042 11.3911
2.53 1.43475 -0.610193 -11.4483 11.5378
2.54 1.49092 -0.559923 -11.5525 11.6483
2.55 1.5353 -0.570256 -11.6708 11.7713
2.56 1.56016 -0.661469 -11.7506 11.8537
2.57 1.61363 -0.578536 -11.7765 11.8866
2.58 1.60968 -0.714517 -11.8808 11.9894
2.59 1.63371 -0.576957 -11.9776 12.0885
2.6 1.61425 -0.666708 -12.2427 12.3487
2.61 1.60366 -0.614388 -12.4823 12.5849
2.62 1.59237 -0.686955 -12.6305 12.7304
2.63 1.57262 -0.624945 -12.6546 12.752
2.64 1.54495 -0.500791 -12.774 12.8671
2.65 1.54752 -0.598943 -13.0468 13.1383
2.66 1.56781 -0.632858 -13.3137 13.4057
2.67 1.57607 -0.685982 -13.6069 13.6979
2.68 1.5812 -0.724587 -13.6782 13.7693
2.69 1.56408 -0.713428 -13.6568 13.7461
2.7 1.50137 -0.835265 -13.6794 13.7615
2.71 1.4352 -0.504608 -13.7264 13.8013
2.72 1.41579 -0.626092 -13.8243 13.8966
2.73 1.42963 -0.621144 -13.9605 14.0335
2.74 1.44036 -0.551129 -14.07 14.1436
2.75 1.43933 -0.550691 -13.9978 14.0716
2.76 1.41676 -0.567487 -13.8866 13.9587
2.77 1.36371 -0.535686 -13.8577 13.9247
2.78 1.35854 -0.497456 -13.8963 13.9626
2.79 1.40597 -0.446689 -14.1785 14.248
2.8 1.5519 -0.732382 -14.406 14.4893
2.81 1.69539 -0.641765 -14.47 14.569
2.82 1.71409 -0.82753 -14.5358 14.6365
2.83 1.72192 -0.72034 -14.5082 14.6101
2.84 1.6517 -0.740196 -14.5758 14.6691
2.85 1.59234 -0.663019 -14.6567 14.743
2.86 1.5159 -0.699764 -14.7132 14.7911
2.87 1.48956 -0.665545 -14.8042 14.879
2.88 1.5456 -0.731161 -14.9311 15.0109
2.89 1.63865 -0.807443 -14.6694 14.7607
2.9 1.51438 -0.157047 -9.2644 9.38735
2.91 1.39038 -0.293703 -6.7959 6.93667
2.92 -0.462779 0.554907 -19.3752 19.3808
2.93 0.922302 -1.20057 -20.1365 20.1576
2.94 1.31544 -0.625929 -16.4539 16.5064
2.95 1.7453 -0.463593 -12.4072 12.5294
2.96 2.03375 -0.728326 -11.3931 11.5732
2.97 2.28305 -1.15246 -10.973 11.208
2.98 2.46408 -1.6158 -10.903 11.1779
2.99 2.15531 -1.52616 -10.7291 10.9435
3 1.66559 -0.96365 -9.48904 9.63411
3.01 1.36904 -0.552979 -8.02833 8.14422
3.02 1.0967 -0.452588 -7.15282 7.23641
3.03 0.868153 -0.571207 -6.42618 6.48456
3.04 0.669573 -0.650214 -5.39435 5.43575
3.05 0.413648 -0.605594 -4.58293 4.60156
3.06 0.1827 -0.339627 -3.52988 3.5346
3.07 0.0475101 -0.177177 -2.49153 2.49198
3.08 -0.0240345 -0.0498536 -1.41698 1.41718
3.09 -0.0734687 0.299643 -0.536496 0.541503
3.1 -0.112594 0.312616 0.0308944 0.116755
3.11 -0.0303285 0.281859 0.0472401 0.0561377
3.12 0.019336 0.0736066 -0.00745945 0.020725
3.13 0.0101853 0.132269 1.10404e-05 0.0101854
3.14 0.0267478 0.0330378 -0.00743611 0.0277622
3.15 0.010655 0.0566191 -0.0331524 0.0348226
3.16 -0.00776377 0.0271936 -0.0130322 0.0151695
3.17 0.00881291 0.0127827 0.00609062 0.0107128
3.18 0.00103261 -0.116647 -0.0590696 0.0590787
3.19 0.00054673 0.022378 -0.0200755 0.0200829
3.2 0.0109857 0.13666 -0.0457834 0.047083
3.21 0.00695886 0.1391 -0.019648 0.0208439
3.22 0.0172346 0.00348496 -0.0204817 0.0267681
3.23 -0.00573196 -0.134863 -0.0332486 0.0337391
3.24 0.0201066 0.00626095 -0.0392509 0.0441011
3.25 0.0231115 -0.0271146 -0.0463802 0.0518195
3.26 0.00703104 0.0985438 0.025907 0.0268441
3.27 0.00219645 -0.126121 0.00542 0.00584814
3.28 0.00449807 -0.0118112 -0.0134229 0.0141565
3.29 0.00858143 -0.05429 0.00558241 0.0102374
3.3 0.012502 0.0286806 -0.00754232 0.0146009
3.31 0.0198508 0.0550383 -7.32266e-05 0.019851
3.32 -0.0126421 0.146351 0.00612627 0.0140482
3.33 0.0162887 0.00367378 -0.0129552 0.0208125
3.34 0.00926726 -0.0186915 -0.000407981 0.00927624
3.35 0.016396 0.0169322 0.0187541 0.0249108
3.36 0.0145025 0.200843 -0.00590854 0.0156599
3.37 0.0184257 0.0647517 -0.0200205 0.027209
3.38 0.0240004 0.0839146 0.00638666 0.0248357
3.39 0.00795553 0.111289 0.0129856 0.0152288
3.4 0.0155519 0.0711221 9.92786e-05 0.0155522
3.41 0.0201534 0.0595598 0.00588341 0.0209946
3.42 0.00945267 -0.0143857 0.00612197 0.0112619
3.43 0.0131073 0.00126792 0.0123396 0.0180019
3.44 -0.0026643 -0.0382506 -0.0136101 0.0138685
3.45 0.00118733 0.0310209 0.0184317 0.0184699
3.46 0.00127345 0.00380371 0.0124874 0.0125522
3.47 0.0150179 0.0584425 0.0307188 0.0341933
3.48 0.005913 -0.0521407 0.011731 0.013137
3.49 0.0126843 0.00124076 0.0122659 0.0176449
3.5 0.0153746 0.0711916 0.00646351 0.016678
3.51 0.029187 0.000501022 0.0503834 0.0582269
3.52 0.00505481 0.0369369 0.0195017 0.0201462
3.53 0.0078665 0.00432847 -0.0330667 0.0339895
3.54 -0.00193559 0.00572968 -0.00600299 0.00630733
3.55 0.00237388 -0.103731 0.0441113 0.0441751
3.56 0.0226555 0.067057 -0.00738177 0.0238278
3.57 0.00530459 -0.0300908 0.0444789 0.0447941
3.58 0.0233148 0.0484771 -0.0138759 0.0271315
3.59 0.0144568 0.0540181 0.0118483 0.0186918
3.6 0.0079123 0.0801064 0.0319845 0.0329486
3.61 0.00652732 0.147889 -0.0129395 0.0144926
3.62 0.00487388 -0.0250452 0.00549412 0.00734439
3.63 -0.000866131 0.0675679 0.00604079 0.00610257
3.64 0.0203408 0.0237882 -0.00128389 0.0203813
3.65 0.0003961 0.0578904 0.0125738 0.01258
3.66 0.0165585 0.00370505 0.012492 0.0207421
3.67 -0.00241961 -0.0873371 -0.0139297 0.0141383
3.68 -0.00461212 0.0517933 -0.00684981 0.00825782
3.69 0.0145497 0.0140814 -0.0203145 0.0249875
3.7 0.0141066 -0.169214 -0.00774341 0.0160922
3.71 0.0107226 0.100927 -0.0134639 0.0172119
3.72 0.015763 0.00874129 -0.00115736 0.0158055
3.73 0.000503749 0.0136545 0.0439764 0.0439793
3.74 -0.00273439 0.00164094 0.0124235 0.0127209
3.75 0.0115482 -0.00190831 -0.0271237 0.0294797
3.76 0.0038411 0.0785715 0.0186319 0.0190237
3.77 0.0317022 0.0170914 0.043827 0.054091
3.78 0.00780469 0.120257 0.0325362 0.0334592
3.79 0.00847732 0.0307978 0.0125316 0.0151297
3.8 0.0132787 -0.146209 0.0431509 0.0451477
3.81 0.00105562 -0.0181838 0.00577231 0.00586804
3.82 0.0207787 0.00978522 0.0320337 0.0381826
3.83 0.00429557 -0.0515916 -0.00744821 0.00859812
3.84 0.00243984 -0.0191845 0.0512398 0.0512979
3.85 0.0119776 0.139982 -0.0187683 0.0222646
3.86 0.0097425 0.110462 -0.0132155 0.0164184
3.87 0.020533 0.0323282 0.0192547 0.0281486
3.88 0.00479836 0.0195964 -0.0134472 0.0142777
3.89 0.00884346 -0.0454428 0.0378112 0.0388317
3.9 -0.00370569 0.0383707 -0.0321672 0.0323799
3.91 -0.000402188 0.102843 0.0388722 0.0388742
3.92 0.0114921 0.0736199 0.0187204 0.0219664
3.93 0.0189064 0.0514443 0.0120427 0.0224161
3.94 0.0120586 -0.0120033 0.00612432 0.0135247
3.95 0.00114808 0.0486984 0.0381291 0.0381464
3.96 0.0117946 0.131088 0.0519893 0.0533104
3.97 0.0114898 0.0337246 0.0121991 0.0167581
3.98 -0.011377 0.0335966 -0.00617049 0.0129426
3.99 -0.00159818 -0.0698195 0.0375289 0.0375629
4 0.027274 0.0240268 0.0116085 0.0296417
4.01 0.0129748 0.0188451 0.000223131 0.0129767
4.02 0.0241357 0.0257964 -0.000141167 0.0241361
4.03 0.0167109 0.0305473 0.0314196 0.0355872
4.04 0.0158997 0.0129976 0.0187506 0.0245843
4.05 0.0227809 0.0980308 0.0442913 0.0498065
4.06 -0.00630464 -0.000528319 -0.00734955 0.0096832
4.07 0.00871022 0.0125334 -0.0131164 0.0157451
4.08 0.0117496 0.113761 0.0190754 0.0224036
4.09 0.00419102 0.0199632 0.0574723 0.0576249
4.1 0.0202242 0.0328399 0.0246691 0.0318996
4.11 0.0100916 0.0922528 -0.0131839 0.0166029
4.12 0.0128029 0.0369849 -0.00617272 0.0142133
4.13 0.0131801 -0.0523185 0.0119628 0.0177995
4.14 0.0344886 0.0418819 -0.00119037 0.0345091
4.15 0.0127292 0.0240924 0.0248614 0.0279306
4.16 0.0197474 0.0243217 -0.026678 0.0331915
4.17 0.0199027 0.0772238 0.0255427 0.0323813
4.18 0.00969806 -0.0820275 -0.0198135 0.0220596
4.19 0.0105325 0.163566 0.0128642 0.0166259
4.2 0.00277358 0.0474243 0.0187016 0.0189061
4.21 0.00529568 0.00593291 -0.0072265 0.00895916
4.22 0.0146241 0.067172 -0.0136272 0.0199892
4.23 0.0195928 0.0241848 -0.000191966 0.0195938
4.24 0.00744181 0.0762665 0.0247347 0.02583
4.25 0.0309733 0.066456 0.0247227 0.0396302
4.26 0.00768549 0.0978857 0.0192566 0.0207336
4.27 0.0272406 0.0729658 0.0382192 0.0469335
4.28 0.0122279 -0.0430116 -0.00109411 0.0122768
4.29 0.00516351 -0.0831875 -0.00126619 0.00531649
4.3 0.0129565 0.0143213 -6.66188e-05 0.0129567
4.31 0.0155817 0.0532956 -0.00699128 0.0170783
4.32 0.0198903 0.0279123 0.0062486 0.0208487
4.33 0.00929653 0.0527229 0.0380973 0.0392152
4.34 -0.00990411 -0.00279152 0.0386936 0.039941
4.35 0.0033428 0.145645 0.0446698 0.0447947
4.36 0.000845905 0.0350701 -0.0194602 0.0194786
4.37 0.0159592 0.0529306 0.0255425 0.0301184
4.38 0.0199887 0.0328916 0.00562172 0.0207642
4.39 0.00448922 0.0728933 0.0455324 0.0457532
4.4 0.0177302 -0.0238526 0.0448228 0.0482021
4.41 0.00698045 0.120641 0.00606046 0.00924423
4.42 0.0171547 -0.0010557 0.0123869 0.0211593
4.43 0.00769167 0.049174 0.00595364 0.00972664
4.44 0.0129096 0.0238609 -0.0138174 0.0189097
4.45 0.00534864 -0.0430504 0.0185985 0.0193524
4.46 0.00103606 -0.0494121 0.0186394 0.0186682
4.47 0.0119427 0.0330403 0.0191591 0.0225765
4.48 0.0105215 0.127606 -0.0130072 0.0167299
4.49 0.0188961 0.0778594 0.0126072 0.0227157
4.5 0.0018709 -0.0770263 0.0116032 0.0117531
4.51 0.0195973 0.0464618 0.0376876 0.0424784
4.52 -0.00141873 0.00599873 0.0247703 0.0248109
4.53 0.0183088 0.0606122 -0.0137457 0.0228945
4.54 0.0111378 0.0203494 -0.000810328 0.0111672
4.55 0.0278812 0.0593107 0.00541786 0.0284028
4.56 0.00748232 -0.00426958 -0.00120521 0.00757876
4.57 -0.000887237 0.0767391 -0.0199039 0.0199236
4.58 0.0116836 0.0557775 -9.50207e-05 0.011684
4.59 0.016951 0.0127546 -0.00077137 0.0169685
4.6 0.0099666 -0.157723 -0.0142249 0.0173689
4.61 0.0163291 0.0349987 0.0255014 0.0302813
4.62 0.0239145 0.0614653 0.0257624 0.0351512
4.63 0.0106793 0.0254421 0.0249042 0.0270973
4.64 0.0159442 0.0348921 -0.00048455 0.0159516
