0 -0.00383979 0.0024996 0.0323054 0.0325328
0.01 0.00518436 0.153026 0.0133961 0.0143643
0.02 0.00814087 0.0126597 0.0581445 0.0587116
0.03 -0.0100515 0.166365 0.0196893 0.0221066
0.04 0.0152803 0.0977765 0.0452068 0.0477194
0.05 0.00520641 0.144016 0.0130871 0.0140847
0.06 0.0103871 0.0917546 0.0263237 0.0282989
0.07 0.00147424 0.119575 0.039378 0.0394056
0.08 -0.00335267 -0.100695 0.00664907 0.00744651
0.09 -0.00826114 0.0672399 0.0201012 0.0217325
0.1 0.00394553 0.0558781 0.0129775 0.013564
0.11 -0.00872723 0.0586699 0.0326828 0.033828
0.12 0.0143234 0.0541389 0.0634052 0.0650029
0.13 0.00190588 0.0883071 0.0127582 0.0128998
0.14 0.00186934 0.217703 0.039396 0.0394403
0.15 -0.000906492 0.0852655 0.0005972 0.00108553
0.16 0.00722086 0.0981193 0.052269 0.0527655
0.17 -0.00649987 0.20931 0.00135444 0.00663949
0.18 0.0265585 0.0194655 0.0192242 0.032786
0.19 0.00584661 0.139467 0.0319185 0.0324496
0.2 0.00657825 0.0899602 -0.00643024 0.00919899
0.21 0.0109011 0.07365 0.038657 0.0401646
0.22 -0.0105875 -0.096207 0.0383183 0.0397541
0.23 0.00668832 0.161367 0.0262139 0.0270537
0.24 0.0346096 0.0507398 -0.013648 0.0372034
0.25 0.00644977 0.139102 0.019569 0.0206045
0.26 0.00346334 0.0783122 0.00740654 0.00817628
0.27 0.00911763 0.0972174 -0.0193571 0.0213969
0.28 0.0109355 0.087105 0.0133436 0.0172521
0.29 -0.00245256 0.237917 0.0137459 0.0139629
0.3 -0.00291928 0.22008 0.000950324 0.00307007
0.31 -0.00104574 0.0945234 0.00642652 0.00651105
0.32 0.00988611 0.0207268 0.0060672 0.0115994
0.33 0.00437892 -0.0918385 -0.000753757 0.00444332
0.34 -0.00210664 0.0504954 0.00653046 0.00686184
0.35 0.00976165 0.128157 0.0318893 0.0333499
0.36 -0.00749826 0.04907 0.00656045 0.00996311
0.37 0.00349142 0.0871715 0.0708682 0.0709542
0.38 -0.00140197 0.161284 0.0459515 0.0459729
0.39 -0.00401123 0.0874011 0.0515916 0.0517473
0.4 0.00687312 0.12968 0.0456602 0.0461746
0.41 0.0067448 0.102773 0.0457394 0.046234
0.42 0.0119881 0.086198 0.0654078 0.0664973
0.43 0.010065 0.0831926 -0.000114204 0.0100656
0.44 0.00114083 0.209735 -0.00626609 0.0063691
0.45 -0.00237102 0.202058 0.019686 0.0198282
0.46 -0.0109923 -0.0115765 0.0324981 0.0343068
0.47 0.0228267 0.0621284 -0.00644807 0.0237199
0.48 0.00321314 0.118596 0.0458641 0.0459765
0.49 -0.00448354 0.0475894 0.0321184 0.0324298
0.5 0.00862015 0.120149 -0.000200558 0.00862249
0.51 0.0016777 0.0927346 0.0066075 0.00681717
0.52 -0.00393871 0.0113556 0.00616108 0.00731248
0.53 -0.00631587 0.231195 0.0268058 0.0275398
0.54 0.00545744 0.116903 0.0194446 0.0201959
0.55 0.00321209 0.0694131 0.0391034 0.0392351
0.56 -0.00479478 0.127933 0.0588641 0.059059
0.57 -0.00201147 0.229096 0.0458276 0.0458718
0.58 0.0145069 0.0666144 0.0645943 0.0662033
0.59 0.015489 0.111485 0.01959 0.0249735
0.6 -0.00226416 0.197758 0.00733293 0.00767453
0.61 0.0170729 0.115181 -0.0200104 0.026304
0.62 0.0144779 0.0847822 -0.00596277 0.0156578
0.63 0.0119101 -0.00744239 0.051566 0.0529236
0.64 0.0106877 0.123143 0.0514404 0.052539
0.65 0.00345872 0.0470308 0.0256294 0.0258617
0.66 0.0144753 0.0756567 0.026113 0.0298568
0.67 -0.00205589 0.152654 0.0523626 0.0524029
0.68 -0.015671 0.0900293 0.0776897 0.0792544
0.69 -0.00584821 0.106201 0.0131384 0.0143812
0.7 0.0103654 0.0649338 0.0132954 0.0168585
0.71 0.0151517 0.044325 0.0321867 0.0355747
0.72 0.00952015 0.119426 0.0258431 0.0275409
0.73 0.000377482 0.169434 0.000275932 0.00046758
0.74 0.00645416 0.134372 0.0394005 0.0399256
0.75 0.00242712 0.190563 0.02015 0.0202957
0.76 0.0100682 0.127968 0.0325388 0.0340608
0.77 0.01277 0.175569 0.0193586 0.0231911
0.78 -0.00802897 0.0448911 0.0264075 0.0276011
0.79 0.0105738 0.0867724 0.0326156 0.0342868
0.8 0.00454035 0.0377655 0.0194495 0.0199725
0.81 0.0193638 0.0686695 0.0324963 0.0378281
0.82 0.0141722 0.111354 0.0327399 0.0356756
0.83 0.00295924 0.114124 0.0265288 0.0266933
0.84 0.0030221 0.096401 0.000702023 0.00310257
0.85 0.00283168 0.0608334 -0.0127436 0.0130545
0.86 0.00637219 0.1344 0.0201231 0.0211079
0.87 0.0101992 0.0653125 -0.0191978 0.0217389
0.88 0.00747763 0.0626747 0.0316528 0.0325241
0.89 0.00540163 0.237872 0.0263556 0.0269034
0.9 -0.0137312 0.226827 0.020385 0.0245783
0.91 0.00939575 0.0923562 -0.00639225 0.011364
0.92 0.00521893 0.117278 0.0064612 0.00830568
0.93 0.00349653 0.0827828 0.0130545 0.0135147
0.94 0.00353518 0.0781358 0.039289 0.0394477
0.95 0.00580642 0.224107 0.000764797 0.00585657
0.96 0.00300496 0.0918572 0.0255508 0.0257269
0.97 0.00991905 0.176832 0.0586089 0.0594423
0.98 0.005891 0.139699 0.0257164 0.0263826
0.99 0.00957823 0.123368 0.0455508 0.0465469
1 0.00234848 0.114038 0.0202826 0.0204181
1.01 0.0229114 0.0710452 0.032145 0.0394745
1.02 -0.005317 0.195233 0.0396416 0.0399966
1.03 0.0177081 0.118964 0.0257946 0.031288
1.04 -0.00154046 0.143695 0.00748153 0.00763848
1.05 -0.00711792 -0.0675832 0.025728 0.0266945
1.06 0.00799863 0.0395365 0.0326181 0.0335845
1.07 0.00849714 -0.0277178 0.0579717 0.0585911
1.08 0.00644775 0.0633752 -0.000289578 0.00645425
1.09 -0.00512348 0.101321 0.020047 0.0206914
1.1 -0.0169294 0.228701 0.0658209 0.0679632
1.11 -0.00742952 0.178656 0.000779879 0.00747033
1.12 0.017217 0.16387 0.0516281 0.0544232
1.13 -0.0197527 0.0605429 0.000809167 0.0197692
1.14 -4.33112e-05 0.0753344 0.0523143 0.0523143
1.15 -0.00323919 -0.00699131 0.0520323 0.0521331
1.16 -0.0083745 0.0987693 0.00739867 0.0111746
1.17 0.01839 0.0737953 6.94697e-05 0.0183902
1.18 -0.00402225 0.0514414 0.0257196 0.0260322
1.19 0.00736822 0.0668538 0.0199817 0.0212969
1.2 0.00668028 0.0315778 0.0320311 0.0327203
1.21 -8.81065e-05 -0.0221267 0.0254372 0.0254373
1.22 -0.00667731 0.249578 0.0454401 0.0459281
1.23 -0.00371323 0.0733887 0.0653613 0.0654666
1.24 -0.00496259 0.0698614 -0.00576702 0.00760827
1.25 0.0143527 0.0855352 0.0127951 0.0192279
1.26 -0.00607782 0.115036 -0.0189052 0.0198582
1.27 0.0103001 0.0831604 -0.00620789 0.0120262
1.28 0.00418834 -0.0744597 0.0131122 0.0137648
1.29 -0.0163854 0.0857898 0.0327987 0.0366638
1.3 0.00793444 0.0665477 0.0586835 0.0592175
1.31 0.0177465 0.238593 0.0528761 0.0557747
1.32 0.00357704 -0.00225932 0.0122346 0.0127468
1.33 0.0115019 0.0869599 0.0257918 0.0282402
1.34 0.00383328 -0.0114626 0.0320849 0.0323131
1.35 -0.000430831 0.0406962 0.0257441 0.0257477
1.36 0.00640322 0.0856223 0.0258269 0.0266089
1.37 0.00646048 0.129963 0.00672591 0.00932608
1.38 0.00631869 0.0991645 0.0322869 0.0328994
1.39 0.00880997 0.173295 0.0321671 0.0333518
1.4 0.00718821 0.0806183 0.000691669 0.00722141
1.41 0.00510715 0.135132 -0.00572557 0.00767237
1.42 0.00288503 0.0786118 0.0387628 0.03887
1.43 0.0110672 0.0695283 0.0254601 0.0277615
1.44 0.0222747 0.107319 0.0251764 0.0336157
1.45 0.00381439 0.0641673 0.000622893 0.00386491
1.46 0.00753436 0.0360075 0.0450777 0.0457031
1.47 0.000929493 0.13333 0.0454233 0.0454328
1.48 0.00735929 0.0357543 0.0453805 0.0459734
1.49 0.0374884 0.0981099 -0.00693943 0.0381253
1.5 0.000201761 0.035696 0.0259798 0.0259806
1.51 0.00933431 0.0792896 0.00597592 0.0110834
1.52 -0.00487823 0.0652452 0.0907979 0.0909289
1.53 -0.000368797 0.0671151 0.00679869 0.00680869
1.54 0.00664471 0.0943532 0.0318731 0.0325583
1.55 0.0185943 0.0733374 0.0066505 0.0197478
1.56 0.0112439 0.0561065 0.0256731 0.0280273
1.57 -0.00239683 0.171496 0.0195351 0.0196816
1.58 0.0107376 0.109537 0.0134395 0.0172022
1.59 -0.00223684 0.242469 0.0589927 0.0590351
1.6 0.00392423 0.0422484 0.0196249 0.0200134
1.61 0.00490434 -0.0340675 0.0188337 0.0194618
1.62 -0.000365993 0.0760598 0.0261144 0.026117
1.63 0.00870607 -0.01419 0.0837471 0.0841984
1.64 0.00580182 0.139255 0.012982 0.0142195
1.65 0.00453181 -0.00278249 0.0708633 0.071008
1.66 0.022879 0.0307236 0.0382983 0.0446118
1.67 0.0104416 0.123066 0.0198614 0.0224388
1.68 0.000828716 0.138122 0.0260924 0.0261056
1.69 0.0136241 0.125451 0.019705 0.0239563
1.7 0.00232902 0.105449 0.0268087 0.0269097
1.71 0.0118128 0.0103785 0.0195989 0.0228836
1.72 0.00667594 0.165626 0.0129254 0.0145476
1.73 -0.0106152 0.0290622 -0.096989 0.0975682
1.74 -0.0406007 0.0567411 -0.212693 0.216534
1.75 -0.0479279 0.0303474 -0.484123 0.486489
1.76 -0.03265 0.0973054 -0.601357 0.602242
1.77 -0.000238599 0.014453 -0.609262 0.609262
1.78 0.0186625 0.131866 -0.571056 0.57136
1.79 0.0318622 0.101166 -0.519687 0.520663
1.8 0.0275817 0.054811 -0.468376 0.469188
1.81 0.0285394 0.0678592 -0.576562 0.577268
1.82 0.0291233 0.103452 -0.622182 0.622864
1.83 0.031124 0.124321 -0.74509 0.74574
1.84 0.0326221 0.163423 -0.867794 0.868407
1.85 0.0429105 -0.0217607 -1.05021 1.05109
1.86 0.0710115 0.085426 -1.21122 1.2133
1.87 0.0839393 0.0507618 -1.41229 1.41478
1.88 0.095045 0.0125958 -1.53535 1.53829
1.89 0.118856 0.207145 -1.65872 1.66297
1.9 0.160917 0.118708 -1.7441 1.75151
1.91 0.189369 0.176857 -1.86825 1.87783
1.92 0.21975 0.113752 -2.01144 2.02341
1.93 0.210972 0.012134 -2.10924 2.11977
1.94 0.223075 -0.0089353 -2.34224 2.35284
1.95 0.247152 0.0342115 -2.50503 2.51719
1.96 0.257982 -0.021895 -2.66703 2.67947
1.97 0.302552 -0.040764 -2.829 2.84513
1.98 0.335205 -0.0207746 -2.99182 3.01054
1.99 0.351971 0.152271 -3.06357 3.08372
2 0.393553 0.0554214 -2.54347 2.57374
2.01 0.332443 -0.192568 -3.93677 3.95078
2.02 0.249187 -0.161459 -4.51375 4.52063
2.03 0.300989 -0.086678 -4.63928 4.64904
2.04 0.376425 -0.1516 -4.52147 4.53711
2.05 0.453183 -0.091501 -4.49208 4.51488
2.06 0.509627 -0.0599369 -4.60364 4.63176
2.07 0.54794 -0.181043 -4.81755 4.84861
2.08 0.554863 -0.201962 -5.14187 5.17172
2.09 0.524087 -0.235771 -5.54085 5.56558
2.1 0.463706 -0.131353 -5.81633 5.83478
2.11 0.440734 -0.312655 -5.97803 5.99425
2.12 0.447619 -0.334081 -6.17836 6.19455
2.13 0.460639 -0.305947 -6.31512 6.33189
2.14 0.498148 -0.386837 -6.4714 6.49055
2.15 0.520864 -0.328972 -6.61274 6.63322
2.16 0.55165 -0.28906 -6.74127 6.7638
2.17 0.543003 -0.270588 -6.88295 6.90434
2.18 0.525521 -0.174758 -7.0549 7.07445
2.19 0.515798 -0.150593 -7.21528 7.23369
2.2 0.52168 -0.332077 -7.40322 7.42158
2.21 0.509576 -0.265929 -7.59688 7.61395
2.22 0.514068 -0.317566 -7.82303 7.8399
2.23 0.515415 -0.0291722 -7.91221 7.92898
2.24 0.528184 -0.286698 -8.04841 8.06573
2.25 0.531471 -0.275894 -8.09327 8.1107
2.26 0.560991 -0.2273 -8.15132 8.1706
2.27 0.556178 -0.188684 -8.21452 8.23333
2.28 0.520309 -0.0066615 -8.34856 8.36476
2.29 0.530371 -0.263115 -8.40801 8.42472
2.3 0.525358 -0.157765 -8.49047 8.50671
2.31 0.537805 -0.401251 -8.60918 8.62596
2.32 0.548434 -0.287033 -8.71131 8.72856
2.33 0.56201 -0.282314 -8.73792 8.75597
2.34 0.578449 -0.163071 -8.81514 8.83409
2.35 0.587263 -0.316716 -8.861 8.88044
2.36 0.62924 -0.270442 -8.95899 8.98106
2.37 0.639946 -0.304636 -9.01136 9.03406
2.38 0.657805 -0.387309 -9.09754 9.12129
2.39 0.713133 -0.291019 -9.21507 9.24262
2.4 0.730135 -0.306098 -9.33183 9.36035
2.41 0.746903 -0.41912 -9.40983 9.43942
2.42 0.757251 -0.255755 -9.46059 9.49085
2.43 0.78159 -0.315251 -9.52563 9.55765
2.44 0.807572 -0.429806 -9.64307 9.67683
2.45 0.82761 -0.196397 -9.75222 9.78727
2.46 0.836859 -0.37119 -9.93379 9.96898
2.47 0.81149 -0.253119 -10.0283 10.0611
2.48 0.814899 -0.285587 -10.08 10.1129
2.49 0.797286 -0.1724 -10.1624 10.1936
2.5 0.808902 -0.241861 -10.2342 10.2661
2.51 0.809909 -0.304993 -10.3303 10.362
2.52 0.812085 -0.24822 -10.3888 10.4205
2.53 0.789632 -0.342098 -10.4393 10.4691
2.54 0.792161 -0.232377 -10.4258 10.4558
2.55 0.788149 -0.301614 -10.5298 10.5592
2.56 0.802977 -0.314853 -10.5822 10.6126
2.57 0.796679 -0.199779 -10.6651 10.6948
2.58 0.811487 -0.128261 -10.7224 10.7531
2.59 0.823273 -0.152007 -10.8001 10.8314
2.6 0.809429 -0.259369 -10.8128 10.843
2.61 0.808669 -0.303575 -10.8843 10.9143
2.62 0.827935 -0.275213 -10.9684 10.9996
2.63 0.845838 -0.200655 -11.0079 11.0404
2.64 0.855216 -0.336032 -11.0146 11.0478
2.65 0.84163 -0.139947 -11.097 11.1288
2.66 0.814817 -0.225283 -11.1553 11.185
2.67 0.802085 -0.315171 -11.3048 11.3332
2.68 0.794564 -0.328211 -11.4788 11.5062
2.69 0.823724 -0.304731 -11.6301 11.6592
2.7 0.830832 -0.345273 -11.663 11.6926
2.71 0.852624 -0.394675 -11.7101 11.7411
2.72 0.840899 -0.348394 -11.696 11.7262
2.73 0.836128 -0.296878 -11.6167 11.6467
2.74 0.82616 -0.272459 -11.6284 11.6577
2.75 0.819563 -0.295422 -11.5945 11.6234
2.76 0.817466 -0.352695 -11.5688 11.5976
2.77 0.840753 -0.273552 -11.7109 11.7411
2.78 0.841789 -0.381578 -11.7567 11.7868
2.79 0.85568 -0.22462 -11.7948 11.8258
2.8 0.849126 -0.207475 -11.6769 11.7077
2.81 0.810003 -0.209894 -11.6631 11.6912
2.82 0.781479 -0.183243 -11.6555 11.6817
2.83 0.777288 -0.113623 -11.7451 11.7707
2.84 0.834926 -0.0777355 -11.8365 11.8659
2.85 0.894781 -0.274549 -11.8783 11.912
2.86 0.900446 -0.291238 -11.8574 11.8916
2.87 0.882525 -0.323903 -11.8504 11.8832
2.88 0.811663 -0.302897 -12.0022 12.0297
2.89 0.736914 -0.167581 -12.044 12.0665
2.9 0.696483 -0.103201 -12.0292 12.0493
2.91 0.694473 -0.0934097 -11.9639 11.984
2.92 0.721698 -0.167658 -11.9535 11.9753
2.93 0.736029 -0.127679 -11.928 11.9507
2.94 0.750074 -0.171204 -12.1814 12.2044
2.95 0.751347 -0.19822 -12.3899 12.4126
2.96 0.733365 -0.172905 -12.4533 12.4749
2.97 0.696448 -0.185473 -12.4383 12.4578
2.98 0.643453 -0.211311 -12.3581 12.3748
2.99 0.580097 -0.129186 -12.2898 12.3035
3 0.563734 -0.173765 -12.4781 12.4908
3.01 0.608583 -0.150022 -12.6542 12.6688
3.02 0.744157 -0.238711 -12.713 12.7347
3.03 0.883477 -0.312029 -12.7122 12.7429
3.04 0.922966 -0.198473 -12.714 12.7474
3.05 0.918962 -0.312859 -12.7342 12.7674
3.06 0.848993 -0.381582 -12.9731 13.0009
3.07 0.791822 -0.395055 -13.2374 13.2611
3.08 0.73844 -0.553254 -13.3608 13.3812
3.09 0.741188 -0.411281 -13.3336 13.3542
3.1 0.761331 -0.423795 -13.4233 13.4449
3.11 0.753514 -0.348512 -13.463 13.4841
3.12 0.760366 -0.393252 -13.6916 13.7127
3.13 0.81368 -0.381341 -13.9395 13.9632
3.14 0.830684 -0.462708 -13.9029 13.9277
3.15 0.850672 -0.683833 -13.827 13.8531
3.16 0.812311 -0.446412 -13.7455 13.7694
3.17 0.773587 -0.297477 -13.8922 13.9138
3.18 0.75269 -0.3841 -14.3665 14.3862
3.19 0.828555 -0.651143 -14.7081 14.7315
3.2 0.969783 -0.640381 -14.7201 14.752
3.21 1.05507 -0.617013 -14.3867 14.4254
3.22 1.0488 -0.541692 -14.0546 14.0937
3.23 0.967726 -0.514273 -13.8747 13.9084
3.24 0.865401 -0.527707 -14.0724 14.099
3.25 0.833168 -0.52999 -14.332 14.3562
3.26 0.874334 -0.680422 -14.5093 14.5356
3.27 0.974984 -0.638926 -14.4671 14.4999
3.28 1.02855 -0.605821 -14.3437 14.3805
3.29 1.00114 -0.519971 -14.1209 14.1563
3.3 0.998039 -0.636338 -14.1195 14.1548
3.31 1.02195 -0.571531 -14.3855 14.4218
3.32 1.03908 -0.546008 -14.5866 14.6236
3.33 1.0599 -0.552692 -14.7414 14.7795
3.34 1.02756 -0.602761 -14.6606 14.6966
3.35 0.913906 -0.46114 -14.5432 14.5719
3.36 0.848821 -0.257174 -14.5903 14.6149
3.37 0.828626 -0.527537 -14.7074 14.7307
3.38 0.930319 -0.443517 -14.9048 14.9338
3.39 1.03321 -0.498832 -14.9424 14.978
3.4 1.06302 -0.4856 -15.0732 15.1106
3.41 1.04503 -0.53274 -15.1042 15.1404
3.42 0.97882 -0.639211 -15.271 15.3023
3.43 0.952683 -0.520518 -15.4682 15.4975
3.44 0.925187 -0.485875 -15.563 15.5905
3.45 0.955079 -0.360721 -15.4195 15.4491
3.46 0.901148 -0.415261 -15.2472 15.2738
3.47 0.809684 -0.330978 -15.1916 15.2131
3.48 0.712556 -0.36486 -15.4285 15.4449
3.49 0.738161 -0.514486 -15.8027 15.8199
3.5 0.905052 -0.612544 -16.2245 16.2497
3.51 1.08295 -0.703286 -16.2814 16.3174
3.52 1.16464 -0.708668 -16.1077 16.1497
3.53 1.13888 -0.639141 -15.858 15.8988
3.54 0.973185 -0.444661 -15.642 15.6723
3.55 0.69114 -0.257436 -15.8382 15.8533
3.56 0.502087 -0.458121 -16.093 16.1009
3.57 0.505139 -0.5891 -16.1433 16.1512
3.58 0.661137 -0.358447 -15.8481 15.8618
3.59 0.858376 -0.343045 -15.6385 15.6621
3.6 0.93987 -0.381748 -15.6151 15.6433
3.61 0.936997 -0.332038 -15.7725 15.8003
3.62 0.849125 -0.364151 -15.9848 16.0073
3.63 0.787587 -0.496769 -16.1405 16.1597
3.64 0.840374 -0.37747 -16.1026 16.1245
3.65 0.899475 -0.346673 -16.0639 16.0891
3.66 0.961845 -0.389141 -16.0947 16.1234
3.67 0.994995 -0.346764 -16.3396 16.3699
3.68 1.03133 -0.422414 -16.5744 16.6064
3.69 1.08792 -0.497931 -16.8702 16.9053
3.7 1.12394 -0.50784 -17.0305 17.0675
3.71 1.17362 -0.562201 -17.0789 17.1191
3.72 1.20049 -0.655889 -17.1534 17.1953
3.73 1.26083 -0.671993 -17.3841 17.4298
3.74 1.36692 -0.796188 -17.5309 17.5841
3.75 1.45524 -0.677076 -17.5002 17.5606
3.76 1.49891 -0.70933 -17.2995 17.3643
3.77 1.52145 -0.665955 -17.2607 17.3276
3.78 1.41396 -0.667326 -17.5201 17.5771
3.79 1.37341 -0.772588 -17.7853 17.8382
3.8 1.46742 -0.807155 -17.8894 17.9495
3.81 1.60327 -0.650285 -17.5518 17.6248
3.82 1.63375 -0.525535 -17.3595 17.4362
3.83 1.57264 -0.380307 -17.2052 17.2769
3.84 1.34643 -0.392595 -17.2912 17.3436
3.85 1.19434 -0.533471 -17.5234 17.5641
3.86 1.16453 -0.559487 -16.9099 16.9499
3.87 1.1468 0.127719 -10.4956 10.5581
3.88 1.09049 0.149974 -8.01792 8.09173
3.89 -0.23813 0.645885 -21.5725 21.5738
3.9 -0.158064 -0.526941 -23.4651 23.4657
3.91 0.997804 -0.619668 -16.7216 16.7513
3.92 1.82548 -0.392383 -12.5029 12.6354
3.93 1.67951 -0.199754 -11.0264 11.1535
3.94 1.51768 -0.302401 -10.1284 10.2414
3.95 1.43975 -0.474933 -9.41829 9.5277
3.96 1.04883 -0.702412 -8.53073 8.59497
3.97 0.803416 -0.339168 -7.16128 7.20621
3.98 0.685302 0.0540746 -5.61155 5.65324
3.99 0.619426 0.262687 -4.501 4.54343
4 0.560253 0.222625 -3.8315 3.87225
4.01 0.428618 0.195109 -3.27475 3.30268
4.02 0.186336 0.238971 -2.95711 2.96298
4.03 -0.0074519 0.0733362 -2.59558 2.59559
4.04 -0.118827 0.0654981 -1.88428 1.88802
4.05 -0.187005 -0.0145766 -1.19817 1.21268
4.06 -0.186879 0.0801383 -0.593901 0.622609
4.07 -0.14389 -0.00765683 -0.135665 0.19776
4.08 0.0128293 0.116652 0.0328244 0.0352425
4.09 0.0119398 0.193553 0.0452356 0.0467848
4.1 0.00231233 0.0662118 0.0187618 0.0189038
4.11 0.0172394 0.101611 -0.00719305 0.0186798
4.12 0.0124329 0.13121 -0.000636836 0.0124492
4.13 0.00918511 0.0708402 -0.0196509 0.0216916
4.14 0.0167186 0.12835 0.0386474 0.0421086
4.15 0.0129535 0.11752 -0.0256865 0.0287679
4.16 0.000800525 0.120258 0.0187332 0.0187503
4.17 -0.00575411 0.079455 0.000651239 0.00579085
4.18 -0.0060927 0.0751534 0.0194923 0.0204223
4.19 -0.00351829 0.118305 0.0514468 0.0515669
4.2 0.00903488 0.0705212 -0.000341434 0.00904133
4.21 0.00837644 0.124912 0.0446316 0.0454109
4.22 0.00510496 0.0686736 -0.000207551 0.00510918
4.23 0.0052989 0.064163 -0.00045922 0.00531877
4.24 -0.00253172 0.0998134 0.0455287 0.0455991
4.25 0.00943205 0.0972996 0.0512803 0.0521405
4.26 0.0122014 0.135638 0.051783 0.0532011
4.27 0.0171334 0.101362 0.032168 0.0364463
4.28 -0.0102035 0.158058 0.0515186 0.0525193
4.29 0.0092021 0.141966 0.0325739 0.0338487
4.3 0.0200625 0.121896 0.0314795 0.0373291
4.31 0.0117534 0.211726 0.0586201 0.0597868
4.32 0.00573389 0.00536473 0.0253471 0.0259875
4.33 0.00407418 0.225377 0.039128 0.0393396
4.34 -0.0117142 0.230357 0.045904 0.047375
4.35 0.0104677 0.0252673 0.0511197 0.0521804
4.36 0.0060225 0.0457507 0.0644188 0.0646997
4.37 -0.00197829 0.103786 0.0458028 0.0458455
4.38 0.0050155 0.153547 0.038356 0.0386825
4.39 0.00190314 0.128385 0.0264555 0.0265238
4.4 0.00100412 0.133011 0.0198496 0.0198749
4.41 0.00983927 0.105672 0.0646811 0.0654251
4.42 0.00464025 0.176049 0.0448187 0.0450583
4.43 0.00274501 0.0342996 0.0385865 0.038684
4.44 0.0155726 0.241018 0.0191676 0.0246962
4.45 0.000413951 0.165109 0.0325718 0.0325745
4.46 0.00804037 0.249464 0.0592494 0.0597925
4.47 0.00996239 0.0610996 0.0451034 0.0461905
4.48 -0.00488465 -0.0725326 0.0505644 0.0507998
4.49 -0.0191837 0.212417 0.0386138 0.0431166
4.5 -0.00140976 0.0502109 0.051131 0.0511504
4.51 -0.0148866 0.192269 0.0452572 0.0476427
4.52 0.00551597 0.108449 0.077565 0.0777609
4.53 0.0102985 0.0297122 0.0703806 0.07113
4.54 0.00213172 0.0703672 0.0517391 0.051783
4.55 0.0129865 0.0814309 0.0450263 0.0468617
4.56 0.00356318 0.0334244 0.0967469 0.0968124
4.57 0.00945058 0.128367 0.0646686 0.0653555
4.58 -0.014141 0.0758053 -0.0123035 0.0187442
4.59 0.0055611 0.0728295 0.0831643 0.08335
4.6 -0.00262818 0.153446 0.0520374 0.0521037
4.61 0.00395099 0.269949 0.0587082 0.058841
4.62 0.0131406 0.193448 0.0577957 0.0592708
4.63 0.0133727 0.14846 0.0704431 0.0717012
4.64 0.00157741 0.110537 0.0583489 0.0583702
4.65 0.00113246 0.115777 0.0128884 0.0129381
4.66 0.000455915 0.156377 0.032192 0.0321952
4.67 0.00144761 0.119944 0.0515713 0.0515916
4.68 -0.00138923 0.0770516 0.0390207 0.0390454
4.69 -0.00620034 0.0980088 0.0574638 0.0577973
4.7 0.00625683 0.0898607 0.0652065 0.065506
4.71 0.006714 0.120902 0.08403 0.0842977
4.72 0.0054844 0.117491 0.0390844 0.0394673
4.73 0.0144454 0.0763683 0.0192293 0.0240507
4.74 -0.00971532 0.139859 0.0710982 0.0717589
4.75 0.0183871 0.0964164 0.077437 0.07959
4.76 0.0144539 0.0939347 0.0517992 0.053778
4.77 0.00566017 0.0859783 0.0186286 0.0194695
4.78 0.00604517 0.0727321 0.0511941 0.0515498
4.79 0.00614834 -0.0388992 0.0311432 0.0317443
4.8 0.0144312 0.0273597 0.0311352 0.0343171
4.81 0.00950552 0.128728 0.0710007 0.0716342
4.82 0.00547561 0.130695 0.0451116 0.0454427
4.83 0.00553821 0.0995994 0.0510031 0.0513029
4.84 0.014632 -0.0889013 0.0627303 0.0644142
4.85 -0.00135962 0.0857886 0.0198902 0.0199366
4.86 0.0129918 0.17555 0.0581838 0.0596166
4.87 0.0120012 0.238527 0.0519037 0.0532731
4.88 -0.00825495 -0.0749778 0.0445483 0.0453067
4.89 0.00177348 0.137611 0.071072 0.0710941
4.9 0.00207917 0.0657603 0.045047 0.045095
4.91 0.00190713 0.0837389 0.0649041 0.0649321
4.92 -0.00391579 0.100633 0.0514553 0.051604
4.93 -0.00528515 0.106057 0.0841541 0.0843199
4.94 0.0198879 0.153389 0.0770739 0.0795985
4.95 -0.0108151 0.279301 0.058513 0.0595041
4.96 -0.00596294 0.097654 0.0453061 0.0456968
4.97 -0.0119973 0.230339 0.0653756 0.0664673
4.98 -0.0121849 0.0435267 0.0512307 0.0526598
4.99 0.00919217 0.0843227 0.0448741 0.0458059
5 0.0123799 0.229054 0.0328047 0.035063
5.01 0.00956927 0.0658855 0.031598 0.0330152
5.02 0.0162443 0.115405 0.0383374 0.0416369
5.03 -0.00616268 0.137685 0.0391849 0.0396666
5.04 -9.91577e-05 0.263328 0.0393452 0.0393454
5.05 0.00736492 0.0536439 0.0840126 0.0843348
5.06 0.0248328 0.132292 0.0322157 0.0406758
5.07 -0.00211415 0.0817703 0.0583651 0.0584033
5.08 0.00386393 -0.0470485 0.0574645 0.0575943
5.09 0.00798294 0.14289 0.0508021 0.0514255
5.1 0.0105554 0.0832254 0.0390197 0.0404222
5.11 -0.00202453 0.103857 0.0832075 0.0832321
5.12 -0.00252013 0.149125 0.0648229 0.0648719
5.13 -0.00606467 0.0975653 -0.000153957 0.00606662
5.14 0.00146215 0.168933 0.064804 0.0648205
5.15 0.00560988 0.0996037 0.0314908 0.0319866
5.16 0.00584126 0.0904661 0.0323344 0.0328578
5.17 -0.00256676 0.149216 0.077089 0.0771317
5.18 -0.00278479 0.0511993 0.019312 0.0195118
5.19 0.00521707 0.215807 0.0522958 0.0525554
5.2 0.0018249 0.114879 0.00657941 0.0068278
5.21 0.013853 0.129828 0.0462859 0.0483145
5.22 0.0089599 0.0840318 0.0449088 0.0457939
5.23 0.0182556 0.100943 0.0445303 0.0481271
5.24 0.0108013 0.0740543 0.020083 0.0228034
5.25 -0.00862327 -0.0171501 0.0511109 0.0518332
5.26 0.00271221 0.096591 0.05862 0.0586827
5.27 0.00237684 0.110682 0.0707624 0.0708023
5.28 0.0175138 0.0835592 0.0446635 0.0479745
5.29 0.00637858 0.0855073 0.0582117 0.0585602
5.3 -0.00114156 0.0103464 0.0700569 0.0700662
5.31 0.0032299 -0.0554 0.0638085 0.0638902
5.32 0.0134245 0.117255 0.0386569 0.0409216
5.33 -0.00496196 0.065918 0.025073 0.0255593
5.34 0.0185592 0.101077 0.0512413 0.0544988
5.35 0.00109168 0.0709192 0.0324012 0.0324195
5.36 0.00351211 0.0112386 0.0711308 0.0712175
5.37 0.00942743 0.105954 0.0257474 0.027419
5.38 0.000225886 0.151678 0.0581202 0.0581206
5.39 0.00275801 0.123346 0.0906557 0.0906976
5.4 -0.00319223 0.202915 0.0452373 0.0453498
5.41 0.0104098 0.0742525 0.0838621 0.0845058
5.42 0.00248622 0.0702281 0.0390106 0.0390898
5.43 -0.00340292 0.158759 0.0383171 0.0384679
5.44 0.00342422 0.172444 0.00634327 0.0072085
5.45 -0.00655478 0.191654 0.0324396 0.0330952
5.46 0.00397308 0.114204 0.0124961 0.0131125
5.47 0.00148959 0.177992 0.0517349 0.0517563
5.48 -0.00540593 0.0437895 0.0643531 0.0645798
5.49 0.019136 0.136018 0.0635579 0.0663762
5.5 0.0104026 0.0700379 0.044715 0.0459091
5.51 0.00656229 0.0808483 0.070567 0.0708714
5.52 -0.00187168 0.0370913 0.0321526 0.032207
5.53 0.00735142 0.0764778 0.0712008 0.0715793
5.54 -0.0018068 0.0950947 0.0261844 0.0262467
5.55 0.0120745 0.144722 0.038944 0.0407729
5.56 0.00122575 0.14226 0.0840545 0.0840635
5.57 -0.00343349 0.140774 0.00692938 0.00773338
5.58 -0.00367318 0.252053 0.0265095 0.0267627
5.59 -0.00337483 0.153983 0.0520174 0.0521268
5.6 0.0065469 0.0543384 0.0772463 0.0775232
5.61 0.0101096 0.0832435 0.0450753 0.046195
5.62 0.0133856 0.0323202 0.0444743 0.046445
5.63 -0.00263472 0.211606 0.039326 0.0394142
5.64 0.0133111 0.126145 0.032293 0.0349288
5.65 -0.00459413 0.0654237 0.0450701 0.0453037
5.66 0.00456458 0.176387 0.0452489 0.0454786
5.67 0.00253592 0.0968211 0.0387312 0.0388141
5.68 0.00542531 0.14432 0.0579739 0.0582272
5.69 -0.00856069 0.0677393 0.0391617 0.0400865
5.7 0.00104108 0.142039 0.0455701 0.045582
5.71 0.0105272 0.0878402 0.051573 0.0526365
5.72 0.0136653 0.0899944 0.0576213 0.0592195
5.73 0.00685261 0.0586979 0.0508885 0.0513478
5.74 0.00242293 0.0521205 0.0515002 0.0515571
5.75 -0.00523895 0.0209317 0.0769343 0.0771125
5.76 -0.0089852 0.104027 0.0322312 0.0334602
5.77 0.0343182 0.0556146 0.0183067 0.0388957
5.78 0.0172053 0.123826 0.0577112 0.0602213
5.79 0.0128281 0.198065 0.0646821 0.0659419
5.8 -0.00328255 0.131625 0.0387759 0.0389146
5.81 0.0139351 0.0364551 0.0770629 0.0783127
5.82 -0.00195857 0.0775197 0.032634 0.0326927
5.83 0.00114378 0.142288 0.0647772 0.0647873
5.84 -0.0118796 -0.0151325 0.0448815 0.0464271
5.85 0.0102843 0.0966882 0.0644483 0.0652637
5.86 0.0220523 0.138923 0.0578958 0.0619535
5.87 0.00059571 0.133746 0.0580815 0.0580846
5.88 0.00714324 -0.0264715 0.0512211 0.0517168
5.89 0.0139525 0.0906458 0.0639187 0.0654238
5.9 0.00942625 0.115061 0.0773801 0.0779522
5.91 -0.000772743 0.0631201 0.0648596 0.0648642
5.92 -0.00718762 0.0400467 0.0841351 0.0844415
5.93 0.0162577 0.244367 0.0717887 0.0736066
5.94 0.00249157 0.0656586 0.0325891 0.0326842
5.95 0.000162323 0.23244 0.0387972 0.0387976
5.96 0.00725781 0.14779 0.0187549 0.0201102
5.97 0.00601894 0.179798 0.0453131 0.0457111
