0 0.0208163 0.169917 0.000997979 0.0208403
0.01 0.0109373 0.140373 -0.0118502 0.0161261
0.02 0.00245517 0.163147 0.0401888 0.0402637
0.03 0.0179011 0.207799 0.0140464 0.0227542
0.04 0.00450482 0.331596 0.00789245 0.00908758
0.05 -0.00234333 0.206731 0.00737133 0.00773483
0.06 -0.00265962 0.246384 0.028077 0.0282027
0.07 0.0250135 0.225245 0.0082935 0.0263526
0.08 0.0202361 0.237018 0.00775855 0.0216724
0.09 0.0293118 0.205077 0.0400754 0.049651
0.1 0.0110173 0.184507 -0.01083 0.015449
0.11 0.0104189 0.18959 -0.0046634 0.011415
0.12 0.0027973 0.167267 0.0141719 0.0144453
0.13 0.0245552 0.207859 0.014093 0.028312
0.14 0.0184231 0.0820496 0.00113105 0.0184578
0.15 0.00921421 0.266067 0.0147556 0.0173963
0.16 0.0249651 0.242935 0.0143399 0.0287905
0.17 0.0258072 0.184861 -0.0115834 0.0282876
0.18 0.00722558 0.280787 0.0336279 0.0343954
0.19 0.0127374 0.286108 -0.0108189 0.016712
0.2 0.0296633 0.124331 -0.0186439 0.0350358
0.21 0.0125357 0.156906 0.000950759 0.0125717
0.22 0.0177492 0.211728 0.033716 0.0381026
0.23 0.0176804 0.202454 -0.0307214 0.0354458
0.24 0.0137572 0.298469 0.0282632 0.0314335
0.25 0.0213325 0.21012 -0.0119845 0.0244684
0.26 0.0225684 0.168763 -0.0111819 0.0251866
0.27 0.0207193 0.210196 0.0140838 0.0250528
0.28 0.0240371 0.221245 0.00794251 0.0253153
0.29 0.0248082 0.23009 0.00095745 0.0248267
0.3 0.00888197 0.226426 -0.0114227 0.0144695
0.31 0.0088365 0.23028 0.0213931 0.0231462
0.32 0.0207224 0.276816 -0.0176897 0.027246
0.33 0.0170193 0.234549 0.00151316 0.0170864
0.34 0.0315854 0.324162 0.0075298 0.0324705
0.35 0.0291121 0.232097 -0.0371137 0.0471693
0.36 0.00636158 0.0889914 0.0202667 0.0212417
0.37 0.0292914 0.191608 0.0204699 0.0357352
0.38 0.0234904 0.400491 0.00897187 0.0251454
0.39 0.0181005 0.10003 -0.0122089 0.0218332
0.4 0.0211936 0.223142 0.014397 0.0256211
0.41 0.0158078 0.266432 -0.00454551 0.0164483
0.42 0.0185695 0.0815542 0.00743903 0.0200041
0.43 0.0247426 0.238869 0.00746911 0.0258453
0.44 0.0044198 0.326604 -0.0364046 0.0366719
0.45 -0.00274302 0.206678 -0.0239753 0.0241317
0.46 0.0082924 0.364105 -0.0223567 0.0238451
0.47 0.0190971 0.148269 0.0463453 0.0501257
0.48 0.00350334 0.180523 -0.0106864 0.011246
0.49 0.00834473 0.262175 -0.0238414 0.0252595
0.5 0.0133474 0.196772 0.00122224 0.0134033
0.51 0.0179992 0.194063 0.0140591 0.0228392
0.52 0.0210282 0.156738 -0.0186397 0.0281003
0.53 0.0198945 0.219868 -0.0121532 0.0233129
0.54 0.025531 0.198507 0.0210212 0.0330714
0.55 0.0100982 0.153981 0.0011302 0.0101613
0.56 0.0170146 0.208327 -0.00552457 0.0178891
0.57 0.0285464 0.232041 0.0269688 0.039271
0.58 0.01346 0.192129 0.00794687 0.0156308
0.59 0.0373928 0.209257 -0.0252651 0.0451281
0.6 0.0221244 0.173822 -0.00524774 0.0227382
0.61 0.0202977 0.246161 0.00109184 0.0203271
0.62 0.0143634 0.173645 0.00789256 0.016389
0.63 0.0224794 0.190779 0.0211367 0.0308559
0.64 0.00278888 0.0601377 -0.0114887 0.0118223
0.65 0.0178461 0.184799 0.0140529 0.0227149
0.66 0.0170777 0.225299 0.00154255 0.0171473
0.67 0.0135252 0.240684 0.027993 0.0310892
0.68 0.00976399 0.185348 0.000993975 0.00981446
0.69 0.00465756 0.242191 -0.0368214 0.0371148
0.7 0.0224427 0.22685 0.0341331 0.0408502
0.71 0.024358 0.234376 -0.017768 0.0301498
0.72 0.0149532 0.124271 0.00744893 0.0167058
0.73 0.013006 0.236795 0.0341212 0.036516
0.74 0.0211004 0.263259 -0.00483166 0.0216466
0.75 0.0178804 0.207522 0.0141167 0.0227814
0.76 0.0110171 0.171135 0.0208858 0.0236134
0.77 0.0244394 0.243635 0.0017505 0.024502
0.78 0.0266161 0.0371024 0.0132782 0.0297443
0.79 0.0135958 0.236785 -0.0109539 0.0174595
0.8 0.0254085 0.198141 -0.0243711 0.0352072
0.81 0.0195406 0.353248 -0.0044024 0.0200304
0.82 0.0254576 0.269672 0.0403194 0.0476838
0.83 0.0126231 0.214843 0.0139894 0.0188427
0.84 0.00596039 0.25457 -0.0172085 0.0182115
0.85 0.0339785 0.242411 -0.0117388 0.0359491
0.86 0.0179438 0.189639 0.014543 0.0230971
0.87 0.024731 0.212197 -0.0181642 0.0306849
0.88 0.0123829 0.286247 0.00190952 0.0125293
0.89 -0.00447322 0.135719 0.00207729 0.00493202
0.9 0.00596115 0.187789 -0.017752 0.0187261
0.91 0.00947252 0.270217 0.0280288 0.0295862
0.92 0.00508107 0.232931 -0.0369839 0.0373313
0.93 -0.000966191 0.169608 -0.00534707 0.00543366
0.94 0.0165669 0.239157 -0.011149 0.019969
0.95 0.0210688 0.201435 -0.0118989 0.0241967
0.96 0.0120223 0.157147 0.0403992 0.0421501
0.97 0.0209596 0.285729 -0.00446508 0.02143
0.98 0.0246812 0.216535 -0.00554061 0.0252955
0.99 0.0208003 0.254491 -0.0111483 0.0235995
1 0.0135603 0.210137 -0.00531689 0.0145654
1.01 0.00534131 0.259376 -0.0109716 0.0122027
1.02 0.0165152 0.190408 -0.0247224 0.0297313
1.03 0.0139917 0.191921 -0.0111458 0.0178885
1.04 0.00986804 0.172103 -0.0306754 0.0322236
1.05 0.0205227 0.24598 0.00760259 0.0218857
1.06 0.0171906 0.225697 0.00814767 0.0190237
1.07 0.0120328 0.255273 -0.00488276 0.0129857
1.08 0.00102083 0.341965 -0.0101884 0.0102394
1.09 -0.00194649 0.178982 0.0211543 0.0212436
1.1 0.00867878 0.284218 0.00855411 0.0121858
1.11 0.0213601 0.209571 0.0272144 0.0345959
1.12 0.0246759 0.221104 0.000880938 0.0246916
1.13 0.00633676 0.178478 -0.00453579 0.00779281
1.14 0.0060544 0.169334 -0.0115583 0.013048
1.15 0.0173133 0.145294 -0.0247679 0.0302192
1.16 0.0324191 0.238913 0.00130382 0.0324453
1.17 0.00419408 0.3227 -0.0109584 0.0117336
1.18 0.014053 0.214255 0.00186326 0.014176
1.19 0.0114097 0.180044 0.0087368 0.0143706
1.2 0.0196511 0.411462 0.0085684 0.0214379
1.21 0.0157131 0.279826 0.0145189 0.0213939
1.22 0.00912538 0.26156 0.00883708 0.012703
1.23 0.00472357 0.286662 0.0151798 0.0158977
1.24 0.0129993 0.241525 0.0142898 0.0193179
1.25 0.00578153 0.192104 -0.0110271 0.0124508
1.26 0.0145146 0.200508 0.00168163 0.0146117
1.27 0.0144104 0.0976473 0.0271619 0.0307479
1.28 0.00258902 0.132076 0.00142886 0.00295714
1.29 0.015988 0.252829 -0.0115109 0.0197007
1.3 0.0122447 0.268478 0.0148318 0.0192331
1.31 0.0211491 0.258901 0.00768329 0.0225015
1.32 0.0199176 0.313147 -0.00464358 0.0204517
1.33 0.0141463 0.178382 -0.0371162 0.0397206
1.34 0.0094175 0.239066 0.00823811 0.0125122
1.35 0.00160035 0.248139 0.0213465 0.0214064
1.36 0.0111739 0.144084 0.0277462 0.0299117
1.37 0.00361229 0.0643027 -0.0120196 0.0125507
1.38 0.0105784 0.171625 0.0203984 0.0229782
1.39 0.0263474 0.188847 0.0336096 0.0427059
1.4 0.0100823 0.181062 -0.0113216 0.0151602
1.41 0.0128714 0.201425 -0.00530744 0.0139227
1.42 0.0206352 0.250442 0.00738934 0.0219184
1.43 -0.00205868 0.237216 -0.00470262 0.0051335
1.44 0.00911433 0.274763 0.0148643 0.0174361
1.45 0.00259377 0.194449 -0.0307028 0.0308122
1.46 0.0256988 0.202373 -0.0046931 0.0261238
1.47 0.0249408 0.355042 0.00833748 0.0262974
1.48 0.0209899 0.227523 0.00211447 0.0210961
1.49 0.0164533 0.257314 0.00786434 0.0182362
1.5 0.0280918 0.241056 -0.0115887 0.0303883
1.51 0.0208006 0.2413 -0.0308248 0.0371864
1.52 0.0258785 0.171333 0.0268756 0.0373094
1.53 0.0212699 0.205224 -0.00495713 0.02184
1.54 0.00880392 0.315372 0.008835 0.0124726
1.55 0.0144218 0.14714 -0.00493544 0.0152429
1.56 0.00919058 0.21695 -0.0110118 0.0143432
1.57 0.0123451 0.273134 0.00814525 0.0147901
1.58 0.0131477 0.236802 -0.00489832 0.0140305
1.59 0.0142882 0.111589 0.00702739 0.0159228
1.6 0.0139423 0.178659 0.00769496 0.0159248
1.61 0.00194862 0.203548 -0.017974 0.0180794
1.62 0.0163382 0.306442 -0.0110553 0.019727
1.63 0.0107764 0.149193 0.0203024 0.0229851
1.64 0.0113178 0.0997896 0.00809823 0.0139167
1.65 0.0137407 0.236288 -0.0046459 0.0145049
1.66 0.0265248 0.135368 -0.0050132 0.0269944
1.67 0.00937778 0.181018 0.00807448 0.012375
1.68 0.0133853 0.263314 0.00210658 0.0135501
1.69 0.00572733 0.200871 0.00913248 0.0107798
1.7 0.00977071 0.0737786 -0.0185539 0.0209694
1.71 0.0177183 0.269933 0.0271364 0.0324087
1.72 0.01383 0.267523 0.0215496 0.0256058
1.73 0.0234883 0.118954 0.059423 0.0638967
1.74 0.0130946 0.241483 -0.0113524 0.0173305
1.75 0.00502941 0.299985 -0.0170015 0.0177298
1.76 0.0168982 0.274894 -0.00440776 0.0174636
1.77 -0.0129618 0.167792 -0.0178635 0.0220706
1.78 0.0548532 0.220832 -0.122456 0.13418
1.79 0.162496 0.393579 -0.764076 0.781164
1.8 0.241886 0.0551579 -1.24625 1.26951
1.81 0.332792 0.191733 -1.21487 1.25963
1.82 0.356522 0.082328 -1.01305 1.07396
1.83 0.351375 -0.0037819 -0.789277 0.863958
1.84 0.328202 0.0809714 -0.73569 0.805578
1.85 0.293877 0.0455244 -0.942251 0.987016
1.86 0.222503 -0.0257474 -1.26801 1.28739
1.87 0.176477 -0.000108108 -1.59551 1.60524
1.88 0.118459 -0.102285 -1.87732 1.88105
1.89 0.120701 -0.0179375 -2.058 2.06154
1.9 0.190958 -0.0384897 -2.18374 2.19207
1.91 0.271259 0.0585868 -2.30176 2.31769
1.92 0.354609 0.101036 -2.47147 2.49678
1.93 0.408551 0.0143797 -2.65372 2.68498
1.94 0.452696 -0.0173641 -2.85452 2.8902
1.95 0.443416 0.0285876 -2.97653 3.00938
1.96 0.441151 0.043023 -3.1368 3.16767
1.97 0.44804 0.0927357 -3.23998 3.27082
1.98 0.453431 -0.075369 -3.54906 3.57791
1.99 0.454053 0.122092 -3.8064 3.83338
2 0.435259 -0.0531831 -4.05232 4.07563
2.01 0.417619 -0.0682414 -4.30368 4.32389
2.02 0.399927 -0.0256929 -4.50904 4.52674
2.03 0.398099 -0.0912364 -4.70923 4.72603
2.04 0.426793 -0.00202036 -4.80631 4.82523
2.05 0.457673 -0.0525659 -4.87768 4.8991
2.06 0.499533 -0.12343 -5.01423 5.03905
2.07 0.561591 -0.0537844 -5.2552 5.28512
2.08 0.570029 -0.0408283 -5.5215 5.55085
2.09 0.60573 -0.080165 -5.81354 5.84501
2.1 0.618057 0.0321291 -6.01381 6.04548
2.11 0.668144 -0.141113 -6.10697 6.14341
2.12 0.719221 -0.105716 -6.27032 6.31143
2.13 0.746563 -0.176742 -6.40692 6.45027
2.14 0.770889 -0.128922 -6.56834 6.61342
2.15 0.786674 -0.249475 -6.84112 6.8862
2.16 0.791799 0.00237349 -7.09249 7.13655
2.17 0.808366 -0.225795 -7.34573 7.39007
2.18 0.802128 -0.149122 -7.56548 7.60789
2.19 0.759656 -0.25724 -7.71238 7.7497
2.2 0.765439 -0.237931 -7.86117 7.89835
2.21 0.760783 -0.252448 -8.04279 8.07869
2.22 0.800689 -0.192063 -8.22552 8.2644
2.23 0.862353 -0.261207 -8.38214 8.42638
2.24 0.926922 -0.443468 -8.66407 8.71351
2.25 0.972469 -0.336774 -8.99709 9.04949
2.26 1.00729 -0.456082 -9.37558 9.42954
2.27 1.04631 -0.475302 -9.57185 9.62887
2.28 1.04967 -0.420743 -9.7341 9.79054
2.29 1.0778 -0.425703 -9.83883 9.89769
2.3 1.12721 -0.537469 -9.93674 10.0005
2.31 1.15944 -0.402316 -10.0584 10.125
2.32 1.21098 -0.411758 -10.2666 10.3378
2.33 1.22421 -0.429032 -10.4481 10.5196
2.34 1.23281 -0.635436 -10.5979 10.6693
2.35 1.25715 -0.569869 -10.7781 10.8512
2.36 1.25792 -0.364339 -10.8819 10.9543
2.37 1.25336 -0.620096 -11.1291 11.1995
2.38 1.27737 -0.651726 -11.4361 11.5072
2.39 1.28697 -0.542442 -11.7154 11.7859
2.4 1.32377 -0.761013 -11.8937 11.9671
2.41 1.36246 -0.744491 -12.0772 12.1538
2.42 1.37293 -0.827151 -12.227 12.3038
2.43 1.36092 -0.735637 -12.355 12.4298
2.44 1.30818 -0.878134 -12.4624 12.5308
2.45 1.2584 -0.767415 -12.4453 12.5087
2.46 1.18587 -0.72812 -12.3693 12.426
2.47 1.14673 -0.561756 -12.2749 12.3283
2.48 1.10287 -0.606667 -12.403 12.452
2.49 1.11299 -0.657778 -12.5458 12.595
2.5 1.11436 -0.627641 -12.6351 12.6842
2.51 1.08303 -0.545633 -12.5436 12.5903
2.52 1.03399 -0.453178 -12.4742 12.517
2.53 0.966194 -0.448217 -12.3654 12.4031
2.54 0.95891 -0.309269 -12.5202 12.5568
2.55 0.961249 -0.538206 -12.7238 12.76
2.56 1.01353 -0.650967 -12.9081 12.9478
2.57 1.03058 -0.580678 -12.9869 13.0278
2.58 0.998165 -0.771002 -12.7526 12.7916
2.59 0.918147 -0.565908 -12.5659 12.5994
2.6 0.865702 -0.337498 -12.5427 12.5726
2.61 0.883384 -0.473672 -12.6285 12.6594
2.62 0.961615 -0.504197 -12.8522 12.8881
2.63 1.03733 -0.470602 -12.9156 12.9572
2.64 1.11653 -0.64416 -12.8546 12.903
2.65 1.09726 -0.650375 -12.8038 12.8507
2.66 1.10731 -0.638289 -12.9398 12.9871
2.67 1.15959 -0.709675 -13.1562 13.2072
2.68 1.21584 -0.725248 -13.3992 13.4543
2.69 1.25155 -1.00063 -13.5559 13.6135
2.7 1.24428 -0.775982 -13.5524 13.6094
2.71 1.12768 -0.690843 -13.5324 13.5793
2.72 1.02458 -0.577878 -13.4737 13.5126
2.73 0.930473 -0.581587 -13.5734 13.6053
2.74 0.893526 -0.545628 -13.67 13.6992
2.75 0.920345 -0.46454 -13.6706 13.7016
2.76 1.0017 -0.43828 -13.6733 13.71
2.77 1.02899 -0.553034 -13.7399 13.7784
2.78 1.01105 -0.6888 -13.9614 13.998
2.79 0.947834 -0.659642 -14.1085 14.1403
2.8 0.861974 -0.617067 -14.0855 14.1119
2.81 0.79985 -0.602067 -13.8878 13.9108
2.82 0.791159 -0.482037 -13.853 13.8755
2.83 0.864748 -0.63073 -14.0841 14.1106
2.84 1.00999 -0.658219 -14.4656 14.5008
2.85 1.11972 -0.793034 -14.6084 14.6513
2.86 1.15907 -0.768337 -14.5706 14.6166
2.87 1.08902 -0.774085 -14.3855 14.4266
2.88 0.922813 -0.833136 -14.4437 14.4732
2.89 0.847086 -0.550377 -14.6202 14.6447
2.9 0.865102 -0.699757 -14.8914 14.9165
2.91 0.913315 -0.85026 -15.0338 15.0615
2.92 0.973634 -0.55147 -14.9715 15.0032
2.93 0.893533 -0.368968 -14.8229 14.8498
2.94 0.773333 -0.427827 -14.7525 14.7728
2.95 0.649153 -0.32956 -14.7096 14.7239
2.96 0.594364 -0.420091 -14.8456 14.8575
2.97 0.631895 -0.483679 -15.1201 15.1333
2.98 0.739521 -0.558927 -15.2724 15.2903
2.99 0.79345 -0.502832 -15.2583 15.2789
3 0.744346 -0.668196 -15.1981 15.2163
3.01 0.669327 -0.35295 -15.2713 15.2859
3.02 0.621687 -0.538559 -15.2988 15.3115
3.03 0.674129 -0.398655 -15.4105 15.4252
3.04 0.823355 -0.540191 -15.4744 15.4963
3.05 0.932492 -0.531795 -15.6014 15.6292
3.06 0.963618 -0.532759 -15.6869 15.7165
3.07 0.941082 -0.689341 -15.9375 15.9652
3.08 1.01514 -0.912625 -16.1488 16.1807
3.09 1.23451 -1.16738 -16.2357 16.2825
3.1 1.46691 -1.28331 -16.348 16.4137
3.11 1.71541 -1.33247 -16.3591 16.4488
3.12 1.8787 -1.3815 -16.3263 16.4341
3.13 1.94017 -1.26959 -16.2992 16.4143
3.14 1.91424 -1.34417 -16.2648 16.3771
3.15 1.75645 -1.33906 -16.4141 16.5078
3.16 1.59279 -1.33094 -16.5953 16.6715
3.17 1.44059 -1.14768 -16.7751 16.8369
3.18 1.30654 -1.02329 -16.9131 16.9635
3.19 1.22466 -0.985774 -16.7614 16.806
3.2 1.19951 -0.786442 -16.6578 16.7009
3.21 1.19352 -0.665963 -16.6616 16.7043
3.22 1.16361 -0.727294 -16.8285 16.8687
3.23 1.09195 -0.767871 -16.9622 16.9973
3.24 1.01183 -0.646452 -16.8157 16.8462
3.25 0.94042 -0.592923 -16.6626 16.6891
3.26 0.873982 -0.591651 -16.6386 16.6615
3.27 0.902564 -0.616816 -16.9507 16.9747
3.28 0.971743 -0.636034 -17.2502 17.2776
3.29 1.04956 -0.68604 -17.2847 17.3165
3.3 1.02327 -0.645313 -17.1539 17.1844
3.31 0.889547 -0.570987 -17.0714 17.0946
3.32 0.761521 -0.607637 -17.1392 17.1561
3.33 0.734648 -0.630645 -17.3455 17.361
3.34 0.747729 -0.816566 -17.2562 17.2724
3.35 0.827776 -0.44494 -16.8281 16.8484
3.36 0.818965 -0.42495 -16.5313 16.5515
3.37 0.851922 -0.592282 -16.5149 16.5369
3.38 0.921158 -0.59364 -16.8157 16.841
3.39 1.02381 -0.669984 -17.0637 17.0944
3.4 1.11419 -0.636073 -17.1679 17.204
3.41 1.07984 -0.480609 -17.1056 17.1396
3.42 0.929777 -0.547677 -17.0471 17.0724
3.43 0.710595 -0.502085 -17.1499 17.1646
3.44 0.646017 -0.555888 -17.3379 17.3499
3.45 0.653816 -0.508117 -17.5391 17.5513
3.46 0.80064 -0.634894 -17.6027 17.6209
3.47 0.920008 -0.691801 -17.7032 17.7271
3.48 0.990512 -0.718192 -17.8818 17.9092
3.49 0.912563 -0.706503 -17.933 17.9562
3.5 0.81501 -0.647627 -17.9436 17.9621
3.51 0.784861 -0.57232 -17.7601 17.7774
3.52 0.813249 -0.457174 -16.8009 16.8205
3.53 0.756714 0.338577 -9.72046 9.74986
3.54 0.663501 0.552839 -8.43736 8.46341
3.55 -0.780691 -0.512862 -25.0223 25.0345
3.56 -0.12553 -1.86028 -24.8117 24.812
3.57 0.922003 -0.69583 -17.0951 17.1199
3.58 1.68296 -0.621722 -13.0272 13.1355
3.59 1.8162 -0.908628 -12.2202 12.3544
3.6 1.6916 -1.20472 -11.4791 11.6031
3.61 1.43177 -1.08031 -9.89571 9.99876
3.62 0.967791 -0.938238 -8.79143 8.84454
3.63 0.588082 -0.521707 -7.524 7.54695
3.64 0.454335 -0.385885 -6.3891 6.40523
3.65 0.366461 -0.144536 -5.42615 5.43851
3.66 0.199046 0.0113385 -4.42872 4.43319
3.67 0.0497802 0.168342 -3.43089 3.43125
3.68 -0.0966308 0.277523 -2.49754 2.49941
3.69 -0.15254 0.304496 -1.68986 1.69673
3.7 -0.168563 0.36136 -1.02493 1.0387
3.71 -0.190175 0.488204 -0.509273 0.543623
3.72 -0.140722 0.375255 -0.172554 0.22266
3.73 8.5149e-05 0.205319 -0.0559795 0.0559795
3.74 0.0280724 0.241897 -0.00593583 0.0286931
3.75 0.00674613 0.263144 0.0143597 0.0158654
3.76 0.0136614 0.174576 -0.0245856 0.0281262
3.77 0.0129036 0.148421 -0.0251022 0.0282245
3.78 0.0109087 0.274568 -0.0441357 0.0454639
3.79 0.0259188 0.19357 -0.0114366 0.0283299
3.8 0.0142621 0.0934434 -0.0566748 0.0584418
3.81 0.0119625 0.193688 -0.0122902 0.0171508
3.82 0.0133082 0.188067 -0.0184344 0.0227362
3.83 0.0357522 0.335104 -0.0307735 0.0471724
3.84 0.0174442 0.095989 -0.0830842 0.0848957
3.85 0.00520445 0.210817 -0.0115086 0.0126306
3.86 0.0344245 0.250786 -0.0184226 0.0390441
3.87 0.0267753 0.215499 -0.00595542 0.0274296
3.88 0.0220743 0.351883 -0.0305835 0.0377176
3.89 0.0271803 0.264129 -0.0302489 0.0406665
3.9 0.00383681 0.336534 -0.0238842 0.0241904
3.91 0.0200226 0.206557 -0.0248152 0.0318858
3.92 0.0278708 0.245956 -0.0242798 0.0369634
3.93 0.0170832 0.186015 -0.0126343 0.0212476
3.94 0.0215759 0.178472 0.0077324 0.0229196
3.95 0.024205 0.176885 0.00730132 0.0252823
3.96 0.0238843 0.3025 0.0328593 0.0406226
3.97 0.0101403 0.0424747 0.0131232 0.0165845
3.98 0.0101245 0.0695551 0.000672068 0.0101467
3.99 0.0250481 0.167995 -0.0118619 0.0277149
4 0.0199126 0.211019 0.0198523 0.0281181
4.01 0.0226192 0.334204 -0.0309224 0.0383121
4.02 0.0293672 0.0935568 0.00714955 0.0302249
4.03 0.0139408 0.0895603 0.0195515 0.0240126
4.04 0.0274911 0.206245 -0.0119409 0.0299724
4.05 0.0133136 0.192625 0.00163575 0.0134137
4.06 0.0224873 0.294267 -0.0182045 0.0289324
4.07 0.0206833 0.250352 -0.00487421 0.0212499
4.08 0.0272906 0.242191 0.0138923 0.0306231
4.09 0.00927592 0.159266 -0.0243531 0.0260599
4.1 0.0200428 0.250796 0.0333874 0.0389414
4.11 0.0241912 0.257053 0.0210479 0.032066
4.12 0.0174615 0.0604168 -0.0127831 0.0216406
4.13 0.0082859 0.257892 0.0340955 0.0350879
4.14 0.0193727 0.277719 -0.00536078 0.0201007
4.15 0.013359 0.143491 -0.0185023 0.0228209
4.16 0.0117427 0.242709 0.00703612 0.0136893
4.17 0.0253171 0.25631 0.0273487 0.037268
4.18 0.0172847 0.198951 -0.00434014 0.0178213
4.19 0.0206821 0.223647 0.00828019 0.022278
4.2 0.0210662 0.19231 0.0201769 0.0291701
4.21 0.0216032 0.120589 0.0203728 0.0296943
4.22 0.017828 0.350095 -0.0436333 0.0471349
4.23 0.0468644 0.239071 0.020866 0.0512997
4.24 0.012034 0.246962 0.00157307 0.0121364
4.25 0.00851962 0.195486 0.00156603 0.00866235
4.26 0.0223052 0.142299 0.0465125 0.0515842
4.27 0.0224869 0.37424 0.00201414 0.0225769
4.28 0.0312251 0.328891 0.00154122 0.0312631
4.29 0.0243407 0.27495 0.0206598 0.0319265
4.3 0.0149659 0.267011 0.0210736 0.0258471
4.31 0.0226544 0.267325 0.0263287 0.0347336
4.32 0.0153613 0.186658 -0.0701033 0.0717665
4.33 0.0271759 0.348813 -0.00472318 0.0275833
4.34 0.0138154 0.210383 -0.0114808 0.0179631
4.35 0.0159921 0.266974 -0.0185671 0.0245048
4.36 0.0190457 0.189205 -0.018589 0.0266137
4.37 0.0231439 0.279773 0.00191374 0.0232229
4.38 0.0192898 0.273843 -0.0440752 0.0481115
4.39 0.0273484 0.273159 0.0265071 0.0380862
4.4 0.0162614 0.230874 0.0209103 0.0264892
4.41 0.0216173 0.133747 0.0202689 0.0296333
4.42 0.0398706 0.203286 0.000429777 0.0398729
4.43 0.0182671 0.0382334 0.0256815 0.0315155
4.44 0.0203127 0.264199 0.0271189 0.0338828
4.45 0.0398073 0.221029 0.00111794 0.039823
4.46 0.0267099 0.340243 0.00785849 0.0278419
4.47 0.024732 0.23874 -0.00506504 0.0252453
4.48 0.0395776 0.239132 -0.00554846 0.0399646
4.49 0.0308367 0.351405 0.052921 0.0612497
4.5 0.0241218 0.18114 0.0135226 0.0276536
4.51 0.0282591 0.205984 -0.0119888 0.0306971
4.52 0.0337063 0.220145 -0.0189591 0.0386725
4.53 0.0310047 0.320417 0.0205634 0.0372041
4.54 0.0198077 0.340249 0.033686 0.039078
4.55 0.0203517 0.197338 0.000663879 0.0203625
4.56 0.0243855 0.172569 0.000577015 0.0243923
4.57 0.0316379 0.226176 -0.0247968 0.0401974
4.58 0.021353 0.197025 0.019661 0.029026
4.59 0.026049 0.139841 0.0398487 0.0476074
4.6 0.0310682 0.342429 0.027511 0.041498
4.61 0.0154207 0.258157 0.033375 0.0367654
4.62 0.0243558 0.141192 0.0260461 0.0356596
4.63 0.032029 0.225617 0.0142072 0.0350385
4.64 0.0171134 0.207803 -0.0109747 0.02033
4.65 0.0233069 0.306744 0.0333755 0.0407079
4.66 0.0233148 0.3113 -0.00512186 0.0238708
4.67 0.033783 0.157662 0.026623 0.0430125
4.68 0.0234446 0.25759 0.0210248 0.0314911
4.69 0.0216676 0.142762 0.00106744 0.0216939
4.7 0.0163205 0.257615 0.00802649 0.0181874
4.71 0.0203171 0.223657 0.0084745 0.0220136
4.72 0.0216288 0.0804662 0.000543778 0.0216356
4.73 0.0273522 0.251334 0.00722561 0.0282905
4.74 0.029613 0.0617459 -0.0054487 0.0301101
4.75 0.0201199 0.282041 0.0459325 0.0501458
4.76 0.0170344 0.123431 0.000560907 0.0170436
4.77 0.0242799 0.221665 0.0204445 0.031741
4.78 0.0199325 0.255439 0.0266634 0.0332903
4.79 0.0179847 0.291912 0.0274181 0.0327903
4.8 0.0121008 0.161953 0.0205335 0.0238339
4.81 0.0274977 0.250678 0.0397891 0.0483662
4.82 0.0199226 0.215092 0.0015464 0.0199825
4.83 0.0193447 0.277947 0.00794695 0.0209134
4.84 0.0235295 0.266668 0.0333649 0.0408272
4.85 0.020828 0.232439 0.01483 0.0255682
4.86 0.0283837 0.210575 0.00033215 0.0283856
4.87 0.0242355 0.257284 0.0148452 0.0284208
4.88 0.0278202 0.246048 0.0465518 0.0542313
4.89 0.0171729 0.145103 0.00707572 0.0185735
4.9 0.0160468 0.288677 0.0272386 0.0316139
4.91 0.00556932 0.210646 0.0145501 0.0155795
4.92 0.0112327 0.26994 -0.0373736 0.0390251
4.93 0.0211884 0.147577 0.0268522 0.0342051
4.94 0.020484 0.232707 0.0400926 0.0450223
4.95 0.0233848 0.271408 -0.031153 0.0389533
4.96 0.028024 0.206016 -0.00589509 0.0286373
4.97 0.0292216 0.20073 0.00790392 0.0302717
4.98 0.0434612 0.236684 0.00733565 0.0440759
4.99 0.0130625 0.197097 0.00161683 0.0131622
5 0.024626 0.247921 0.0334196 0.0415128
5.01 0.024909 0.217148 0.000488738 0.0249138
5.02 0.0209384 0.201233 0.033594 0.039585
5.03 0.0278983 0.187892 0.0397528 0.0485654
5.04 0.0170731 0.199077 -0.00549268 0.0179349
5.05 0.0258794 0.0417123 -0.00505081 0.0263677
5.06 0.0171896 0.199153 -0.00495152 0.0178885
5.07 0.0198498 0.268678 0.00192328 0.0199427
5.08 0.0277967 0.259466 0.0209672 0.0348178
5.09 0.0193322 0.304684 0.0145729 0.0242095
5.1 0.0201042 0.263863 0.0210199 0.0290864
5.11 0.00410062 0.305143 0.0209004 0.0212988
5.12 0.000519231 0.338515 0.0281865 0.0281913
5.13 0.0367371 0.137931 0.00721674 0.0374392
5.14 0.0253436 0.198428 0.0399898 0.0473443
5.15 0.0187276 0.332097 -0.00530911 0.0194656
5.16 0.0291442 0.192104 0.0141588 0.0324015
5.17 0.0158734 0.257654 -0.0110565 0.0193446
5.18 0.0325659 0.296888 0.0146136 0.0356945
5.19 0.0366059 0.200768 0.00756172 0.0373787
5.2 0.017906 0.190038 -0.0120515 0.0215839
5.21 0.0363051 0.232218 0.0138279 0.0388493
5.22 0.0335132 0.18027 -0.00516281 0.0339085
5.23 0.0326646 0.225637 0.0394607 0.0512262
5.24 0.0322675 0.221499 -0.0184995 0.0371944
5.25 0.0334291 0.376964 -0.0375361 0.0502639
5.26 0.0367833 0.200859 -0.0250555 0.044506
5.27 0.0292025 0.183034 -0.0372008 0.0472936
5.28 0.0325204 0.203171 0.0334273 0.0466365
5.29 0.0224877 0.307459 0.00147128 0.0225358
5.3 0.0209607 0.241406 0.0400451 0.0451991
5.31 0.0105454 0.274399 0.00745077 0.012912
5.32 0.0291524 0.173839 0.0333922 0.0443272
5.33 0.034804 0.255462 0.0139873 0.0375095
5.34 0.0300439 0.0263937 -0.000114056 0.0300441
5.35 0.0240674 0.172468 0.0136464 0.027667
5.36 0.0168492 0.21245 0.00767238 0.0185138
5.37 0.0144299 0.446547 0.00838349 0.0166885
5.38 0.0246335 0.216646 -0.0184156 0.0307562
5.39 0.0270889 0.375869 0.0274747 0.0385832
5.4 0.0176024 0.176392 0.0140683 0.0225336
5.41 0.0269072 0.260317 0.00745836 0.0279218
5.42 0.0274523 0.335963 0.0207584 0.0344172
5.43 0.0165767 0.132608 -0.00567902 0.0175225
5.44 0.0306423 0.409506 0.0340397 0.0458001
5.45 0.0346422 0.202088 -0.0316881 0.046949
5.46 0.0123026 0.192606 -0.0119353 0.0171408
5.47 0.0285537 0.156464 -0.00549482 0.0290776
5.48 0.0247738 0.185705 0.0139267 0.02842
5.49 0.0359243 0.23683 -0.0183434 0.0403365
5.5 0.0199952 0.241639 -0.0048648 0.0205785
5.51 0.00906212 0.266092 0.0149881 0.0175147
5.52 0.0150463 0.307383 0.00154226 0.0151251
5.53 0.0286268 0.218842 0.0014312 0.0286625
