0 -0.0132339 0.0302749 0.0198743 0.0238773
0.01 -0.0194494 -0.0325081 -0.00723565 0.0207517
0.02 -0.0075153 -0.0173355 0.00672339 0.0100838
0.03 -0.024859 -0.0334747 -0.000672247 0.0248681
0.04 -0.015218 -0.0930404 -0.0259805 0.0301093
0.05 -0.0154146 -0.110687 -0.0395818 0.0424774
0.06 -0.0121392 -0.0150154 0.00682985 0.0139286
0.07 -0.0234812 -0.0254779 0.000185302 0.023482
0.08 -0.011874 0.0163096 0.000405673 0.0118809
0.09 -0.0232091 -0.0441646 -0.0323003 0.039774
0.1 -0.00864034 -0.0390722 -0.019495 0.0213239
0.11 -0.0155583 -0.0797434 -0.0133559 0.0205047
0.12 -0.0165468 0.00146529 -7.97996e-05 0.016547
0.13 -0.000669627 -0.00402765 -0.0259538 0.0259624
0.14 -0.0142712 -0.143057 0.00617813 0.0155511
0.15 -0.0189382 -0.104 0.00627044 0.0199493
0.16 -0.0231233 -0.0660181 -0.0323051 0.0397279
0.17 -0.0141669 0.0802586 -0.0320646 0.0350548
0.18 -0.00745829 -0.08896 -0.019683 0.0210487
0.19 -0.0245154 -0.0161431 -0.0321545 0.0404341
0.2 -6.43268e-05 -0.124604 -0.0459669 0.0459669
0.21 -0.00970682 -0.0247794 -0.0583554 0.0591572
0.22 0.00787269 0.00463931 -0.0133535 0.0155015
0.23 -0.0120763 0.0698544 0.0200218 0.0233818
0.24 -0.00324978 -0.100284 -0.000394329 0.00327361
0.25 0.00103562 -0.0720323 -0.000160618 0.001048
0.26 -0.0181592 -0.0868563 0.00647811 0.0192801
0.27 -0.0146842 -0.133668 0.0188772 0.023916
0.28 -0.0122715 -0.0240018 0.00675334 0.014007
0.29 -0.0192516 -0.0283765 -0.0193716 0.0273109
0.3 -0.0183724 -0.140138 0.0316344 0.0365825
0.31 -0.0121518 0.0345021 0.00600282 0.0135536
0.32 -0.00857464 0.0321027 0.0193518 0.0211664
0.33 0.0067847 -0.00806941 -0.0138513 0.0154237
0.34 -0.0119842 0.0473351 0.0330332 0.0351399
0.35 -0.0317581 -0.0430591 -0.00628661 0.0323743
0.36 -0.0164839 -0.0162581 -0.0259066 0.0307062
0.37 -0.00469996 -0.00518802 0.0119465 0.0128378
0.38 0.00637452 0.0811308 -0.0132499 0.0147036
0.39 -0.00841175 0.0499867 -0.0259552 0.0272842
0.4 0.000376588 -0.0532913 -0.0199188 0.0199224
0.41 -0.0051164 0.0301306 -0.013171 0.0141299
0.42 -0.015765 -0.075039 -0.0195776 0.025136
0.43 -0.0120513 -0.0635743 -0.0385854 0.0404236
0.44 0.00934798 -0.0680638 0.0383654 0.0394878
0.45 -0.0155096 0.00531941 -0.0066367 0.0168699
0.46 -0.0193759 -0.0502427 -0.019412 0.0274272
0.47 -0.00867398 -0.025803 -0.0324745 0.033613
0.48 -0.0124988 0.012494 -0.00660976 0.014139
0.49 -0.00716441 -0.0757833 0.0193107 0.0205969
0.5 -0.00628646 -0.080366 -0.0265216 0.0272564
0.51 -0.00460268 -0.00571328 0.00649706 0.00796218
0.52 -0.0198975 -0.0498857 -0.0129237 0.0237262
0.53 -0.00742824 0.00917849 -0.0194707 0.0208395
0.54 -0.0235099 0.0631947 0.00100032 0.0235312
0.55 -0.0076152 -0.00864013 0.00682956 0.0102291
0.56 -0.00758758 -0.0929253 0.00525952 0.00923222
0.57 -0.0110471 -0.0694312 0.0258612 0.0281219
0.58 -0.0029319 -0.0200497 -0.0195005 0.0197197
0.59 -0.00999128 0.0154216 -0.0263008 0.0281347
0.6 -0.000303494 0.0677851 -0.0257241 0.0257259
0.61 -0.011728 -0.0550324 0.0129917 0.0175022
0.62 -0.00412349 -0.0105287 -0.0192902 0.019726
0.63 -0.00527972 0.0699216 -0.0189507 0.0196724
0.64 -0.00498163 0.0612534 0.0259002 0.0263749
0.65 -0.0163415 0.0501905 0.0132594 0.0210441
0.66 -0.0154422 -0.0436975 -0.000589523 0.0154534
0.67 -0.011883 -0.0374296 0.032143 0.0342692
0.68 -0.011873 -0.050653 0.0512569 0.052614
0.69 -0.0195347 -0.0549173 -0.0381377 0.0428496
0.7 -0.00942825 0.0861437 0.0133039 0.016306
0.71 -0.0266652 -0.0503431 -0.0195753 0.033079
0.72 -0.0228126 -0.0797612 -0.00711509 0.0238965
0.73 -0.000777015 -0.0345818 -0.0202416 0.0202565
0.74 -0.0252715 -0.202991 -0.00735298 0.0263195
0.75 0.00675432 -0.00359514 -0.000181027 0.00675675
0.76 -0.025136 -0.220891 -0.00129801 0.0251695
0.77 -0.0206512 -0.0271798 -0.0127418 0.0242657
0.78 -0.0240874 -0.0166214 -0.0453157 0.0513197
0.79 -0.0155931 -0.070539 -0.0195203 0.0249837
0.8 -0.00167938 -0.00323 -0.00657552 0.00678658
0.81 -0.0179928 -0.225659 -0.0133871 0.0224267
0.82 0.000666291 -0.0624111 0.00633642 0.00637136
0.83 -0.0122313 0.00750379 -0.00618159 0.0137046
0.84 -0.0128698 0.00372134 0.0065833 0.0144559
0.85 -0.021983 -0.156517 -0.012621 0.0253484
0.86 0.00387686 -0.0376134 -0.0134687 0.0140155
0.87 -0.0174831 0.0288101 0.0128879 0.02172
0.88 -0.00777466 -0.0889003 -0.0328673 0.0337744
0.89 -0.0033373 -0.0422773 0.0190085 0.0192992
0.9 -0.00462099 -0.010237 0.00620731 0.00773849
0.91 -0.00758475 -0.0440452 -0.0191799 0.0206251
0.92 -0.0186282 -0.0642954 -0.0451286 0.0488222
0.93 -0.00703256 -0.102628 0.00604749 0.00927519
0.94 -0.0159847 0.0591559 -0.00640635 0.0172207
0.95 -0.0113964 -0.131035 -0.0206427 0.0235796
0.96 -0.0188202 -0.0506778 0.00675571 0.019996
0.97 -0.0113021 -0.0685391 0.0124692 0.0168291
0.98 -0.00879928 0.0190917 -0.00683535 0.0111422
0.99 -0.0201931 -0.0458056 0.0195105 0.0280789
1 -0.0041945 0.00281935 -0.00635767 0.00761668
1.01 -0.0227113 -0.0928636 0.0186717 0.0294013
1.02 -0.00559039 0.13315 -0.00617998 0.00833334
1.03 -0.0156165 -0.0348235 0.0262049 0.0305053
1.04 -0.0116721 -0.0507682 0.0387608 0.0404801
1.05 -0.00987452 0.0194 -0.00632265 0.0117253
1.06 -0.0111712 -0.0287629 0.0260043 0.0283023
1.07 -0.00453171 -0.0417011 -9.94859e-05 0.0045328
1.08 -0.0196418 -0.0147859 -0.0124468 0.0232535
1.09 -0.0155942 -0.00377813 0.00616177 0.0167674
1.1 -0.0240167 -0.0208627 -0.00661807 0.0249119
1.11 -0.0134699 0.00392472 -0.0133842 0.0189888
1.12 -0.0157612 -0.0169111 0.00650132 0.0170494
1.13 -0.013862 0.00432339 -0.0261351 0.0295838
1.14 -0.00894289 0.0326167 -0.0257845 0.0272913
1.15 -0.00806278 -0.0125253 -0.00654947 0.0103877
1.16 -0.0117992 -0.0415036 -0.025468 0.0280685
1.17 -0.0188034 -0.0820053 0.0188468 0.0266227
1.18 -0.00461266 0.00751012 -0.0126168 0.0134335
1.19 -0.00791238 -0.0350268 0.0318711 0.0328386
1.2 0.000679805 -0.0626053 0.0128091 0.0128271
1.21 -0.000575115 -0.00815362 -0.0196416 0.01965
1.22 -0.0101716 -0.0832796 0.0132223 0.016682
1.23 -0.0313646 -0.0742476 -0.00699175 0.0321344
1.24 -0.0180699 -0.0691576 0.0320724 0.0368125
1.25 -0.0120103 -0.0415369 -0.000369345 0.012016
1.26 -0.0255056 -0.140565 3.78969e-05 0.0255056
1.27 -0.0275249 -0.0902592 -0.00646945 0.028275
1.28 -0.0191472 -0.0683656 0.0123936 0.0228083
1.29 -0.027666 -0.0234672 -0.0506131 0.0576809
1.3 -0.00857562 0.00555924 0.00625578 0.0106149
1.31 -0.000779782 -0.0171437 -0.000207626 0.00080695
1.32 -0.00049013 -0.0526462 -0.0133046 0.0133136
1.33 -0.0316142 -0.0565632 -0.012476 0.0339869
1.34 -0.00338288 -0.0424889 6.95184e-05 0.0033836
1.35 -0.0145941 -0.0358148 0.0132961 0.0197427
1.36 -0.0153209 -0.070671 -0.0263875 0.0305128
1.37 -0.0166162 -0.0252444 -0.0259856 0.030844
1.38 -0.00701605 -0.0805054 0.000120071 0.00701708
1.39 -0.012133 -0.063727 -0.00647123 0.0137509
1.4 -0.0155332 0.00522499 0.00061202 0.0155452
1.41 -0.00860669 0.00122928 -0.00050728 0.00862163
1.42 -0.0129242 0.0393529 -0.012667 0.0180966
1.43 -0.00464049 0.0121053 0.0250776 0.0255033
1.44 -0.0140376 -0.0895197 0.00609009 0.0153017
1.45 -0.0131165 -0.0229188 -0.0129557 0.0184362
1.46 -0.0226994 -0.0793829 0.0246286 0.0334937
1.47 -0.0125877 0.0797889 0.0130324 0.0181188
1.48 -0.00434825 -0.0105288 0.025593 0.0259598
1.49 -0.0187145 -0.0105148 -0.0512244 0.054536
1.5 -0.0113645 -0.0240721 -0.0251381 0.0275876
1.51 -0.00936767 0.0117866 -0.325894 0.326029
1.52 0.0729313 -0.0677806 -1.25674 1.25885
1.53 0.196538 -0.0635282 -1.47631 1.48933
1.54 0.282864 -0.0866317 -1.26298 1.29427
1.55 0.343306 -0.169307 -1.00274 1.05988
1.56 0.364075 -0.284923 -0.965636 1.03199
1.57 0.326811 -0.305172 -1.3852 1.42323
1.58 0.268085 -0.386868 -2.05578 2.07318
1.59 0.207188 -0.449286 -2.70053 2.70847
1.6 0.19965 -0.358069 -3.11329 3.11968
1.61 0.263344 -0.373527 -3.40664 3.4168
1.62 0.345329 -0.360349 -3.63511 3.65148
1.63 0.393056 -0.419239 -4.10252 4.1213
1.64 0.467356 -0.492887 -4.70727 4.73041
1.65 0.484202 -0.595663 -5.38036 5.4021
1.66 0.512484 -0.554423 -5.75742 5.78018
1.67 0.562533 -0.528036 -5.88113 5.90797
1.68 0.643296 -0.734111 -6.03938 6.07355
1.69 0.694565 -0.712471 -6.25349 6.29195
1.7 0.747456 -0.530338 -6.50432 6.54712
1.71 0.768862 -0.534629 -6.74807 6.79173
1.72 0.78212 -0.453704 -6.94621 6.9901
1.73 0.782229 -0.435518 -7.25504 7.29709
1.74 0.798246 -0.510852 -7.69558 7.73687
1.75 0.803076 -0.642295 -8.11124 8.1509
1.76 0.802635 -0.667856 -8.46141 8.4994
1.77 0.798256 -0.482883 -8.62831 8.66516
1.78 0.826628 -0.577108 -8.79623 8.83498
1.79 0.889329 -0.603054 -8.97282 9.01678
1.8 0.966361 -0.619004 -9.21002 9.26058
1.81 1.02755 -0.660925 -9.53678 9.59198
1.82 1.11022 -0.808808 -9.8981 9.96017
1.83 1.18392 -0.82206 -10.2188 10.2871
1.84 1.24039 -1.03485 -10.4549 10.5282
1.85 1.28406 -0.842838 -10.7223 10.7989
1.86 1.30151 -0.911335 -11.0082 11.0848
1.87 1.35179 -0.95002 -11.2813 11.362
1.88 1.33966 -0.973149 -11.4617 11.5397
1.89 1.34772 -1.07066 -11.6358 11.7136
1.9 1.34975 -1.05388 -11.8417 11.9184
1.91 1.35132 -0.924684 -12.0142 12.09
1.92 1.36533 -0.93244 -12.2272 12.3032
1.93 1.32119 -0.980459 -12.4396 12.5095
1.94 1.30735 -0.84715 -12.586 12.6537
1.95 1.29811 -0.815615 -12.6033 12.6699
1.96 1.28723 -0.72112 -12.5956 12.6612
1.97 1.28408 -0.577886 -12.6338 12.6989
1.98 1.3173 -0.803305 -12.8759 12.9431
1.99 1.37187 -0.800767 -13.0274 13.0995
2 1.41248 -0.790464 -12.9769 13.0536
2.01 1.47434 -0.940561 -12.901 12.985
2.02 1.44936 -0.757281 -12.7952 12.8771
2.03 1.44563 -0.818942 -12.9272 13.0078
2.04 1.48991 -0.970643 -13.3144 13.3975
2.05 1.57122 -1.05138 -13.5672 13.6579
2.06 1.67058 -1.19185 -13.6834 13.785
2.07 1.72309 -1.16265 -13.6072 13.7159
2.08 1.72386 -1.19201 -13.6376 13.7461
2.09 1.70444 -1.06009 -13.798 13.9029
2.1 1.69963 -1.07409 -13.9525 14.0556
2.11 1.67723 -1.06466 -14.049 14.1487
2.12 1.66496 -1.0077 -14.0404 14.1388
2.13 1.65622 -1.05141 -14.137 14.2336
2.14 1.66343 -1.09474 -14.3768 14.4727
2.15 1.68613 -1.05043 -14.3064 14.4054
2.16 1.53216 -0.458237 -10.2493 10.3632
2.17 1.41463 -0.33172 -6.0422 6.2056
2.18 1.72406 -1.67482 -17.1703 17.2567
2.19 0.83457 -1.13007 -21.0626 21.0791
2.2 1.17363 -1.41851 -18.3169 18.3545
2.21 1.79796 -0.489911 -12.8662 12.9912
2.22 1.99116 -0.917594 -11.0929 11.2701
2.23 2.1879 -1.5801 -11.2763 11.4866
2.24 1.93831 -1.58218 -11.2737 11.4391
2.25 1.84364 -1.78969 -10.3262 10.4895
2.26 1.37706 -1.22505 -8.95499 9.06025
2.27 0.994635 -0.818672 -7.31252 7.37985
2.28 0.744495 -0.613877 -5.69985 5.74826
2.29 0.580368 -0.416007 -4.74993 4.78526
2.3 0.329879 -0.386635 -3.80255 3.81684
2.31 0.0751517 -0.199901 -3.00302 3.00396
2.32 -0.104046 -0.06303 -2.20282 2.20528
2.33 -0.20921 0.0902689 -1.30935 1.32596
2.34 -0.266868 0.196078 -0.494891 0.562259
2.35 -0.290211 0.324519 0.00588503 0.290271
2.36 -0.0392581 0.0777137 0.0352417 0.0527558
2.37 -0.0278616 -0.0360723 -0.0643357 0.0701096
2.38 -0.00389931 -0.0638162 -0.0138362 0.0143752
2.39 -0.00764411 -0.133181 -0.00759391 0.010775
2.4 -0.0200219 -0.00515331 -0.019599 0.0280178
2.41 -0.00570268 -0.0273546 -0.0269675 0.0275639
2.42 -0.00529567 -0.0455266 -0.0266654 0.0271861
2.43 -0.0196727 0.00742805 -0.00611062 0.0205999
2.44 -0.0209355 0.00375322 -0.00606702 0.0217969
2.45 -0.0242298 -0.0207134 0.0256614 0.035293
2.46 -0.0123119 -0.023258 -0.0389182 0.0408192
2.47 -0.0158064 -0.0303142 -0.0321141 0.0357932
2.48 -0.0154272 -0.0839495 -0.0329559 0.036388
2.49 -0.0271787 -0.148204 -0.0392122 0.0477103
2.5 -0.00793306 -0.0126644 0.0256029 0.0268037
2.51 -0.0192048 -0.0951066 0.0252775 0.0317455
2.52 -0.00484124 -0.0279781 -0.000148433 0.00484352
2.53 -0.00745449 -0.0534718 0.0127313 0.0147531
2.54 -0.027163 -0.0273921 -0.0255555 0.037295
2.55 -0.0158265 -0.110745 -0.000870871 0.0158505
2.56 -0.0338666 -0.00134774 -0.0453255 0.0565805
2.57 -0.0222942 0.0897026 -0.0124274 0.0255239
2.58 -0.0233573 -0.0436676 0.0199591 0.0307235
2.59 -0.0194693 -0.0505448 0.0253048 0.0319278
2.6 -0.0126554 0.0034118 0.00056053 0.0126678
2.61 -0.0176594 0.0780628 0.0260121 0.0314402
2.62 -0.0134047 0.0843871 0.0257038 0.0289892
2.63 -0.0133817 -0.0448149 -0.00740727 0.015295
2.64 -0.0156829 -0.0616952 -0.032016 0.0356508
2.65 -0.00365119 0.00255845 0.0384778 0.0386506
2.66 -0.027743 -0.00963406 0.00069864 0.0277518
2.67 -0.0300698 -0.169017 0.0120974 0.032412
2.68 -0.00817873 0.00987863 0.0128238 0.01521
2.69 -0.019756 -0.00998061 0.0131462 0.0237302
2.7 -0.0197162 0.0788582 0.0267659 0.0332437
2.71 -0.0130224 0.0529282 0.0135764 0.0188122
2.72 -0.0154924 -0.177924 -0.0392105 0.0421601
2.73 -0.0191546 -0.139523 -0.00104403 0.019183
2.74 -0.015721 -0.0080452 -9.75706e-05 0.0157213
2.75 -0.0136876 0.120381 0.00712051 0.0154289
2.76 -0.0115131 -0.0553614 0.0321068 0.0341087
2.77 -0.0170089 0.0417554 0.013201 0.0215306
2.78 -0.0240978 -0.0341861 -0.0193182 0.0308852
2.79 -0.00783062 -0.0348741 -0.0002431 0.00783439
2.8 -0.0177456 -0.0158681 -0.0326807 0.0371878
2.81 -0.0354433 -0.0272118 -0.00592697 0.0359355
2.82 -0.0228067 0.0278142 -0.0198414 0.0302295
2.83 -0.0280288 0.0307272 0.00650021 0.0287726
2.84 -0.0170828 0.0554264 0.0321951 0.0364465
2.85 -0.0296452 0.0138399 0.0258495 0.0393324
2.86 -0.0209209 -0.0713934 0.0052067 0.021559
2.87 -0.00802297 -0.0171924 0.0448229 0.0455352
2.88 -0.0101778 0.0643647 0.0256833 0.0276264
2.89 -0.0116484 -0.0281743 0.0262905 0.0287554
2.9 -0.00923624 0.054929 0.0262091 0.027789
2.91 -0.0240136 -0.0210246 -0.0389325 0.0457427
2.92 -0.0155511 -0.0566321 -0.0262355 0.0304982
2.93 -0.0158955 -0.101624 -0.0134369 0.0208139
2.94 -0.012161 -0.0099286 0.0128428 0.0176869
2.95 -0.016828 -0.0161512 0.025609 0.0306432
2.96 -0.0159719 -0.0610668 -0.000418827 0.0159773
2.97 -0.0169422 0.0595202 0.0197886 0.0260504
2.98 -0.0133661 0.0533572 0.0125854 0.0183588
2.99 -0.0187546 -0.082096 0.00658322 0.0198764
3 -0.0119452 -0.0636677 -0.000301311 0.011949
3.01 -0.0205068 -0.00895964 -0.00706838 0.0216908
3.02 -0.00582125 -0.308131 0.0307539 0.0313
3.03 -0.00214887 0.0194735 -0.00072673 0.00226843
3.04 -0.00509006 -0.00527318 0.019387 0.0200441
3.05 -0.0395618 -0.00227234 0.0323363 0.0510957
3.06 -0.0100805 0.16269 0.0135624 0.0168984
3.07 -0.023192 -0.0569165 -0.0197325 0.0304506
3.08 -0.00446245 -0.0321063 0.0118313 0.0126449
3.09 -0.0282065 0.0708748 0.0265617 0.0387444
3.1 -0.018587 0.020542 0.00627812 0.0196187
3.11 -0.0139801 0.146939 0.000901753 0.0140091
3.12 -0.0277441 -0.00965453 0.0258372 0.0379117
3.13 -0.029001 0.0757487 -0.0194077 0.0348958
3.14 -0.00680677 -0.16959 0.0120179 0.0138116
3.15 -0.017965 0.0022021 -0.000559978 0.0179737
3.16 -0.00467846 0.0255565 0.019274 0.0198337
3.17 -0.00852889 -0.0210952 0.00603156 0.0104461
3.18 -0.00442543 0.0477878 0.00613846 0.00756738
3.19 -0.0185263 -0.11341 0.0187124 0.0263321
3.2 -0.0130157 -0.00507077 3.415e-05 0.0130157
3.21 -0.00552074 0.0129445 0.0252167 0.0258139
3.22 -0.0117429 -0.0146194 0.0191019 0.0224227
3.23 -0.0148096 -0.142204 0.0373963 0.040222
3.24 -0.0303894 -0.132803 0.018315 0.0354818
3.25 -0.0196276 -0.0366436 0.00706136 0.0208592
3.26 -0.0171589 0.0642372 -8.41065e-05 0.0171591
3.27 -0.0127441 -0.0452778 0.0380371 0.0401153
3.28 -0.00203655 0.113197 0.0195205 0.0196264
3.29 -0.0147784 -0.0844434 0.0512788 0.0533659
3.3 -0.0134197 0.012778 -0.00633204 0.0148386
3.31 -0.0266447 -0.188671 -0.0206106 0.0336859
3.32 -0.0200131 0.00848928 0.0186724 0.0273712
3.33 -0.0109346 -0.0822246 0.0127906 0.0168275
3.34 -0.0292687 0.0314149 -0.0254834 0.038808
3.35 -0.00540715 0.0174267 -0.000135154 0.00540884
3.36 -0.00415498 -0.144196 -0.00163791 0.00446616
3.37 -0.0246121 0.0465959 0.0259875 0.0357926
3.38 -0.0165072 -0.00302113 -9.89961e-05 0.0165075
3.39 -0.00196914 0.0641802 0.0255645 0.0256403
3.4 -0.0148503 -0.106907 0.0257356 0.0297128
3.41 -0.0236993 -0.0476265 0.0197231 0.0308327
3.42 -0.0162347 -0.0966382 0.00564532 0.0171882
3.43 -0.00756169 -0.070654 -0.0132723 0.0152752
3.44 -0.00950645 0.00177108 0.0248413 0.0265981
3.45 -0.019278 -0.0415006 0.00051578 0.0192848
3.46 -0.0128112 -0.00536768 -0.0196403 0.0234493
3.47 -0.0217278 0.0895576 2.08912e-05 0.0217278
3.48 -0.0276204 -0.0408742 -0.000318313 0.0276223
3.49 -0.0168814 0.0460237 0.0194579 0.0257603
3.5 -0.021614 -0.0620033 -0.0463317 0.0511253
3.51 -0.0155411 0.000668972 0.0391094 0.0420841
3.52 -0.0241139 -0.0204776 -5.10511e-05 0.0241139
3.53 -0.0206739 -0.000590678 0.00648855 0.0216682
